(batch:
Nodes
10
86
1
1
32
32
1
1
1
1
5
5
1
5
10
6
32
10
86
64
5
1
92
1000
512
16
10
1
30
1
14
10
80
22
10
10
10
10
10
92
1
1
1
92
57
1260
512
86
5
10
10
10
1
1
1
1
1
1
1
2
4
2
10
8
10
64
32
2
92
1
16
16
16
1
1
--------------------------------------------------------
Nodes
1
4096
1024
1088
1100
924
1024
1024
1024
1024
2000
1200
2000
2000
2000
128
50
256
532
300
300
128
256
256
64
50
64
64
128
10
128
512
256
100
44
40
88
44
54
88
10
10
10
10
43
43
3072
48
30
384
1049
1240
1240
1240
1240
1108
1024
80
50
46
80
80
50
50
50
50
25
1049
--------------------------------------------------------
Nodes
92
1
1
1
1
1
1
1
1
1
3000
4600
1
3000
2000
1024
990
1030
2000
2000
2000
2000
2000
2000
2000
2048
1000
126
512
128
128
128
1
144
144
256
1
1
1
1
2
2
2
2
1
1
1
1
1
1
1
1
1
1
48
144
1
1
1
16
1
1
1
1
1
1
1
1
1
1
1
1
1
512
1
1
1
1
1
12
13
13
13
13
13
13
13
13
13
13
13
13
13
13
13
13
13
13
13
13
13
13
13
13
13
13
13
13
13
13
13
13
13
13
13
13
13
13
13
13
13
13
13
13
13
13
13
13
13
13
13
13
13
13
13
13
13
13
13
13
13
13
13
13
13
13
13
10
10
10
10
512
512
512
10
10
10
10
10
10
10
10
10
10
5
5
5
5
5
5
5
5
10
10
10
10
10
10
10
10
10
10
10
10
10
10
10
10
10
10
10
10
10
10
10
10
512
512
64
16
16
16
10
10
10
10
10
10
10
10
10
10
10
10
10
10
10
10
10
10
10
10
10
50
50
50
50
50
50
50
50
50
50
50
50
50
50
50
50
50
50
50
50
50
50
50
50
50
50
50
50
50
50
50
50
50
50
50
50
50
50
50
50
50
50
50
50
50
50
50
50
10
10
10
256
512
512
512
128
64
64
16
16
16
128
16
32
30
30
30
30
30
30
30
30
30
30
30
30
30
30
30
30
30
30
30
30
30
30
30
30
30
30
30
30
30
30
30
30
30
30
30
30
30
30
30
30
30
30
30
30
30
30
30
30
30
30
30
30
30
30
30
30
30
30
30
30
30
30
30
30
30
30
30
30
30
30
30
30
30
30
30
30
30
30
30
30
30
30
30
30
30
30
30
30
30
30
30
30
30
30
30
30
128
128
128
128
128
30
30
30
30
30
30
30
30
30
30
30
30
30
30
30
30
30
6
6
14
14
14
14
14
14
14
14
8
8
8
8
8
5
5
5
5
5
5
128
128
1
1
2
2
128
1
1
25
1
128
64
18
25
25
25
27
1
128
128
1
128
1
1
1
1
1
1
1
1
1
1
1
1
1
1
1
1
1
1
1
1
1
1
1
1
1
1
1
1
1
1
1
1
1
1
1
1
1
1
1
1
1
1
1
1
1
1
2
2
2
2
4
4
4
2
2
2
2
2
2
1
1
1
1
1
1
1
1
1
1
1
1
1
1
1
1
1
1
1
1
1
1
1
1
1
1
1
1
1
1
1
16
10
10
1
1
1
1
1
10
200
22
10
10
10
1
1
1
1
1
1
1
1
1
1
1
1
1
1
1
1
1
1
108
108
108
108
108
108
108
108
108
108
1
1
1
1
1
1
1
1
1
1
1
1
1
1
1
16
16
16
16
16
10
10
10
10
10
10
10
10
10
10
10
10
10
10
10
10
10
10
10
10
10
10
10
10
10
10
10
10
10
10
10
10
10
10
10
10
10
10
10
10
10
10
10
10
10
10
10
10
10
10
10
10
10
10
10
10
10
10
10
10
10
10
10
10
10
10
10
10
10
10
10
10
10
10
10
10
10
10
10
10
10
10
10
1
1
1
1
1
1
1
1
1
1
1
1
1
1
1
1
1
16
16
16
16
16
16
16
16
16
16
16
128
1
1
1
1
1
1
1
1
1
1
1
1
1
1088
64
512
64
64
64
64
64
64
64
64
64
64
64
64
64
64
64
64
64
64
64
64
64
64
64
64
64
64
64
64
64
64
64
64
50
50
50
64
64
64
70
512
70
70
70
70
70
70
70
70
70
70
70
70
70
70
70
25
150
50
100
50
100
100
100
100
100
100
150
150
150
150
50
50
50
50
50
25
50
50
50
100
100
100
100
100
100
100
100
100
150
150
150
150
150
50
50
50
100
100
100
150
150
50
1
1
4120
4120
4120
4096
4602
4120
4120
4602
4602
4602
4602
4602
4602
4602
4602
4602
4602
4602
4602
4602
4602
4602
4096
4096
4096
2048
1000
2048
2048
2048
30
1
1
512
512
512
512
1
1
1
1
1
1
1
30
30
258
1
