 0.03562  0.00000      nan
 0.10686  0.00000      nan
 0.17810  0.00000      nan
 0.24934  0.00000      nan
 0.32059  0.00000      nan
 0.39183  0.00000      nan
 0.46307  0.00000      nan
 0.53431  0.00000      nan
 0.60555  0.00000      nan
 0.67679  0.00000      nan
 0.74803  0.00000      nan
 0.81927  0.00000      nan
 0.89051  0.00000      nan
 0.96176  0.00000      nan
 1.03300  0.00000      nan
 1.10424  0.00000      nan
 1.17548  0.00000      nan
 1.24672  0.00000      nan
 1.31796  0.00000      nan
 1.38920  0.00000      nan
 1.46044  0.00000      nan
 1.53169  0.00000      nan
 1.60293  0.00000      nan
 1.67417  0.00000      nan
 1.74541  0.00000      nan
 1.81665  0.00000      nan
 1.88789  0.00000      nan
 1.95913  0.00000      nan
 2.03037  0.00000      nan
 2.10162  0.00000      nan
 2.17286  0.00000      nan
 2.24410  0.00000      nan
 2.31534  0.00000      nan
 2.38658  0.00000      nan
 2.45782  0.00000      nan
 2.52906  0.00134  0.00036
 2.60030  0.01301  0.00101
 2.67154  0.08647  0.00307
 2.74279  0.37813  0.00829
 2.81403  0.96689  0.01606
 2.88527  1.68882  0.02386
 2.95651  2.27579  0.02918
 3.02775  2.49757  0.02926
 3.09899  2.50735  0.02859
 3.17023  2.40036  0.02694
 3.24147  2.28999  0.02597
 3.31272  2.15410  0.02379
 3.38396  2.07396  0.02362
 3.45520  1.99251  0.02238
 3.52644  1.90601  0.02164
 3.59768  1.85713  0.02148
 3.66892  1.79005  0.02034
 3.74016  1.78514  0.02034
 3.81140  1.78249  0.01963
 3.88264  1.78850  0.01973
 3.95389  1.79478  0.01922
 4.02513  1.82994  0.01888
 4.09637  1.89713  0.01891
 4.16761  1.95589  0.01942
 4.23885  2.06597  0.02013
 4.31009  2.14193  0.01970
 4.38133  2.24363  0.01985
 4.45257  2.31249  0.02059
 4.52382  2.33388  0.02005
 4.59506  2.36274  0.02036
 4.66630  2.36006  0.01938
 4.73754  2.37952  0.01995
 4.80878  2.41064  0.01977
 4.88002  2.47317  0.01989
 4.95126  2.52492  0.02003
 5.02250  2.56542  0.01998
 5.09375  2.56003  0.01995
 5.16499  2.50437  0.01883
 5.23623  2.40958  0.01818
 5.30747  2.30359  0.01730
 5.37871  2.20202  0.01619
 5.44995  2.08946  0.01583
 5.52119  1.97133  0.01503
 5.59243  1.87674  0.01390
 5.66367  1.81254  0.01374
 5.73492  1.73624  0.01318
 5.80616  1.67109  0.01271
 5.87740  1.62855  0.01218
 5.94864  1.58871  0.01206
 6.01988  1.55013  0.01171
 6.09112  1.52979  0.01164
 6.16236  1.52013  0.01162
 6.23360  1.50564  0.01151
 6.30485  1.50110  0.01136
 6.37609  1.49619  0.01105
 6.44733  1.49222  0.01108
 6.51857  1.49067  0.01083
 6.58981  1.48395  0.01077
 6.66105  1.46405  0.01079
 6.73229  1.43992  0.01043
 6.80353  1.41592  0.01030
 6.87477  1.38957  0.01006
 6.94602  1.36310  0.00980
 7.01726  1.33571  0.00980
 7.08850  1.30513  0.00956
 7.15974  1.27990  0.00951
 7.23098  1.26221  0.00931
 7.30222  1.21471  0.00907
 7.37346  1.19109  0.00903
 7.44470  1.16441  0.00890
 7.51595  1.12656  0.00863
 7.58719  1.10215  0.00840
 7.65843  1.07350  0.00833
 7.72967  1.05707  0.00839
 7.80091  1.03906  0.00822
 7.87215  1.02839  0.00804
 7.94339  1.01283  0.00803
 8.01463  1.00226  0.00787
 8.08588  0.99462  0.00794
 8.15712  0.98534  0.00799
 8.22836  0.98065  0.00780
 8.29960  0.97390  0.00763
 8.37084  0.97092  0.00771
 8.44208  0.97173  0.00746
 8.51332  0.96778  0.00740
 8.58456  0.96703  0.00737
 8.65580  0.97048  0.00739
 8.72705  0.97521  0.00722
 8.79829  0.97337  0.00723
 8.86953  0.97485  0.00720
 8.94077  0.97869  0.00719
 9.01201  0.97762  0.00700
 9.08325  0.98372  0.00698
 9.15449  0.98433  0.00699
 9.22573  0.98611  0.00691
 9.29698  0.98778  0.00685
 9.36822  0.99062  0.00667
 9.43946  0.98542  0.00673
 9.51070  0.98337  0.00654
 9.58194  0.98673  0.00641
 9.65318  0.98210  0.00643
 9.72442  0.97783  0.00651
 9.79566  0.98118  0.00631
 9.86690  0.97470  0.00618
 9.93815  0.97368  0.00615
10.00939  0.97605  0.00603
10.08063  0.96805  0.00612
10.15187  0.97301  0.00602
10.22311  0.97079  0.00591
10.29435  0.97012  0.00580
10.36559  0.97184  0.00585
10.43683  0.97276  0.00583
10.50808  0.96902  0.00569
10.57932  0.97331  0.00568
10.65056  0.97724  0.00578
10.72180  0.97359  0.00546
10.79304  0.97325  0.00556
10.86428  0.97603  0.00552
10.93552  0.97871  0.00555
11.00676  0.97945  0.00538
11.07801  0.98518  0.00550
11.14925  0.97945  0.00523
11.22049  0.98271  0.00533
11.29173  0.98501  0.00528
11.36297  0.98337  0.00529
11.43421  0.98713  0.00526
11.50545  0.98503  0.00526
11.57669  0.98702  0.00536
11.64793  0.98818  0.00530
11.71918  0.98890  0.00514
11.79042  0.98533  0.00515
11.86166  0.98595  0.00517
11.93290  0.98724  0.00504
12.00414  0.98488  0.00505
12.07538  0.98934  0.00510
12.14662  0.98709  0.00507
12.21786  0.99063  0.00498
12.28911  0.98698  0.00502
12.36035  0.99039  0.00495
12.43159  0.98785  0.00494
12.50283  0.98574  0.00495
12.57407  0.98734  0.00493
12.64531  0.98395  0.00489
12.71655  0.98829  0.00489
12.78779  0.98594  0.00493
12.85903  0.98624  0.00490
12.93028  0.98749  0.00489
13.00152  0.98785  0.00489
13.07276  0.98759  0.00480
13.14400  0.98704  0.00465
13.21524  0.98979  0.00484
13.28648  0.99001  0.00477
13.35772  0.99072  0.00472
13.42896  0.98938  0.00461
13.50021  0.98755  0.00467
13.57145  0.98556  0.00454
13.64269  0.98452  0.00465
13.71393  0.98713  0.00461
13.78517  0.98694  0.00461
13.85641  0.98954  0.00460
13.92765  0.99075  0.00458
13.99889  0.98449  0.00451
14.07014  0.98451  0.00463
14.14138  0.98899  0.00460
14.21262  0.98444  0.00449
14.28386  0.98584  0.00448
14.35510  0.98902  0.00448
14.42634  0.98346  0.00446
14.49758  0.98426  0.00433
14.56882  0.98513  0.00445
14.64006  0.98521  0.00447
14.71131  0.98296  0.00435
14.78255  0.98154  0.00431
14.85379  0.98566  0.00437
14.92503  0.98551  0.00426
14.99627  0.98452  0.00429
15.06751  0.98550  0.00435
15.13875  0.98723  0.00424
15.20999  0.98469  0.00430
15.28124  0.98800  0.00428
15.35248  0.98889  0.00428
15.42372  0.98720  0.00414
15.49496  0.98962  0.00412
15.56620  0.98960  0.00405
15.63744  0.98740  0.00401
15.70868  0.98768  0.00399
15.77992  0.98883  0.00394
15.85116  0.99128  0.00398
15.92241  0.99026  0.00395
15.99365  0.98946  0.00401
16.06489  0.98817  0.00399
16.13613  0.99108  0.00392
16.20737  0.98956  0.00385
16.27861  0.98813  0.00380
16.34985  0.99289  0.00385
16.42109  0.98900  0.00380
16.49234  0.99048  0.00372
16.56358  0.99171  0.00373
16.63482  0.99070  0.00365
16.70606  0.99293  0.00372
16.77730  0.99120  0.00371
16.84854  0.98760  0.00359
16.91978  0.99119  0.00359
16.99102  0.98764  0.00352
17.06227  0.98930  0.00355
17.13351  0.98814  0.00351
17.20475  0.98746  0.00355
17.27599  0.98897  0.00345
17.34723  0.98772  0.00345
17.41847  0.98882  0.00345
17.48971  0.99131  0.00339
17.56095  0.99018  0.00338
17.63219  0.99087  0.00341
17.70344  0.99345  0.00331
17.77468  0.99054  0.00331
17.84592  0.99021  0.00330
17.91716  0.99079  0.00330
17.98840  0.98880  0.00323
18.05964  0.98888  0.00320
18.13088  0.98733  0.00313
18.20212  0.99099  0.00328
18.27337  0.99076  0.00321
18.34461  0.99104  0.00324
18.41585  0.99312  0.00319
18.48709  0.99266  0.00315
18.55833  0.99336  0.00318
18.62957  0.99286  0.00313
18.70081  0.99343  0.00312
18.77205  0.99124  0.00311
18.84329  0.99243  0.00312
18.91454  0.99325  0.00306
18.98578  0.99162  0.00308
19.05702  0.99295  0.00304
19.12826  0.99197  0.00305
19.19950  0.99241  0.00304
19.27074  0.99415  0.00302
19.34198  0.99192  0.00294
19.41322  0.99179  0.00296
19.48447  0.99121  0.00294
19.55571  0.99043  0.00294
19.62695  0.99050  0.00290
19.69819  0.99144  0.00295
19.76943  0.98939  0.00284
19.84067  0.99021  0.00289
19.91191  0.98749  0.00289
19.98315  0.99023  0.00293
20.05440  0.98854  0.00278
20.12564  0.98906  0.00283
20.19688  0.98912  0.00291
20.26812  0.99016  0.00285
20.33936  0.98969  0.00284
20.41060  0.98984  0.00287
20.48184  0.98954  0.00288
20.55308  0.99069  0.00289
20.62432  0.98881  0.00293
20.69557  0.98846  0.00288
20.76681  0.99028  0.00296
20.83805  0.98850  0.00297
20.90929  0.98934  0.00298
20.98053  0.98889  0.00294
21.05177  0.98787  0.00294
21.12301  0.98941  0.00296
21.19425  0.98937  0.00292
21.26550  0.98714  0.00295
21.33674  0.98683  0.00297
