 0.03562  0.00000      nan
 0.10686  0.00000      nan
 0.17811  0.00000      nan
 0.24935  0.00000      nan
 0.32059  0.00000      nan
 0.39184  0.00000      nan
 0.46308  0.00000      nan
 0.53432  0.00000      nan
 0.60557  0.00000      nan
 0.67681  0.00000      nan
 0.74805  0.00000      nan
 0.81930  0.00000      nan
 0.89054  0.00000      nan
 0.96178  0.00000      nan
 1.03302  0.00000      nan
 1.10427  0.00000      nan
 1.17551  0.00000      nan
 1.24675  0.00000      nan
 1.31800  0.00000      nan
 1.38924  0.00000      nan
 1.46048  0.00000      nan
 1.53173  0.00000      nan
 1.60297  0.00000      nan
 1.67421  0.00000      nan
 1.74546  0.00000      nan
 1.81670  0.00000      nan
 1.88794  0.00000      nan
 1.95919  0.00000      nan
 2.03043  0.00000      nan
 2.10167  0.00000      nan
 2.17291  0.00000      nan
 2.24416  0.00000      nan
 2.31540  0.00000      nan
 2.38664  0.00000      nan
 2.45789  0.00000      nan
 2.52913  0.00000      nan
 2.60037  0.00000      nan
 2.67162  0.00000      nan
 2.74286  0.00000      nan
 2.81410  0.00000      nan
 2.88535  0.00000      nan
 2.95659  0.00000      nan
 3.02783  0.00000      nan
 3.09907  0.00068  0.00024
 3.17032  0.00366  0.00051
 3.24156  0.01455  0.00115
 3.31280  0.05729  0.00251
 3.38405  0.16319  0.00490
 3.45529  0.38722  0.00817
 3.52653  0.76202  0.01307
 3.59778  1.28787  0.01812
 3.66902  1.93911  0.02315
 3.74026  2.67046  0.02829
 3.81151  3.34550  0.03162
 3.88275  3.91163  0.03412
 3.95399  4.25876  0.03445
 4.02524  4.44140  0.03448
 4.09648  4.49089  0.03358
 4.16772  4.42941  0.03229
 4.23896  4.30802  0.03037
 4.31021  4.19686  0.02912
 4.38145  4.06953  0.02823
 4.45269  3.94206  0.02694
 4.52394  3.81370  0.02603
 4.59518  3.70753  0.02531
 4.66642  3.59953  0.02428
 4.73767  3.48807  0.02362
 4.80891  3.36469  0.02314
 4.88015  3.21919  0.02240
 4.95140  3.03302  0.02123
 5.02264  2.84198  0.02017
 5.09388  2.62202  0.01874
 5.16512  2.43703  0.01796
 5.23637  2.25626  0.01678
 5.30761  2.10391  0.01581
 5.37885  1.97336  0.01509
 5.45010  1.84295  0.01426
 5.52134  1.74525  0.01378
 5.59258  1.66856  0.01320
 5.66383  1.59078  0.01256
 5.73507  1.55111  0.01228
 5.80631  1.53118  0.01225
 5.87756  1.52701  0.01216
 5.94880  1.50820  0.01194
 6.02004  1.52147  0.01205
 6.09129  1.53251  0.01209
 6.16253  1.53997  0.01201
 6.23377  1.54454  0.01195
 6.30501  1.51940  0.01169
 6.37626  1.51016  0.01152
 6.44750  1.49619  0.01133
 6.51874  1.46779  0.01099
 6.58999  1.43714  0.01071
 6.66123  1.41270  0.01045
 6.73247  1.38894  0.01017
 6.80372  1.36049  0.01002
 6.87496  1.33133  0.00966
 6.94620  1.30295  0.00943
 7.01745  1.27882  0.00933
 7.08869  1.25195  0.00905
 7.15993  1.21735  0.00882
 7.23117  1.20608  0.00868
 7.30242  1.18530  0.00851
 7.37366  1.16057  0.00851
 7.44490  1.14220  0.00815
 7.51615  1.12538  0.00803
 7.58739  1.11428  0.00790
 7.65863  1.09996  0.00772
 7.72988  1.08516  0.00775
 7.80112  1.06828  0.00754
 7.87236  1.05591  0.00738
 7.94361  1.05748  0.00739
 8.01485  1.04671  0.00724
 8.08609  1.04453  0.00729
 8.15734  1.04685  0.00719
 8.22858  1.03783  0.00710
 8.29982  1.04136  0.00696
 8.37106  1.04272  0.00693
 8.44231  1.03947  0.00688
 8.51355  1.04237  0.00687
 8.58479  1.03953  0.00671
 8.65604  1.05007  0.00674
 8.72728  1.05387  0.00674
 8.79852  1.05367  0.00660
 8.86977  1.05342  0.00660
 8.94101  1.04207  0.00644
 9.01225  1.04929  0.00641
 9.08350  1.04616  0.00636
 9.15474  1.04612  0.00626
 9.22598  1.03872  0.00631
 9.29722  1.03392  0.00616
 9.36847  1.03495  0.00615
 9.43971  1.02375  0.00608
 9.51095  1.02206  0.00612
 9.58220  1.01723  0.00605
 9.65344  1.00935  0.00593
 9.72468  1.00882  0.00589
 9.79593  1.00146  0.00580
 9.86717  1.00234  0.00581
 9.93841  1.00176  0.00578
10.00966  0.99893  0.00569
10.08090  0.99408  0.00557
10.15214  0.99051  0.00556
10.22339  0.98916  0.00549
10.29463  0.98757  0.00554
10.36587  0.99149  0.00556
10.43711  0.98952  0.00549
10.50836  0.99311  0.00548
10.57960  0.98853  0.00536
10.65084  0.99260  0.00539
10.72209  0.99545  0.00536
10.79333  0.99255  0.00532
10.86457  0.99415  0.00529
10.93582  0.99779  0.00524
11.00706  0.99802  0.00524
11.07830  0.99986  0.00519
11.14955  0.99936  0.00504
11.22079  0.99907  0.00503
11.29203  1.00179  0.00499
11.36327  1.00428  0.00501
11.43452  1.00490  0.00489
11.50576  1.00688  0.00495
11.57700  1.00428  0.00488
11.64825  1.00667  0.00485
11.71949  1.00813  0.00486
11.79073  1.00548  0.00480
11.86198  1.00730  0.00474
11.93322  1.00664  0.00471
12.00446  1.00503  0.00466
12.07571  1.00770  0.00467
12.14695  1.00106  0.00467
12.21819  1.00673  0.00463
12.28944  1.00454  0.00462
12.36068  1.00479  0.00452
12.43192  1.00436  0.00458
12.50316  0.99983  0.00452
12.57441  0.99573  0.00446
12.64565  1.00301  0.00454
12.71689  0.99953  0.00457
12.78814  0.99534  0.00444
12.85938  0.99816  0.00439
12.93062  0.99648  0.00440
13.00187  1.00095  0.00443
13.07311  1.00376  0.00437
13.14435  1.00540  0.00437
13.21560  1.00010  0.00431
13.28684  1.00370  0.00434
13.35808  1.00815  0.00428
13.42932  1.00472  0.00427
13.50057  1.00357  0.00430
13.57181  1.00296  0.00424
13.64305  1.00445  0.00426
13.71430  1.00726  0.00429
13.78554  1.00152  0.00424
13.85678  1.00328  0.00423
13.92803  1.00384  0.00414
13.99927  1.00177  0.00417
14.07051  1.00063  0.00414
14.14176  0.99677  0.00409
14.21300  0.99994  0.00408
14.28424  0.99690  0.00403
14.35549  0.99793  0.00401
14.42673  0.99610  0.00396
14.49797  0.99876  0.00395
14.56921  1.00098  0.00397
14.64046  1.00089  0.00389
14.71170  1.00091  0.00394
14.78294  1.00053  0.00388
14.85419  0.99883  0.00382
14.92543  1.00320  0.00382
14.99667  1.00257  0.00380
15.06792  1.00486  0.00375
15.13916  1.00393  0.00378
15.21040  1.00478  0.00376
15.28165  1.00199  0.00371
15.35289  1.00376  0.00370
15.42413  1.00138  0.00366
15.49537  1.00151  0.00365
15.56662  1.00158  0.00364
15.63786  0.99931  0.00365
15.70910  0.99676  0.00363
15.78035  0.99601  0.00363
15.85159  0.99121  0.00358
15.92283  0.99512  0.00358
15.99408  0.99020  0.00356
16.06532  0.99100  0.00353
16.13656  0.98936  0.00352
16.20781  0.99266  0.00350
16.27905  0.98873  0.00350
16.35029  0.99344  0.00353
16.42154  0.98828  0.00353
16.49278  0.99238  0.00355
16.56402  0.99084  0.00350
16.63526  0.99124  0.00351
16.70651  0.99151  0.00346
16.77775  0.99347  0.00348
16.84899  0.99040  0.00345
16.92024  0.99041  0.00345
16.99148  0.99147  0.00343
17.06272  0.99066  0.00341
17.13397  0.99247  0.00341
17.20521  0.99071  0.00337
17.27645  0.99144  0.00334
17.34770  0.99183  0.00335
17.41894  0.99380  0.00334
17.49018  0.99121  0.00334
17.56142  0.99063  0.00326
17.63267  0.99032  0.00329
17.70391  0.99177  0.00323
17.77515  0.98916  0.00321
17.84640  0.99154  0.00317
17.91764  0.99247  0.00320
17.98888  0.99130  0.00315
18.06013  0.99019  0.00316
18.13137  0.98877  0.00315
18.20261  0.99082  0.00312
18.27386  0.98717  0.00313
18.34510  0.98741  0.00308
18.41634  0.98821  0.00306
18.48759  0.98674  0.00305
18.55883  0.98752  0.00301
18.63007  0.98949  0.00306
18.70131  0.98842  0.00299
18.77256  0.98602  0.00298
18.84380  0.98823  0.00299
18.91504  0.98632  0.00297
18.98629  0.98572  0.00294
19.05753  0.98481  0.00288
19.12877  0.98524  0.00288
19.20002  0.98418  0.00290
19.27126  0.98438  0.00287
19.34250  0.98506  0.00287
19.41375  0.98427  0.00284
19.48499  0.98710  0.00288
19.55623  0.98402  0.00287
19.62747  0.98614  0.00286
19.69872  0.98473  0.00285
19.76996  0.98297  0.00286
19.84120  0.98473  0.00282
19.91245  0.98346  0.00281
19.98369  0.98276  0.00278
20.05493  0.98368  0.00283
20.12618  0.98357  0.00278
20.19742  0.98258  0.00279
20.26866  0.98364  0.00276
20.33991  0.98099  0.00277
20.41115  0.98075  0.00277
20.48239  0.98036  0.00276
20.55364  0.97921  0.00273
20.62488  0.97699  0.00271
20.69612  0.97489  0.00271
20.76736  0.97777  0.00272
20.83861  0.97648  0.00272
20.90985  0.97573  0.00270
20.98109  0.97601  0.00272
21.05234  0.97439  0.00270
21.12358  0.97389  0.00270
21.19482  0.97432  0.00272
21.26607  0.97366  0.00269
21.33731  0.97061  0.00273
