 0.03562  0.00000
 0.10686  0.00000
 0.17811  0.00000
 0.24935  0.00000
 0.32059  0.00000
 0.39184  0.00000
 0.46308  0.00000
 0.53432  0.00000
 0.60557  0.00000
 0.67681  0.00000
 0.74805  0.00000
 0.81930  0.00000
 0.89054  0.00000
 0.96178  0.00000
 1.03302  0.00000
 1.10427  0.00000
 1.17551  0.00000
 1.24675  0.00000
 1.31800  0.00000
 1.38924  0.00000
 1.46048  0.00000
 1.53173  0.00000
 1.60297  0.00000
 1.67421  0.00000
 1.74546  0.00000
 1.81670  0.00000
 1.88794  0.00000
 1.95919  0.00000
 2.03043  0.00000
 2.10167  0.00000
 2.17291  0.00000
 2.24416  0.00000
 2.31540  0.00000
 2.38664  0.00000
 2.45789  0.00002
 2.52913  0.00033
 2.60037  0.00265
 2.67162  0.01294
 2.74286  0.04661
 2.81410  0.12735
 2.88535  0.26970
 2.95659  0.46956
 3.02783  0.69615
 3.09907  0.90745
 3.17032  1.07481
 3.24156  1.18571
 3.31280  1.24451
 3.38405  1.26768
 3.45529  1.26630
 3.52653  1.25309
 3.59778  1.23791
 3.66902  1.22358
 3.74026  1.21528
 3.81151  1.21701
 3.88275  1.22502
 3.95399  1.22558
 4.02524  1.20840
 4.09648  1.16729
 4.16772  1.11152
 4.23896  1.05379
 4.31021  0.99925
 4.38145  0.95533
 4.45269  0.92119
 4.52394  0.89460
 4.59518  0.87662
 4.66642  0.86609
 4.73767  0.86036
 4.80891  0.85910
 4.88015  0.86286
 4.95140  0.87225
 5.02264  0.88482
 5.09388  0.90247
 5.16512  0.92264
 5.23637  0.94362
 5.30761  0.96551
 5.37885  0.98317
 5.45010  0.99655
 5.52134  1.00584
 5.59258  1.01102
 5.66383  1.01383
 5.73507  1.01575
 5.80631  1.01745
 5.87756  1.01763
 5.94880  1.01856
 6.02004  1.01654
 6.09129  1.01359
 6.16253  1.01044
 6.23377  1.00525
 6.30501  0.99964
 6.37626  0.99346
 6.44750  0.98783
 6.51874  0.98216
 6.58999  0.97799
 6.66123  0.97437
 6.73247  0.97194
 6.80372  0.97080
 6.87496  0.97097
 6.94620  0.97120
 7.01745  0.97325
 7.08869  0.97547
 7.15993  0.97864
 7.23117  0.98147
 7.30242  0.98429
 7.37366  0.98826
 7.44490  0.99112
 7.51615  0.99466
 7.58739  0.99733
 7.65863  1.00001
 7.72988  1.00314
 7.80112  1.00471
 7.87236  1.00667
 7.94361  1.00783
 8.01485  1.00834
 8.08609  1.00902
 8.15734  1.00783
 8.22858  1.00778
 8.29982  1.00627
 8.37106  1.00393
 8.44231  1.00188
 8.51355  1.00028
 8.58479  0.99808
 8.65604  0.99616
 8.72728  0.99479
 8.79852  0.99338
 8.86977  0.99244
 8.94101  0.99205
 9.01225  0.99223
 9.08350  0.99223
 9.15474  0.99325
 9.22598  0.99422
 9.29722  0.99511
 9.36847  0.99593
 9.43971  0.99769
 9.51095  0.99851
 9.58220  0.99964
 9.65344  1.00112
 9.72468  1.00208
 9.79593  1.00265
 9.86717  1.00315
 9.93841  1.00368
10.00966  1.00413
10.08090  1.00415
10.15214  1.00431
10.22339  1.00402
10.29463  1.00383
10.36587  1.00341
10.43711  1.00348
10.50836  1.00244
10.57960  1.00193
10.65084  1.00139
10.72209  1.00088
10.79333  1.00094
10.86457  1.00032
10.93582  0.99972
11.00706  0.99967
11.07830  0.99953
11.14955  0.99982
11.22079  1.00038
11.29203  0.99999
11.36327  1.00043
11.43452  1.00094
11.50576  1.00102
11.57700  1.00131
11.64825  1.00176
11.71949  1.00226
11.79073  1.00221
11.86198  1.00231
11.93322  1.00270
12.00446  1.00264
12.07571  1.00296
12.14695  1.00284
12.21819  1.00261
12.28944  1.00255
12.36068  1.00248
12.43192  1.00230
12.50316  1.00222
12.57441  1.00160
12.64565  1.00179
12.71689  1.00106
12.78814  1.00111
12.85938  1.00069
12.93062  1.00029
13.00187  1.00057
13.07311  1.00079
13.14435  1.00046
13.21560  1.00029
13.28684  1.00080
13.35808  1.00069
13.42932  1.00079
13.50057  1.00140
13.57181  1.00171
13.64305  1.00148
13.71430  1.00160
13.78554  1.00186
13.85678  1.00163
13.92803  1.00226
13.99927  1.00216
14.07051  1.00205
14.14176  1.00188
14.21300  1.00166
14.28424  1.00194
14.35549  1.00228
14.42673  1.00194
14.49797  1.00159
14.56921  1.00160
14.64046  1.00138
14.71170  1.00112
14.78294  1.00133
14.85419  1.00130
14.92543  1.00125
14.99667  1.00088
15.06792  1.00061
15.13916  1.00099
15.21040  1.00100
15.28165  1.00096
15.35289  1.00109
15.42413  1.00060
15.49537  1.00095
15.56662  1.00128
15.63786  1.00080
15.70910  1.00131
15.78035  1.00101
15.85159  1.00157
15.92283  1.00133
15.99408  1.00119
16.06532  1.00132
16.13656  1.00133
16.20781  1.00122
16.27905  1.00141
16.35029  1.00136
16.42154  1.00131
16.49278  1.00138
16.56402  1.00152
16.63526  1.00144
16.70651  1.00104
16.77775  1.00121
16.84899  1.00137
16.92024  1.00132
16.99148  1.00128
17.06272  1.00124
17.13397  1.00128
17.20521  1.00154
17.27645  1.00132
17.34770  1.00150
17.41894  1.00167
17.49018  1.00126
17.56142  1.00157
17.63267  1.00158
17.70391  1.00137
17.77515  1.00147
17.84640  1.00160
17.91764  1.00144
17.98888  1.00174
18.06013  1.00162
18.13137  1.00163
18.20261  1.00168
18.27386  1.00175
18.34510  1.00155
18.41634  1.00164
18.48759  1.00143
18.55883  1.00146
18.63007  1.00167
18.70131  1.00156
18.77256  1.00135
18.84380  1.00135
18.91504  1.00149
18.98629  1.00126
19.05753  1.00123
19.12877  1.00102
19.20002  1.00103
19.27126  1.00109
19.34250  1.00135
19.41375  1.00103
19.48499  1.00129
19.55623  1.00127
19.62747  1.00099
19.69872  1.00120
19.76996  1.00162
19.84120  1.00121
19.91245  1.00142
19.98369  1.00139
20.05493  1.00136
20.12618  1.00160
20.19742  1.00146
20.26866  1.00179
20.33991  1.00155
20.41115  1.00163
20.48239  1.00176
20.55364  1.00168
20.62488  1.00185
20.69612  1.00180
20.76736  1.00179
20.83861  1.00173
20.90985  1.00176
20.98109  1.00175
21.05234  1.00172
21.12358  1.00183
21.19482  1.00176
21.26607  1.00153
21.33731  1.00081
