 0.03562  0.00000
 0.10686  0.00000
 0.17811  0.00000
 0.24935  0.00000
 0.32059  0.00000
 0.39184  0.00000
 0.46308  0.00000
 0.53432  0.00000
 0.60557  0.00000
 0.67681  0.00000
 0.74805  0.00000
 0.81930  0.00000
 0.89054  0.00000
 0.96178  0.00000
 1.03302  0.00000
 1.10427  0.00000
 1.17551  0.00000
 1.24675  0.00000
 1.31800  0.00000
 1.38924  0.00000
 1.46048  0.00000
 1.53173  0.00000
 1.60297  0.00000
 1.67421  0.00000
 1.74546  0.00000
 1.81670  0.00000
 1.88794  0.00000
 1.95919  0.00000
 2.03043  0.00000
 2.10167  0.00000
 2.17291  0.00000
 2.24416  0.00000
 2.31540  0.00000
 2.38664  0.00000
 2.45789  0.00000
 2.52913  0.00000
 2.60037  0.00000
 2.67162  0.00000
 2.74286  0.00000
 2.81410  0.00001
 2.88535  0.00008
 2.95659  0.00038
 3.02783  0.00148
 3.09907  0.00486
 3.17032  0.01529
 3.24156  0.04272
 3.31280  0.10723
 3.38405  0.23619
 3.45529  0.45573
 3.52653  0.76239
 3.59778  1.10910
 3.66902  1.41955
 3.74026  1.63255
 3.81151  1.72702
 3.88275  1.71605
 3.95399  1.63514
 4.02524  1.51687
 4.09648  1.39378
 4.16772  1.27726
 4.23896  1.17526
 4.31021  1.08977
 4.38145  1.01738
 4.45269  0.96346
 4.52394  0.92485
 4.59518  0.90022
 4.66642  0.88616
 4.73767  0.88018
 4.80891  0.88099
 4.88015  0.88555
 4.95140  0.89511
 5.02264  0.90643
 5.09388  0.91838
 5.16512  0.93299
 5.23637  0.94728
 5.30761  0.96097
 5.37885  0.97536
 5.45010  0.99083
 5.52134  1.00447
 5.59258  1.01796
 5.66383  1.02985
 5.73507  1.04069
 5.80631  1.04917
 5.87756  1.05407
 5.94880  1.05455
 6.02004  1.05143
 6.09129  1.04321
 6.16253  1.03305
 6.23377  1.01748
 6.30501  1.00036
 6.37626  0.98193
 6.44750  0.96485
 6.51874  0.94954
 6.58999  0.93670
 6.66123  0.92619
 6.73247  0.91993
 6.80372  0.91858
 6.87496  0.91975
 6.94620  0.92459
 7.01745  0.93137
 7.08869  0.93872
 7.15993  0.94920
 7.23117  0.95889
 7.30242  0.96948
 7.37366  0.98063
 7.44490  0.99114
 7.51615  1.00108
 7.58739  1.01055
 7.65863  1.01843
 7.72988  1.02668
 7.80112  1.03312
 7.87236  1.03759
 7.94361  1.04143
 8.01485  1.04379
 8.08609  1.04472
 8.15734  1.04354
 8.22858  1.04262
 8.29982  1.03873
 8.37106  1.03450
 8.44231  1.02950
 8.51355  1.02414
 8.58479  1.01850
 8.65604  1.01152
 8.72728  1.00616
 8.79852  0.99966
 8.86977  0.99523
 8.94101  0.99031
 9.01225  0.98738
 9.08350  0.98508
 9.15474  0.98369
 9.22598  0.98327
 9.29722  0.98378
 9.36847  0.98461
 9.43971  0.98601
 9.51095  0.98762
 9.58220  0.99004
 9.65344  0.99314
 9.72468  0.99495
 9.79593  0.99705
 9.86717  0.99984
 9.93841  1.00181
10.00966  1.00341
10.08090  1.00425
10.15214  1.00595
10.22339  1.00627
10.29463  1.00705
10.36587  1.00692
10.43711  1.00670
10.50836  1.00626
10.57960  1.00573
10.65084  1.00489
10.72209  1.00396
10.79333  1.00345
10.86457  1.00256
10.93582  1.00187
11.00706  1.00132
11.07830  1.00085
11.14955  1.00053
11.22079  1.00026
11.29203  1.00061
11.36327  1.00068
11.43452  1.00123
11.50576  1.00198
11.57700  1.00190
11.64825  1.00233
11.71949  1.00272
11.79073  1.00367
11.86198  1.00371
11.93322  1.00417
12.00446  1.00429
12.07571  1.00454
12.14695  1.00444
12.21819  1.00461
12.28944  1.00431
12.36068  1.00464
12.43192  1.00368
12.50316  1.00350
12.57441  1.00307
12.64565  1.00278
12.71689  1.00222
12.78814  1.00201
12.85938  1.00157
12.93062  1.00091
13.00187  1.00073
13.07311  1.00051
13.14435  1.00027
13.21560  1.00046
13.28684  1.00080
13.35808  1.00054
13.42932  1.00054
13.50057  1.00118
13.57181  1.00104
13.64305  1.00167
13.71430  1.00180
13.78554  1.00177
13.85678  1.00222
13.92803  1.00266
13.99927  1.00287
14.07051  1.00346
14.14176  1.00347
14.21300  1.00371
14.28424  1.00378
14.35549  1.00403
14.42673  1.00395
14.49797  1.00383
14.56921  1.00400
14.64046  1.00382
14.71170  1.00383
14.78294  1.00366
14.85419  1.00332
14.92543  1.00274
14.99667  1.00272
15.06792  1.00231
15.13916  1.00257
15.21040  1.00251
15.28165  1.00201
15.35289  1.00182
15.42413  1.00175
15.49537  1.00200
15.56662  1.00169
15.63786  1.00176
15.70910  1.00178
15.78035  1.00187
15.85159  1.00196
15.92283  1.00212
15.99408  1.00221
16.06532  1.00220
16.13656  1.00253
16.20781  1.00234
16.27905  1.00262
16.35029  1.00251
16.42154  1.00278
16.49278  1.00265
16.56402  1.00254
16.63526  1.00252
16.70651  1.00259
16.77775  1.00265
16.84899  1.00250
16.92024  1.00249
16.99148  1.00246
17.06272  1.00242
17.13397  1.00212
17.20521  1.00221
17.27645  1.00265
17.34770  1.00223
17.41894  1.00238
17.49018  1.00250
17.56142  1.00208
17.63267  1.00200
17.70391  1.00213
17.77515  1.00222
17.84640  1.00211
17.91764  1.00202
17.98888  1.00234
18.06013  1.00227
18.13137  1.00219
18.20261  1.00223
18.27386  1.00227
18.34510  1.00243
18.41634  1.00222
18.48759  1.00219
18.55883  1.00247
18.63007  1.00243
18.70131  1.00222
18.77256  1.00217
18.84380  1.00216
18.91504  1.00205
18.98629  1.00185
19.05753  1.00206
19.12877  1.00182
19.20002  1.00182
19.27126  1.00169
19.34250  1.00174
19.41375  1.00148
19.48499  1.00178
19.55623  1.00138
19.62747  1.00147
19.69872  1.00137
19.76996  1.00161
19.84120  1.00140
19.91245  1.00125
19.98369  1.00168
20.05493  1.00192
20.12618  1.00149
20.19742  1.00162
20.26866  1.00185
20.33991  1.00191
20.41115  1.00163
20.48239  1.00186
20.55364  1.00170
20.62488  1.00189
20.69612  1.00176
20.76736  1.00192
20.83861  1.00181
20.90985  1.00188
20.98109  1.00198
21.05234  1.00187
21.12358  1.00174
21.19482  1.00205
21.26607  1.00160
21.33731  1.00109
