 0.03562      inf
 0.10686      inf
 0.17811      inf
 0.24935      inf
 0.32059      inf
 0.39184      inf
 0.46308      inf
 0.53432      inf
 0.60557      inf
 0.67681      inf
 0.74805      inf
 0.81930      inf
 0.89054      inf
 0.96178      inf
 1.03302      inf
 1.10427      inf
 1.17551      inf
 1.24675      inf
 1.31800      inf
 1.38924      inf
 1.46048      inf
 1.53173      inf
 1.60297      inf
 1.67421      inf
 1.74546      inf
 1.81670      inf
 1.88794      inf
 1.95919      inf
 2.03043      inf
 2.10167      inf
 2.17291      inf
 2.24416      inf
 2.31540      inf
 2.38664  7.69747
 2.45789  6.39952
 2.52913  4.74700
 2.60037  3.51297
 2.67162  2.57370
 2.74286  1.81504
 2.81410  1.22001
 2.88535  0.77578
 2.95659  0.44752
 3.02783  0.21442
 3.09907  0.05749
 3.17032 -0.04271
 3.24156 -0.10084
 3.31280 -0.12949
 3.38405 -0.14042
 3.45529 -0.13977
 3.52653 -0.13356
 3.59778 -0.12635
 3.66902 -0.11945
 3.74026 -0.11543
 3.81151 -0.11627
 3.88275 -0.12015
 3.95399 -0.12042
 4.02524 -0.11206
 4.09648 -0.09157
 4.16772 -0.06259
 4.23896 -0.03101
 4.31021  0.00044
 4.38145  0.02705
 4.45269  0.04859
 4.52394  0.06593
 4.59518  0.07796
 4.66642  0.08511
 4.73767  0.08904
 4.80891  0.08990
 4.88015  0.08732
 4.95140  0.08091
 5.02264  0.07244
 5.09388  0.06075
 5.16512  0.04767
 5.23637  0.03435
 5.30761  0.02078
 5.37885  0.01005
 5.45010  0.00205
 5.52134 -0.00344
 5.59258 -0.00649
 5.66383 -0.00813
 5.73507 -0.00925
 5.80631 -0.01024
 5.87756 -0.01035
 5.94880 -0.01089
 6.02004 -0.00971
 6.09129 -0.00799
 6.16253 -0.00615
 6.23377 -0.00310
 6.30501  0.00021
 6.37626  0.00389
 6.44750  0.00725
 6.51874  0.01066
 6.58999  0.01318
 6.66123  0.01537
 6.73247  0.01685
 6.80372  0.01754
 6.87496  0.01744
 6.94620  0.01730
 7.01745  0.01605
 7.08869  0.01470
 7.15993  0.01278
 7.23117  0.01107
 7.30242  0.00937
 7.37366  0.00699
 7.44490  0.00528
 7.51615  0.00317
 7.58739  0.00158
 7.65863 -0.00001
 7.72988 -0.00186
 7.80112 -0.00278
 7.87236 -0.00394
 7.94361 -0.00462
 8.01485 -0.00491
 8.08609 -0.00531
 8.15734 -0.00462
 8.22858 -0.00459
 8.29982 -0.00370
 8.37106 -0.00232
 8.44231 -0.00111
 8.51355 -0.00017
 8.58479  0.00114
 8.65604  0.00228
 8.72728  0.00309
 8.79852  0.00393
 8.86977  0.00449
 8.94101  0.00472
 9.01225  0.00462
 9.08350  0.00462
 9.15474  0.00401
 9.22598  0.00343
 9.29722  0.00290
 9.36847  0.00241
 9.43971  0.00137
 9.51095  0.00089
 9.58220  0.00021
 9.65344 -0.00066
 9.72468 -0.00123
 9.79593 -0.00156
 9.86717 -0.00186
 9.93841 -0.00218
10.00966 -0.00244
10.08090 -0.00245
10.15214 -0.00254
10.22339 -0.00238
10.29463 -0.00226
10.36587 -0.00202
10.43711 -0.00205
10.50836 -0.00144
10.57960 -0.00114
10.65084 -0.00082
10.72209 -0.00052
10.79333 -0.00056
10.86457 -0.00019
10.93582  0.00017
11.00706  0.00019
11.07830  0.00028
11.14955  0.00011
11.22079 -0.00022
11.29203  0.00001
11.36327 -0.00025
11.43452 -0.00056
11.50576 -0.00061
11.57700 -0.00077
11.64825 -0.00104
11.71949 -0.00134
11.79073 -0.00131
11.86198 -0.00137
11.93322 -0.00159
12.00446 -0.00156
12.07571 -0.00175
12.14695 -0.00168
12.21819 -0.00154
12.28944 -0.00151
12.36068 -0.00147
12.43192 -0.00136
12.50316 -0.00131
12.57441 -0.00095
12.64565 -0.00106
12.71689 -0.00063
12.78814 -0.00066
12.85938 -0.00041
12.93062 -0.00017
13.00187 -0.00034
13.07311 -0.00047
13.14435 -0.00027
13.21560 -0.00017
13.28684 -0.00047
13.35808 -0.00041
13.42932 -0.00047
13.50057 -0.00083
13.57181 -0.00101
13.64305 -0.00087
13.71430 -0.00095
13.78554 -0.00110
13.85678 -0.00097
13.92803 -0.00134
13.99927 -0.00128
14.07051 -0.00121
14.14176 -0.00111
14.21300 -0.00098
14.28424 -0.00115
14.35549 -0.00135
14.42673 -0.00114
14.49797 -0.00094
14.56921 -0.00095
14.64046 -0.00081
14.71170 -0.00066
14.78294 -0.00079
14.85419 -0.00077
14.92543 -0.00074
14.99667 -0.00052
15.06792 -0.00036
15.13916 -0.00059
15.21040 -0.00059
15.28165 -0.00057
15.35289 -0.00064
15.42413 -0.00035
15.49537 -0.00056
15.56662 -0.00076
15.63786 -0.00047
15.70910 -0.00078
15.78035 -0.00060
15.85159 -0.00093
15.92283 -0.00079
15.99408 -0.00070
16.06532 -0.00078
16.13656 -0.00079
16.20781 -0.00072
16.27905 -0.00083
16.35029 -0.00081
16.42154 -0.00078
16.49278 -0.00081
16.56402 -0.00090
16.63526 -0.00085
16.70651 -0.00062
16.77775 -0.00072
16.84899 -0.00081
16.92024 -0.00078
16.99148 -0.00076
17.06272 -0.00073
17.13397 -0.00076
17.20521 -0.00091
17.27645 -0.00078
17.34770 -0.00089
17.41894 -0.00099
17.49018 -0.00074
17.56142 -0.00093
17.63267 -0.00094
17.70391 -0.00081
17.77515 -0.00087
17.84640 -0.00094
17.91764 -0.00085
17.98888 -0.00103
18.06013 -0.00096
18.13137 -0.00097
18.20261 -0.00100
18.27386 -0.00103
18.34510 -0.00092
18.41634 -0.00097
18.48759 -0.00085
18.55883 -0.00086
18.63007 -0.00099
18.70131 -0.00092
18.77256 -0.00080
18.84380 -0.00080
18.91504 -0.00088
18.98629 -0.00075
19.05753 -0.00073
19.12877 -0.00060
19.20002 -0.00061
19.27126 -0.00064
19.34250 -0.00080
19.41375 -0.00061
19.48499 -0.00076
19.55623 -0.00075
19.62747 -0.00059
19.69872 -0.00071
19.76996 -0.00096
19.84120 -0.00072
19.91245 -0.00084
19.98369 -0.00082
20.05493 -0.00081
20.12618 -0.00095
20.19742 -0.00086
20.26866 -0.00106
20.33991 -0.00092
20.41115 -0.00096
20.48239 -0.00104
20.55364 -0.00099
20.62488 -0.00110
20.69612 -0.00106
20.76736 -0.00106
20.83861 -0.00102
20.90985 -0.00104
20.98109 -0.00103
21.05234 -0.00101
21.12358 -0.00108
21.19482 -0.00104
21.26607 -0.00091
21.33731 -0.00048
