 0.03562      inf      nan
 0.10686      inf      nan
 0.17811      inf      nan
 0.24935      inf      nan
 0.32059      inf      nan
 0.39184      inf      nan
 0.46308      inf      nan
 0.53432      inf      nan
 0.60557      inf      nan
 0.67681      inf      nan
 0.74805      inf      nan
 0.81930      inf      nan
 0.89054      inf      nan
 0.96178      inf      nan
 1.03302      inf      nan
 1.10427      inf      nan
 1.17551      inf      nan
 1.24675      inf      nan
 1.31800      inf      nan
 1.38924      inf      nan
 1.46048      inf      nan
 1.53173      inf      nan
 1.60297      inf      nan
 1.67421      inf      nan
 1.74546      inf      nan
 1.81670      inf      nan
 1.88794      inf      nan
 1.95919      inf      nan
 2.03043      inf      nan
 2.10167      inf      nan
 2.17291      inf      nan
 2.24416      inf      nan
 2.31540      inf      nan
 2.38664      inf      nan
 2.45789      inf      nan
 2.52913      inf      nan
 2.60037      inf      nan
 2.67162      inf      nan
 2.74286      inf      nan
 2.81410      inf      nan
 2.88535      inf      nan
 2.95659      inf      nan
 3.02783      inf      nan
 3.09907  4.32152  0.20797
 3.17032  3.32155  0.08207
 3.24156  2.50440  0.04687
 3.31280  1.69293  0.02593
 3.38405  1.07320  0.01778
 3.45529  0.56167  0.01249
 3.52653  0.16090  0.01015
 3.59778 -0.14977  0.00833
 3.66902 -0.39204  0.00707
 3.74026 -0.58149  0.00627
 3.81151 -0.71491  0.00560
 3.88275 -0.80746  0.00516
 3.95399 -0.85780  0.00479
 4.02524 -0.88265  0.00460
 4.09648 -0.88921  0.00443
 4.16772 -0.88105  0.00432
 4.23896 -0.86460  0.00417
 4.31021 -0.84913  0.00411
 4.38145 -0.83089  0.00411
 4.45269 -0.81205  0.00404
 4.52394 -0.79245  0.00404
 4.59518 -0.77574  0.00404
 4.66642 -0.75824  0.00399
 4.73767 -0.73961  0.00401
 4.80891 -0.71830  0.00407
 4.88015 -0.69212  0.00412
 4.95140 -0.65686  0.00414
 5.02264 -0.61834  0.00420
 5.09388 -0.57066  0.00423
 5.16512 -0.52734  0.00436
 5.23637 -0.48172  0.00440
 5.30761 -0.44033  0.00445
 5.37885 -0.40240  0.00453
 5.45010 -0.36193  0.00458
 5.52134 -0.32968  0.00467
 5.59258 -0.30308  0.00468
 5.66383 -0.27482  0.00467
 5.73507 -0.25987  0.00469
 5.80631 -0.25221  0.00474
 5.87756 -0.25060  0.00472
 5.94880 -0.24326  0.00469
 6.02004 -0.24845  0.00469
 6.09129 -0.25273  0.00467
 6.16253 -0.25560  0.00462
 6.23377 -0.25736  0.00458
 6.30501 -0.24764  0.00455
 6.37626 -0.24403  0.00452
 6.44750 -0.23853  0.00448
 6.51874 -0.22718  0.00443
 6.58999 -0.21469  0.00441
 6.66123 -0.20454  0.00438
 6.73247 -0.19450  0.00434
 6.80372 -0.18224  0.00436
 6.87496 -0.16942  0.00430
 6.94620 -0.15666  0.00428
 7.01745 -0.14560  0.00432
 7.08869 -0.13303  0.00428
 7.15993 -0.11643  0.00429
 7.23117 -0.11093  0.00426
 7.30242 -0.10064  0.00425
 7.37366 -0.08816  0.00434
 7.44490 -0.07871  0.00422
 7.51615 -0.06993  0.00423
 7.58739 -0.06406  0.00419
 7.65863 -0.05640  0.00416
 7.72988 -0.04838  0.00423
 7.80112 -0.03910  0.00418
 7.87236 -0.03220  0.00414
 7.94361 -0.03309  0.00414
 8.01485 -0.02703  0.00410
 8.08609 -0.02579  0.00413
 8.15734 -0.02711  0.00407
 8.22858 -0.02198  0.00405
 8.29982 -0.02399  0.00395
 8.37106 -0.02476  0.00393
 8.44231 -0.02291  0.00392
 8.51355 -0.02457  0.00390
 8.58479 -0.02295  0.00382
 8.65604 -0.02892  0.00380
 8.72728 -0.03106  0.00378
 8.79852 -0.03095  0.00371
 8.86977 -0.03081  0.00371
 8.94101 -0.02440  0.00366
 9.01225 -0.02849  0.00361
 9.08350 -0.02672  0.00360
 9.15474 -0.02669  0.00354
 9.22598 -0.02249  0.00360
 9.29722 -0.01975  0.00352
 9.36847 -0.02034  0.00352
 9.43971 -0.01390  0.00352
 9.51095 -0.01292  0.00355
 9.58220 -0.01012  0.00352
 9.65344 -0.00551  0.00348
 9.72468 -0.00520  0.00346
 9.79593 -0.00086  0.00343
 9.86717 -0.00138  0.00343
 9.93841 -0.00104  0.00342
10.00966  0.00063  0.00337
10.08090  0.00352  0.00332
10.15214  0.00565  0.00332
10.22339  0.00645  0.00328
10.29463  0.00740  0.00332
10.36587  0.00506  0.00332
10.43711  0.00624  0.00328
10.50836  0.00410  0.00327
10.57960  0.00683  0.00321
10.65084  0.00440  0.00321
10.72209  0.00270  0.00319
10.79333  0.00443  0.00317
10.86457  0.00347  0.00315
10.93582  0.00131  0.00311
11.00706  0.00117  0.00311
11.07830  0.00008  0.00307
11.14955  0.00038  0.00299
11.22079  0.00055  0.00298
11.29203 -0.00106  0.00295
11.36327 -0.00253  0.00295
11.43452 -0.00290  0.00288
11.50576 -0.00406  0.00291
11.57700 -0.00253  0.00288
11.64825 -0.00393  0.00285
11.71949 -0.00479  0.00285
11.79073 -0.00323  0.00283
11.86198 -0.00430  0.00278
11.93322 -0.00392  0.00277
12.00446 -0.00297  0.00274
12.07571 -0.00454  0.00274
12.14695 -0.00063  0.00276
12.21819 -0.00397  0.00272
12.28944 -0.00268  0.00272
12.36068 -0.00283  0.00266
12.43192 -0.00258  0.00270
12.50316  0.00010  0.00268
12.57441  0.00254  0.00265
12.64565 -0.00178  0.00268
12.71689  0.00028  0.00271
12.78814  0.00276  0.00264
12.85938  0.00109  0.00260
12.93062  0.00209  0.00261
13.00187 -0.00056  0.00262
13.07311 -0.00222  0.00258
13.14435 -0.00319  0.00257
13.21560 -0.00006  0.00255
13.28684 -0.00219  0.00256
13.35808 -0.00480  0.00252
13.42932 -0.00279  0.00252
13.50057 -0.00211  0.00254
13.57181 -0.00175  0.00250
13.64305 -0.00263  0.00251
13.71430 -0.00428  0.00252
13.78554 -0.00090  0.00251
13.85678 -0.00194  0.00250
13.92803 -0.00227  0.00244
13.99927 -0.00105  0.00246
14.07051 -0.00037  0.00245
14.14176  0.00191  0.00243
14.21300  0.00003  0.00241
14.28424  0.00184  0.00240
14.35549  0.00123  0.00238
14.42673  0.00231  0.00235
14.49797  0.00074  0.00234
14.56921 -0.00058  0.00235
14.64046 -0.00053  0.00230
14.71170 -0.00054  0.00233
14.78294 -0.00032  0.00229
14.85419  0.00069  0.00226
14.92543 -0.00189  0.00226
14.99667 -0.00152  0.00224
15.06792 -0.00287  0.00221
15.13916 -0.00232  0.00223
15.21040 -0.00282  0.00221
15.28165 -0.00118  0.00219
15.35289 -0.00222  0.00218
15.42413 -0.00082  0.00217
15.49537 -0.00089  0.00216
15.56662 -0.00094  0.00215
15.63786  0.00041  0.00217
15.70910  0.00192  0.00216
15.78035  0.00236  0.00216
15.85159  0.00523  0.00214
15.92283  0.00290  0.00213
15.99408  0.00583  0.00213
16.06532  0.00535  0.00211
16.13656  0.00633  0.00211
16.20781  0.00436  0.00209
16.27905  0.00671  0.00210
16.35029  0.00390  0.00210
16.42154  0.00698  0.00211
16.49278  0.00453  0.00212
16.56402  0.00545  0.00209
16.63526  0.00521  0.00209
16.70651  0.00505  0.00207
16.77775  0.00388  0.00207
16.84899  0.00571  0.00206
16.92024  0.00570  0.00206
16.99148  0.00507  0.00205
17.06272  0.00555  0.00204
17.13397  0.00448  0.00203
17.20521  0.00552  0.00201
17.27645  0.00509  0.00200
17.34770  0.00485  0.00200
17.41894  0.00368  0.00199
17.49018  0.00523  0.00199
17.56142  0.00557  0.00195
17.63267  0.00576  0.00197
17.70391  0.00489  0.00193
17.77515  0.00645  0.00192
17.84640  0.00503  0.00189
17.91764  0.00447  0.00191
17.98888  0.00518  0.00188
18.06013  0.00584  0.00189
18.13137  0.00668  0.00188
18.20261  0.00546  0.00187
18.27386  0.00764  0.00187
18.34510  0.00750  0.00184
18.41634  0.00702  0.00183
18.48759  0.00790  0.00183
18.55883  0.00744  0.00181
18.63007  0.00625  0.00183
18.70131  0.00689  0.00179
18.77256  0.00834  0.00179
18.84380  0.00701  0.00179
18.91504  0.00816  0.00178
18.98629  0.00851  0.00177
19.05753  0.00906  0.00173
19.12877  0.00880  0.00173
19.20002  0.00944  0.00174
19.27126  0.00932  0.00173
19.34250  0.00891  0.00173
19.41375  0.00938  0.00171
19.48499  0.00769  0.00173
19.55623  0.00953  0.00173
19.62747  0.00826  0.00172
19.69872  0.00911  0.00171
19.76996  0.01017  0.00173
19.84120  0.00911  0.00170
19.91245  0.00987  0.00169
19.98369  0.01029  0.00168
20.05493  0.00974  0.00170
20.12618  0.00981  0.00167
20.19742  0.01040  0.00168
20.26866  0.00976  0.00166
20.33991  0.01136  0.00167
20.41115  0.01151  0.00167
20.48239  0.01174  0.00167
20.55364  0.01244  0.00165
20.62488  0.01378  0.00164
20.69612  0.01506  0.00165
20.76736  0.01331  0.00164
20.83861  0.01409  0.00165
20.90985  0.01455  0.00164
20.98109  0.01438  0.00165
21.05234  0.01536  0.00164
21.12358  0.01566  0.00164
21.19482  0.01540  0.00165
21.26607  0.01580  0.00164
21.33731  0.01766  0.00166
