 0.03562      inf
 0.10686      inf
 0.17811      inf
 0.24935      inf
 0.32059      inf
 0.39184      inf
 0.46308      inf
 0.53432      inf
 0.60557      inf
 0.67681      inf
 0.74805      inf
 0.81930      inf
 0.89054      inf
 0.96178      inf
 1.03302      inf
 1.10427      inf
 1.17551      inf
 1.24675      inf
 1.31800      inf
 1.38924      inf
 1.46048      inf
 1.53173      inf
 1.60297      inf
 1.67421      inf
 1.74546      inf
 1.81670      inf
 1.88794      inf
 1.95919      inf
 2.03043      inf
 2.10167      inf
 2.17291      inf
 2.24416      inf
 2.31540      inf
 2.38664      inf
 2.45789      inf
 2.52913      inf
 2.60037      inf
 2.67162      inf
 2.74286  7.62213
 2.81410  6.62560
 2.88535  5.58299
 2.95659  4.65908
 3.02783  3.85754
 3.09907  3.15346
 3.17032  2.47483
 3.24156  1.86667
 3.31280  1.32179
 3.38405  0.85432
 3.45529  0.46522
 3.52653  0.16061
 3.59778 -0.06130
 3.66902 -0.20740
 3.74026 -0.29016
 3.81151 -0.32347
 3.88275 -0.31970
 3.95399 -0.29110
 4.02524 -0.24666
 4.09648 -0.19656
 4.16772 -0.14487
 4.23896 -0.09560
 4.31021 -0.05089
 4.38145 -0.01020
 4.45269  0.02204
 4.52394  0.04625
 4.59518  0.06223
 4.66642  0.07155
 4.73767  0.07556
 4.80891  0.07501
 4.88015  0.07196
 4.95140  0.06560
 5.02264  0.05816
 5.09388  0.05041
 5.16512  0.04106
 5.23637  0.03206
 5.30761  0.02357
 5.37885  0.01477
 5.45010  0.00545
 5.52134 -0.00264
 5.59258 -0.01054
 5.66383 -0.01741
 5.73507 -0.02361
 5.80631 -0.02841
 5.87756 -0.03118
 5.94880 -0.03144
 6.02004 -0.02969
 6.09129 -0.02504
 6.16253 -0.01925
 6.23377 -0.01026
 6.30501 -0.00021
 6.37626  0.01080
 6.44750  0.02118
 6.51874  0.03065
 6.58999  0.03871
 6.66123  0.04539
 6.73247  0.04941
 6.80372  0.05028
 6.87496  0.04952
 6.94620  0.04642
 7.01745  0.04209
 7.08869  0.03743
 7.15993  0.03086
 7.23117  0.02485
 7.30242  0.01835
 7.37366  0.01158
 7.44490  0.00527
 7.51615 -0.00064
 7.58739 -0.00621
 7.65863 -0.01081
 7.72988 -0.01559
 7.80112 -0.01929
 7.87236 -0.02184
 7.94361 -0.02403
 8.01485 -0.02537
 8.08609 -0.02590
 8.15734 -0.02523
 8.22858 -0.02471
 8.29982 -0.02249
 8.37106 -0.02008
 8.44231 -0.01721
 8.51355 -0.01412
 8.58479 -0.01085
 8.65604 -0.00678
 8.72728 -0.00364
 8.79852  0.00020
 8.86977  0.00283
 8.94101  0.00576
 9.01225  0.00752
 9.08350  0.00890
 9.15474  0.00973
 9.22598  0.00999
 9.29722  0.00968
 9.36847  0.00918
 9.43971  0.00834
 9.51095  0.00737
 9.58220  0.00593
 9.65344  0.00408
 9.72468  0.00300
 9.79593  0.00175
 9.86717  0.00009
 9.93841 -0.00107
10.00966 -0.00202
10.08090 -0.00251
10.15214 -0.00351
10.22339 -0.00370
10.29463 -0.00416
10.36587 -0.00408
10.43711 -0.00395
10.50836 -0.00369
10.57960 -0.00338
10.65084 -0.00289
10.72209 -0.00234
10.79333 -0.00204
10.86457 -0.00151
10.93582 -0.00110
11.00706 -0.00078
11.07830 -0.00050
11.14955 -0.00031
11.22079 -0.00015
11.29203 -0.00036
11.36327 -0.00040
11.43452 -0.00073
11.50576 -0.00117
11.57700 -0.00112
11.64825 -0.00138
11.71949 -0.00161
11.79073 -0.00217
11.86198 -0.00220
11.93322 -0.00246
12.00446 -0.00253
12.07571 -0.00268
12.14695 -0.00263
12.21819 -0.00272
12.28944 -0.00255
12.36068 -0.00274
12.43192 -0.00218
12.50316 -0.00207
12.57441 -0.00182
12.64565 -0.00164
12.71689 -0.00131
12.78814 -0.00119
12.85938 -0.00093
12.93062 -0.00054
13.00187 -0.00043
13.07311 -0.00030
13.14435 -0.00016
13.21560 -0.00027
13.28684 -0.00048
13.35808 -0.00032
13.42932 -0.00032
13.50057 -0.00070
13.57181 -0.00061
13.64305 -0.00099
13.71430 -0.00107
13.78554 -0.00105
13.85678 -0.00131
13.92803 -0.00157
13.99927 -0.00170
14.07051 -0.00204
14.14176 -0.00205
14.21300 -0.00219
14.28424 -0.00223
14.35549 -0.00238
14.42673 -0.00233
14.49797 -0.00226
14.56921 -0.00236
14.64046 -0.00225
14.71170 -0.00226
14.78294 -0.00216
14.85419 -0.00196
14.92543 -0.00162
14.99667 -0.00161
15.06792 -0.00137
15.13916 -0.00152
15.21040 -0.00148
15.28165 -0.00119
15.35289 -0.00107
15.42413 -0.00104
15.49537 -0.00118
15.56662 -0.00100
15.63786 -0.00104
15.70910 -0.00105
15.78035 -0.00110
15.85159 -0.00116
15.92283 -0.00125
15.99408 -0.00131
16.06532 -0.00130
16.13656 -0.00149
16.20781 -0.00138
16.27905 -0.00155
16.35029 -0.00148
16.42154 -0.00165
16.49278 -0.00157
16.56402 -0.00150
16.63526 -0.00149
16.70651 -0.00153
16.77775 -0.00157
16.84899 -0.00148
16.92024 -0.00147
16.99148 -0.00146
17.06272 -0.00143
17.13397 -0.00125
17.20521 -0.00130
17.27645 -0.00157
17.34770 -0.00132
17.41894 -0.00141
17.49018 -0.00148
17.56142 -0.00123
17.63267 -0.00118
17.70391 -0.00126
17.77515 -0.00131
17.84640 -0.00125
17.91764 -0.00120
17.98888 -0.00138
18.06013 -0.00134
18.13137 -0.00129
18.20261 -0.00132
18.27386 -0.00134
18.34510 -0.00144
18.41634 -0.00132
18.48759 -0.00129
18.55883 -0.00146
18.63007 -0.00144
18.70131 -0.00131
18.77256 -0.00129
18.84380 -0.00127
18.91504 -0.00121
18.98629 -0.00109
19.05753 -0.00122
19.12877 -0.00108
19.20002 -0.00107
19.27126 -0.00100
19.34250 -0.00103
19.41375 -0.00088
19.48499 -0.00105
19.55623 -0.00082
19.62747 -0.00087
19.69872 -0.00081
19.76996 -0.00095
19.84120 -0.00083
19.91245 -0.00074
19.98369 -0.00099
20.05493 -0.00114
20.12618 -0.00088
20.19742 -0.00096
20.26866 -0.00109
20.33991 -0.00113
20.41115 -0.00097
20.48239 -0.00110
20.55364 -0.00101
20.62488 -0.00112
20.69612 -0.00104
20.76736 -0.00114
20.83861 -0.00107
20.90985 -0.00111
20.98109 -0.00117
21.05234 -0.00111
21.12358 -0.00103
21.19482 -0.00121
21.26607 -0.00094
21.33731 -0.00065
