 0.03562      inf      nan
 0.10686      inf      nan
 0.17810      inf      nan
 0.24934      inf      nan
 0.32059      inf      nan
 0.39183      inf      nan
 0.46307      inf      nan
 0.53431      inf      nan
 0.60555      inf      nan
 0.67679      inf      nan
 0.74803      inf      nan
 0.81927      inf      nan
 0.89051      inf      nan
 0.96176      inf      nan
 1.03300      inf      nan
 1.10424      inf      nan
 1.17548      inf      nan
 1.24672      inf      nan
 1.31796      inf      nan
 1.38920      inf      nan
 1.46044      inf      nan
 1.53169      inf      nan
 1.60293      inf      nan
 1.67417      inf      nan
 1.74541      inf      nan
 1.81665      inf      nan
 1.88789      inf      nan
 1.95913      inf      nan
 2.03037      inf      nan
 2.10162      inf      nan
 2.17286      inf      nan
 2.24410      inf      nan
 2.31534      inf      nan
 2.38658      inf      nan
 2.45782      inf      nan
 2.52906  3.91555  0.15761
 2.60030  2.57069  0.04616
 2.67154  1.44916  0.02100
 2.74279  0.57573  0.01298
 2.81403  0.01993  0.00983
 2.88527 -0.31022  0.00836
 2.95651 -0.48682  0.00759
 3.02775 -0.54187  0.00694
 3.09899 -0.54418  0.00675
 3.17023 -0.51837  0.00664
 3.24147 -0.49050  0.00671
 3.31272 -0.45429  0.00654
 3.38396 -0.43184  0.00674
 3.45520 -0.40812  0.00665
 3.52644 -0.38185  0.00672
 3.59768 -0.36647  0.00685
 3.66892 -0.34469  0.00673
 3.74016 -0.34306  0.00674
 3.81140 -0.34218  0.00652
 3.88264 -0.34417  0.00653
 3.95389 -0.34625  0.00634
 4.02513 -0.35774  0.00611
 4.09637 -0.37908  0.00590
 4.16761 -0.39714  0.00588
 4.23885 -0.42955  0.00577
 4.31009 -0.45093  0.00544
 4.38133 -0.47839  0.00524
 4.45257 -0.49629  0.00527
 4.52382 -0.50174  0.00508
 4.59506 -0.50902  0.00510
 4.66630 -0.50834  0.00486
 4.73754 -0.51320  0.00496
 4.80878 -0.52090  0.00485
 4.88002 -0.53606  0.00476
 4.95126 -0.54832  0.00470
 5.02250 -0.55774  0.00461
 5.09375 -0.55649  0.00461
 5.16499 -0.54348  0.00445
 5.23623 -0.52064  0.00447
 5.30747 -0.49400  0.00445
 5.37871 -0.46731  0.00435
 5.44995 -0.43625  0.00449
 5.52119 -0.40180  0.00451
 5.59243 -0.37269  0.00439
 5.66367 -0.35208  0.00449
 5.73492 -0.32662  0.00449
 5.80616 -0.30398  0.00450
 5.87740 -0.28871  0.00443
 5.94864 -0.27405  0.00449
 6.01988 -0.25950  0.00447
 6.09112 -0.25168  0.00451
 6.16236 -0.24793  0.00452
 6.23360 -0.24226  0.00453
 6.30485 -0.24047  0.00448
 6.37609 -0.23853  0.00437
 6.44733 -0.23696  0.00440
 6.51857 -0.23634  0.00430
 6.58981 -0.23366  0.00430
 6.66105 -0.22567  0.00436
 6.73229 -0.21584  0.00429
 6.80353 -0.20588  0.00431
 6.87477 -0.19476  0.00429
 6.94602 -0.18338  0.00426
 7.01726 -0.17136  0.00434
 7.08850 -0.15765  0.00434
 7.15974 -0.14610  0.00440
 7.23098 -0.13786  0.00437
 7.30222 -0.11515  0.00442
 7.37346 -0.10352  0.00449
 7.44470 -0.09011  0.00453
 7.51595 -0.07055  0.00454
 7.58719 -0.05758  0.00451
 7.65843 -0.04199  0.00459
 7.72967 -0.03286  0.00470
 7.80091 -0.02268  0.00468
 7.87215 -0.01657  0.00463
 7.94339 -0.00754  0.00469
 8.01463 -0.00134  0.00465
 8.08588  0.00319  0.00473
 8.15712  0.00874  0.00480
 8.22836  0.01157  0.00471
 8.29960  0.01566  0.00464
 8.37084  0.01747  0.00470
 8.44208  0.01698  0.00455
 8.51332  0.01939  0.00453
 8.58456  0.01985  0.00451
 8.65580  0.01774  0.00451
 8.72705  0.01486  0.00438
 8.79829  0.01598  0.00440
 8.86953  0.01508  0.00437
 8.94077  0.01275  0.00435
 9.01201  0.01340  0.00424
 9.08325  0.00972  0.00420
 9.15449  0.00935  0.00420
 9.22573  0.00828  0.00415
 9.29698  0.00728  0.00410
 9.36822  0.00558  0.00398
 9.43946  0.00870  0.00404
 9.51070  0.00993  0.00394
 9.58194  0.00791  0.00385
 9.65318  0.01069  0.00387
 9.72442  0.01327  0.00394
 9.79566  0.01125  0.00381
 9.86690  0.01517  0.00375
 9.93815  0.01579  0.00374
10.00939  0.01435  0.00366
10.08063  0.01922  0.00374
10.15187  0.01620  0.00367
10.22311  0.01755  0.00361
10.29435  0.01796  0.00354
10.36559  0.01691  0.00357
10.43683  0.01635  0.00355
10.50808  0.01863  0.00347
10.57932  0.01601  0.00346
10.65056  0.01363  0.00350
10.72180  0.01584  0.00332
10.79304  0.01605  0.00338
10.86428  0.01436  0.00335
10.93552  0.01274  0.00336
11.00676  0.01229  0.00325
11.07801  0.00884  0.00330
11.14925  0.01229  0.00316
11.22049  0.01033  0.00321
11.29173  0.00894  0.00318
11.36297  0.00993  0.00318
11.43421  0.00767  0.00316
11.50545  0.00893  0.00316
11.57669  0.00773  0.00321
11.64793  0.00704  0.00318
11.71918  0.00661  0.00308
11.79042  0.00875  0.00310
11.86166  0.00837  0.00310
11.93290  0.00760  0.00302
12.00414  0.00902  0.00303
12.07538  0.00634  0.00305
12.14662  0.00769  0.00304
12.21786  0.00557  0.00298
12.28911  0.00776  0.00301
12.36035  0.00571  0.00296
12.43159  0.00724  0.00296
12.50283  0.00850  0.00297
12.57407  0.00754  0.00295
12.64531  0.00958  0.00294
12.71655  0.00697  0.00293
12.78779  0.00839  0.00296
12.85903  0.00820  0.00294
12.93028  0.00745  0.00293
13.00152  0.00724  0.00293
13.07276  0.00739  0.00288
13.14400  0.00772  0.00279
13.21524  0.00608  0.00289
13.28648  0.00594  0.00285
13.35772  0.00552  0.00282
13.42896  0.00632  0.00276
13.50021  0.00742  0.00280
13.57145  0.00861  0.00272
13.64269  0.00923  0.00279
13.71393  0.00767  0.00277
13.78517  0.00778  0.00277
13.85641  0.00623  0.00275
13.92765  0.00550  0.00274
13.99889  0.00925  0.00271
14.07014  0.00924  0.00278
14.14138  0.00656  0.00275
14.21262  0.00929  0.00270
14.28386  0.00845  0.00269
14.35510  0.00653  0.00268
14.42634  0.00987  0.00269
14.49758  0.00939  0.00260
14.56882  0.00887  0.00267
14.64006  0.00882  0.00269
14.71131  0.01018  0.00262
14.78255  0.01103  0.00260
14.85379  0.00855  0.00262
14.92503  0.00864  0.00256
14.99627  0.00924  0.00258
15.06751  0.00865  0.00261
15.13875  0.00761  0.00254
15.20999  0.00913  0.00259
15.28124  0.00715  0.00257
15.35248  0.00661  0.00256
15.42372  0.00763  0.00248
15.49496  0.00618  0.00246
15.56620  0.00619  0.00242
15.63744  0.00750  0.00241
15.70868  0.00734  0.00239
15.77992  0.00665  0.00236
15.85116  0.00519  0.00238
15.92241  0.00579  0.00236
15.99365  0.00627  0.00240
16.06489  0.00704  0.00239
16.13613  0.00530  0.00234
16.20737  0.00621  0.00230
16.27861  0.00707  0.00228
16.34985  0.00422  0.00229
16.42109  0.00655  0.00228
16.49234  0.00566  0.00222
16.56358  0.00493  0.00223
16.63482  0.00553  0.00218
16.70606  0.00420  0.00222
16.77730  0.00523  0.00221
16.84854  0.00739  0.00215
16.91978  0.00524  0.00214
16.99102  0.00736  0.00211
17.06227  0.00637  0.00212
17.13351  0.00706  0.00211
17.20475  0.00747  0.00213
17.27599  0.00656  0.00207
17.34723  0.00732  0.00207
17.41847  0.00666  0.00207
17.48971  0.00517  0.00202
17.56095  0.00584  0.00202
17.63219  0.00543  0.00203
17.70344  0.00389  0.00197
17.77468  0.00563  0.00198
17.84592  0.00582  0.00198
17.91716  0.00548  0.00197
17.98840  0.00667  0.00193
18.05964  0.00662  0.00192
18.13088  0.00755  0.00187
18.20212  0.00536  0.00196
18.27337  0.00550  0.00192
18.34461  0.00533  0.00193
18.41585  0.00409  0.00190
18.48709  0.00436  0.00188
18.55833  0.00395  0.00190
18.62957  0.00424  0.00187
18.70081  0.00390  0.00186
18.77205  0.00521  0.00186
18.84329  0.00450  0.00186
18.91454  0.00401  0.00182
18.98578  0.00498  0.00184
19.05702  0.00419  0.00181
19.12826  0.00477  0.00182
19.19950  0.00451  0.00181
19.27074  0.00348  0.00180
19.34198  0.00480  0.00175
19.41322  0.00488  0.00177
19.48447  0.00523  0.00175
19.55571  0.00569  0.00176
19.62695  0.00565  0.00173
19.69819  0.00509  0.00176
19.76943  0.00632  0.00170
19.84067  0.00582  0.00173
19.91191  0.00745  0.00173
19.98315  0.00581  0.00175
20.05440  0.00682  0.00166
20.12564  0.00651  0.00169
20.19688  0.00648  0.00174
20.26812  0.00585  0.00170
20.33936  0.00613  0.00170
20.41060  0.00605  0.00171
20.48184  0.00623  0.00172
20.55308  0.00553  0.00173
20.62432  0.00666  0.00175
20.69557  0.00687  0.00173
20.76681  0.00578  0.00177
20.83805  0.00685  0.00178
20.90929  0.00634  0.00178
20.98053  0.00661  0.00176
21.05177  0.00723  0.00176
21.12301  0.00631  0.00177
21.19425  0.00633  0.00175
21.26550  0.00766  0.00177
21.33674  0.00785  0.00178
