 0.03554  0.00000      nan
 0.10661  0.00000      nan
 0.17769  0.00000      nan
 0.24877  0.00000      nan
 0.31984  0.00000      nan
 0.39092  0.00000      nan
 0.46200  0.00000      nan
 0.53307  0.00000      nan
 0.60415  0.00000      nan
 0.67523  0.00000      nan
 0.74630  0.00000      nan
 0.81738  0.00000      nan
 0.88846  0.00000      nan
 0.95953  0.00000      nan
 1.03061  0.00000      nan
 1.10169  0.00000      nan
 1.17276  0.00000      nan
 1.24384  0.00000      nan
 1.31492  0.00000      nan
 1.38599  0.00000      nan
 1.45707  0.00000      nan
 1.52815  0.00000      nan
 1.59922  0.00000      nan
 1.67030  0.00000      nan
 1.74137  0.00000      nan
 1.81245  0.00000      nan
 1.88353  0.00000      nan
 1.95460  0.00000      nan
 2.02568  0.00000      nan
 2.09676  0.00000      nan
 2.16783  0.00000      nan
 2.23891  0.00000      nan
 2.30999  0.00000      nan
 2.38106  0.00000      nan
 2.45214  0.00000      nan
 2.52322  0.00000      nan
 2.59429  0.00000      nan
 2.66537  0.00000      nan
 2.73645  0.00000      nan
 2.80752  0.00000      nan
 2.87860  0.00000      nan
 2.94968  0.00000      nan
 3.02075  0.00000      nan
 3.09183  0.00000      nan
 3.16291  0.00000      nan
 3.23398  0.01166  0.00279
 3.30506  0.06110  0.00639
 3.37614  0.19266  0.01089
 3.44721  0.48191  0.01772
 3.51829  0.88933  0.02013
 3.58936  1.40535  0.03066
 3.66044  1.96884  0.03706
 3.73152  2.40839  0.03375
 3.80259  2.80607  0.04011
 3.87367  3.09430  0.04352
 3.94475  3.30477  0.04877
 4.01582  3.41400  0.04645
 4.08690  3.42905  0.04414
 4.15798  3.33565  0.04418
 4.22905  3.11573  0.04029
 4.30013  2.73066  0.03789
 4.37121  2.37630  0.03185
 4.44228  2.07576  0.03041
 4.51336  1.86575  0.02757
 4.58444  1.74484  0.02582
 4.65551  1.67343  0.02544
 4.72659  1.55763  0.02566
 4.79767  1.54643  0.02262
 4.86874  1.55277  0.02159
 4.93982  1.54017  0.02208
 5.01090  1.54566  0.02132
 5.08197  1.57053  0.02201
 5.15305  1.60372  0.02331
 5.22412  1.65951  0.02264
 5.29520  1.67336  0.02303
 5.36628  1.68938  0.02087
 5.43735  1.69090  0.02072
 5.50843  1.65487  0.02195
 5.57951  1.64226  0.02182
 5.65058  1.58322  0.01941
 5.72166  1.59039  0.01993
 5.79274  1.54967  0.01930
 5.86381  1.51463  0.01964
 5.93489  1.47103  0.01823
 6.00597  1.48098  0.01817
 6.07704  1.43508  0.01820
 6.14812  1.43570  0.01862
 6.21920  1.41439  0.01688
 6.29027  1.41815  0.01719
 6.36135  1.39958  0.01764
 6.43243  1.36935  0.01516
 6.50350  1.39150  0.01523
 6.57458  1.34497  0.01428
 6.64566  1.31343  0.01549
 6.71673  1.29501  0.01601
 6.78781  1.26787  0.01483
 6.85888  1.23304  0.01349
 6.92996  1.20832  0.01375
 7.00104  1.20017  0.01415
 7.07211  1.18133  0.01269
 7.14319  1.13023  0.01208
 7.21427  1.12172  0.01218
 7.28534  1.12293  0.01257
 7.35642  1.09072  0.01282
 7.42750  1.07996  0.01067
 7.49857  1.08933  0.01223
 7.56965  1.06909  0.01209
 7.64073  1.09539  0.01208
 7.71180  1.08953  0.01247
 7.78288  1.08418  0.01249
 7.85396  1.09466  0.01214
 7.92503  1.09111  0.01203
 7.99611  1.11894  0.01120
 8.06719  1.12280  0.01222
 8.13826  1.11194  0.00895
 8.20934  1.13014  0.01132
 8.28042  1.11030  0.01125
 8.35149  1.13563  0.01047
 8.42257  1.12919  0.01128
 8.49365  1.14867  0.01076
 8.56472  1.13301  0.01137
 8.63580  1.13772  0.01140
 8.70687  1.11676  0.01137
 8.77795  1.11635  0.01089
 8.84903  1.12397  0.01014
 8.92010  1.12831  0.01048
 8.99118  1.09821  0.01026
 9.06226  1.10202  0.01091
 9.13333  1.08511  0.00834
 9.20441  1.08934  0.00862
 9.27549  1.08297  0.00932
 9.34656  1.07757  0.00975
 9.41764  1.06330  0.00971
 9.48872  1.06521  0.00963
 9.55979  1.04982  0.00936
 9.63087  1.04839  0.00959
 9.70195  1.07341  0.00916
 9.77302  1.04538  0.00849
 9.84410  1.06115  0.00992
 9.91518  1.04300  0.00890
 9.98625  1.04339  0.00878
10.05733  1.04785  0.00961
10.12841  1.05250  0.00851
10.19948  1.04782  0.00848
10.27056  1.04629  0.00894
10.34163  1.03793  0.00732
10.41271  1.03612  0.00816
10.48379  1.03538  0.00727
10.55486  1.04151  0.00912
10.62594  1.04943  0.00737
10.69702  1.04431  0.00854
10.76809  1.04183  0.00904
10.83917  1.06651  0.00827
10.91025  1.03325  0.00840
10.98132  1.03587  0.00763
11.05240  1.03175  0.00784
11.12348  1.04418  0.00746
11.19455  1.03395  0.00811
11.26563  1.02371  0.00790
11.33671  1.03219  0.00825
11.40778  1.04716  0.00769
11.47886  1.01621  0.00742
11.54994  1.02445  0.00703
11.62101  1.02556  0.00741
11.69209  1.02032  0.00744
11.76317  1.03251  0.00778
11.83424  1.03095  0.00793
11.90532  1.01453  0.00621
11.97639  1.01848  0.00718
12.04747  1.02425  0.00792
12.11855  1.02517  0.00687
12.18962  1.02021  0.00758
12.26070  1.01486  0.00733
12.33178  1.01726  0.00702
12.40285  1.01981  0.00737
12.47393  1.01916  0.00716
12.54501  1.02693  0.00639
12.61608  1.01634  0.00698
12.68716  1.01261  0.00708
12.75824  1.02177  0.00708
12.82931  1.00825  0.00669
12.90039  1.01981  0.00623
12.97147  1.01797  0.00677
13.04254  1.01897  0.00697
13.11362  1.00336  0.00667
13.18470  1.00789  0.00677
13.25577  1.00797  0.00708
13.32685  1.01454  0.00683
13.39793  1.00985  0.00635
13.46900  1.00828  0.00687
13.54008  1.00011  0.00679
13.61116  0.99960  0.00657
13.68223  1.00933  0.00625
13.75331  1.00985  0.00575
13.82438  0.99818  0.00610
13.89546  1.00134  0.00576
13.96654  1.00159  0.00675
14.03761  1.00706  0.00629
14.10869  1.00548  0.00483
14.17977  1.00210  0.00611
14.25084  1.00287  0.00590
14.32192  1.00533  0.00600
14.39300  1.00821  0.00556
14.46407  1.00302  0.00655
14.53515  1.01029  0.00591
14.60623  1.01521  0.00620
14.67730  0.98818  0.00575
14.74838  1.00481  0.00584
14.81946  0.99771  0.00540
14.89053  0.99073  0.00622
14.96161  1.00924  0.00589
15.03269  1.00384  0.00565
15.10376  0.99586  0.00554
15.17484  0.99641  0.00538
15.24592  0.99791  0.00560
15.31699  0.99289  0.00559
15.38807  0.99793  0.00587
15.45914  0.99847  0.00563
15.53022  0.99319  0.00585
15.60130  0.99884  0.00581
15.67237  1.00520  0.00460
15.74345  1.00069  0.00555
15.81453  0.99737  0.00514
15.88560  0.99748  0.00544
15.95668  0.98833  0.00533
16.02776  0.99582  0.00565
16.09883  0.98782  0.00480
16.16991  1.00128  0.00514
16.24099  0.98336  0.00471
16.31206  0.99793  0.00477
16.38314  0.98659  0.00568
16.45422  0.99613  0.00539
16.52529  0.98351  0.00473
16.59637  0.98750  0.00479
16.66745  0.99124  0.00446
16.73852  0.99211  0.00530
16.80960  0.99421  0.00521
16.88068  0.98547  0.00497
16.95175  0.99189  0.00495
17.02283  1.00091  0.00488
17.09390  0.98985  0.00487
17.16498  0.98920  0.00513
17.23606  0.98277  0.00523
17.30713  0.99299  0.00488
17.37821  0.98372  0.00485
17.44929  0.99112  0.00543
17.52036  0.98847  0.00500
17.59144  0.98537  0.00490
17.66252  0.98316  0.00512
17.73359  0.98600  0.00496
17.80467  0.99075  0.00478
17.87575  0.98711  0.00459
17.94682  0.98240  0.00445
18.01790  0.98218  0.00480
18.08898  0.99292  0.00387
18.16005  0.97796  0.00454
18.23113  0.98739  0.00503
18.30221  0.98321  0.00500
18.37328  0.98620  0.00455
18.44436  0.98399  0.00433
18.51544  0.98535  0.00493
18.58651  0.99042  0.00459
18.65759  0.98134  0.00457
18.72867  0.98557  0.00395
18.79974  0.97774  0.00477
18.87082  0.98611  0.00463
18.94189  0.98817  0.00394
19.01297  0.98284  0.00413
19.08405  0.97963  0.00465
19.15512  0.98679  0.00454
19.22620  0.99764  0.00433
19.29728  0.98452  0.00439
19.36835  0.98387  0.00400
19.43943  0.97990  0.00447
19.51051  0.98525  0.00426
19.58158  0.97697  0.00442
19.65266  0.98084  0.00410
19.72374  0.98122  0.00430
19.79481  0.98446  0.00418
19.86589  0.98687  0.00435
19.93697  0.98938  0.00443
20.00804  0.98598  0.00435
20.07912  0.98522  0.00442
20.15020  0.98322  0.00421
20.22127  0.98655  0.00440
20.29235  0.98765  0.00424
20.36343  0.98406  0.00404
20.43450  0.98068  0.00394
20.50558  0.98548  0.00406
20.57665  0.98650  0.00396
20.64773  0.98943  0.00420
20.71881  0.99033  0.00460
20.78988  0.97951  0.00382
20.86096  0.98052  0.00369
20.93204  0.97915  0.00408
21.00311  0.98457  0.00395
21.07419  0.98492  0.00393
21.14527  0.98418  0.00397
21.21634  0.98041  0.00443
21.28742  0.98204  0.00397
