 0.03554  0.00000
 0.10661  0.00000
 0.17769  0.00000
 0.24877  0.00000
 0.31984  0.00000
 0.39092  0.00000
 0.46200  0.00000
 0.53307  0.00000
 0.60415  0.00000
 0.67523  0.00000
 0.74630  0.00000
 0.81738  0.00000
 0.88846  0.00000
 0.95953  0.00000
 1.03061  0.00000
 1.10169  0.00000
 1.17276  0.00000
 1.24384  0.00000
 1.31492  0.00000
 1.38599  0.00000
 1.45707  0.00000
 1.52815  0.00000
 1.59922  0.00000
 1.67030  0.00000
 1.74137  0.00000
 1.81245  0.00000
 1.88353  0.00000
 1.95460  0.00000
 2.02568  0.00000
 2.09676  0.00000
 2.16783  0.00000
 2.23891  0.00000
 2.30999  0.00000
 2.38106  0.00000
 2.45214  0.00000
 2.52322  0.00032
 2.59429  0.01945
 2.66537  0.21673
 2.73645  0.83598
 2.80752  1.63519
 2.87860  2.08177
 2.94968  2.08425
 3.02075  1.83144
 3.09183  1.53486
 3.16291  1.28062
 3.23398  1.08588
 3.30506  0.95080
 3.37614  0.85849
 3.44721  0.79683
 3.51829  0.76114
 3.58936  0.74191
 3.66044  0.73753
 3.73152  0.74566
 3.80259  0.76005
 3.87367  0.76874
 3.94475  0.79500
 4.01582  0.82233
 4.08690  0.84879
 4.15798  0.88153
 4.22905  0.90822
 4.30013  0.94277
 4.37121  0.98216
 4.44228  1.01564
 4.51336  1.06024
 4.58444  1.09620
 4.65551  1.12757
 4.72659  1.14629
 4.79767  1.15215
 4.86874  1.14813
 4.93982  1.13817
 5.01090  1.12421
 5.08197  1.10845
 5.15305  1.09476
 5.22412  1.07309
 5.29520  1.06287
 5.36628  1.04510
 5.43735  1.03101
 5.50843  1.01562
 5.57951  0.99979
 5.65058  0.98630
 5.72166  0.97099
 5.79274  0.95747
 5.86381  0.94836
 5.93489  0.93862
 6.00597  0.93154
 6.07704  0.92944
 6.14812  0.92958
 6.21920  0.92772
 6.29027  0.92961
 6.36135  0.93812
 6.43243  0.94050
 6.50350  0.94501
 6.57458  0.95171
 6.64566  0.95949
 6.71673  0.96447
 6.78781  0.97243
 6.85888  0.97694
 6.92996  0.98586
 7.00104  0.99099
 7.07211  0.99691
 7.14319  1.00522
 7.21427  1.00987
 7.28534  1.01399
 7.35642  1.01735
 7.42750  1.01913
 7.49857  1.02000
 7.56965  1.01860
 7.64073  1.01877
 7.71180  1.01684
 7.78288  1.01482
 7.85396  1.01157
 7.92503  1.01028
 7.99611  1.00544
 8.06719  1.00403
 8.13826  1.00162
 8.20934  1.00016
 8.28042  0.99798
 8.35149  0.99644
 8.42257  0.99702
 8.49365  0.99583
 8.56472  0.99331
 8.63580  0.99379
 8.70687  0.99399
 8.77795  0.99363
 8.84903  0.99418
 8.92010  0.99363
 8.99118  0.99491
 9.06226  0.99535
 9.13333  0.99485
 9.20441  0.99548
 9.27549  0.99727
 9.34656  0.99729
 9.41764  0.99776
 9.48872  0.99637
 9.55979  0.99735
 9.63087  0.99719
 9.70195  0.99799
 9.77302  0.99819
 9.84410  0.99862
 9.91518  0.99798
 9.98625  0.99824
10.05733  1.00037
10.12841  0.99851
10.19948  0.99932
10.27056  0.99901
10.34163  1.00010
10.41271  1.00016
10.48379  1.00051
10.55486  1.00042
10.62594  0.99976
10.69702  0.99945
10.76809  1.00036
10.83917  1.00032
10.91025  1.00092
10.98132  1.00102
11.05240  1.00102
11.12348  1.00276
11.19455  1.00086
11.26563  1.00139
11.33671  1.00136
11.40778  1.00214
11.47886  1.00140
11.54994  1.00099
11.62101  1.00084
11.69209  1.00056
11.76317  1.00024
11.83424  1.00010
11.90532  1.00111
11.97639  0.99982
12.04747  1.00031
12.11855  1.00135
12.18962  1.00009
12.26070  1.00001
12.33178  1.00005
12.40285  0.99987
12.47393  1.00064
12.54501  0.99937
12.61608  1.00017
12.68716  0.99933
12.75824  0.99916
12.82931  0.99956
12.90039  1.00014
12.97147  1.00037
13.04254  1.00049
13.11362  1.00034
13.18470  1.00023
13.25577  1.00064
13.32685  1.00087
13.39793  0.99948
13.46900  1.00074
13.54008  1.00093
13.61116  1.00115
13.68223  1.00125
13.75331  1.00039
13.82438  1.00124
13.89546  1.00155
13.96654  1.00182
14.03761  1.00131
14.10869  1.00118
14.17977  1.00115
14.25084  1.00094
14.32192  1.00172
14.39300  1.00078
14.46407  1.00150
14.53515  1.00013
14.60623  1.00066
14.67730  1.00074
14.74838  1.00128
14.81946  1.00095
14.89053  1.00156
14.96161  1.00151
15.03269  1.00152
15.10376  1.00074
15.17484  1.00108
15.24592  1.00079
15.31699  1.00018
15.38807  1.00009
15.45914  1.00109
15.53022  1.00109
15.60130  1.00097
15.67237  1.00100
15.74345  1.00148
15.81453  1.00058
15.88560  1.00083
15.95668  1.00066
16.02776  1.00130
16.09883  1.00129
16.16991  1.00051
16.24099  1.00069
16.31206  1.00157
16.38314  1.00072
16.45422  1.00109
16.52529  1.00104
16.59637  1.00024
16.66745  1.00041
16.73852  1.00133
16.80960  1.00111
16.88068  1.00098
16.95175  1.00162
17.02283  1.00156
17.09390  1.00140
17.16498  1.00147
17.23606  1.00142
17.30713  1.00061
17.37821  1.00163
17.44929  1.00075
17.52036  1.00171
17.59144  1.00136
17.66252  1.00199
17.73359  1.00028
17.80467  1.00131
17.87575  1.00080
17.94682  1.00156
18.01790  1.00092
18.08898  0.99969
18.16005  1.00123
18.23113  1.00087
18.30221  1.00076
18.37328  1.00172
18.44436  1.00082
18.51544  1.00091
18.58651  1.00093
18.65759  1.00062
18.72867  1.00086
18.79974  1.00115
18.87082  1.00171
18.94189  1.00079
19.01297  1.00127
19.08405  1.00100
19.15512  1.00182
19.22620  1.00140
19.29728  1.00123
19.36835  1.00210
19.43943  1.00145
19.51051  1.00072
19.58158  1.00145
19.65266  1.00091
19.72374  1.00075
19.79481  1.00111
19.86589  1.00144
19.93697  1.00155
20.00804  1.00108
20.07912  1.00088
20.15020  1.00131
20.22127  1.00093
20.29235  1.00131
20.36343  1.00148
20.43450  1.00163
20.50558  1.00197
20.57665  1.00082
20.64773  1.00143
20.71881  1.00094
20.78988  1.00080
20.86096  1.00095
20.93204  1.00033
21.00311  1.00105
21.07419  1.00164
21.14527  1.00173
21.21634  1.00118
21.28742  1.00017
