 0.03554  0.00000
 0.10661  0.00000
 0.17769  0.00000
 0.24877  0.00000
 0.31984  0.00000
 0.39092  0.00000
 0.46200  0.00000
 0.53307  0.00000
 0.60415  0.00000
 0.67523  0.00000
 0.74630  0.00000
 0.81738  0.00000
 0.88846  0.00000
 0.95953  0.00000
 1.03061  0.00000
 1.10169  0.00000
 1.17276  0.00000
 1.24384  0.00000
 1.31492  0.00000
 1.38599  0.00000
 1.45707  0.00000
 1.52815  0.00000
 1.59922  0.00000
 1.67030  0.00000
 1.74137  0.00000
 1.81245  0.00000
 1.88353  0.00000
 1.95460  0.00000
 2.02568  0.00000
 2.09676  0.00000
 2.16783  0.00000
 2.23891  0.00000
 2.30999  0.00000
 2.38106  0.00000
 2.45214  0.00000
 2.52322  0.00000
 2.59429  0.00000
 2.66537  0.00000
 2.73645  0.00000
 2.80752  0.00000
 2.87860  0.00000
 2.94968  0.00002
 3.02075  0.00028
 3.09183  0.00211
 3.16291  0.01300
 3.23398  0.05104
 3.30506  0.14602
 3.37614  0.31711
 3.44721  0.55268
 3.51829  0.81496
 3.58936  1.05984
 3.66044  1.27816
 3.73152  1.44158
 3.80259  1.55602
 3.87367  1.63816
 3.94475  1.69024
 4.01582  1.68168
 4.08690  1.61384
 4.15798  1.47386
 4.22905  1.32416
 4.30013  1.18675
 4.37121  1.08445
 4.44228  1.01592
 4.51336  0.96147
 4.58444  0.92763
 4.65551  0.90511
 4.72659  0.89075
 4.79767  0.88293
 4.86874  0.87747
 4.93982  0.87685
 5.01090  0.88410
 5.08197  0.88876
 5.15305  0.89517
 5.22412  0.90683
 5.29520  0.92115
 5.36628  0.92613
 5.43735  0.93715
 5.50843  0.94908
 5.57951  0.95606
 5.65058  0.96911
 5.72166  0.97709
 5.79274  0.98490
 5.86381  0.99555
 5.93489  1.00095
 6.00597  1.00667
 6.07704  1.01420
 6.14812  1.01825
 6.21920  1.02185
 6.29027  1.02411
 6.36135  1.02336
 6.43243  1.02178
 6.50350  1.02016
 6.57458  1.01518
 6.64566  1.00977
 6.71673  1.00380
 6.78781  0.99506
 6.85888  0.99266
 6.92996  0.98448
 7.00104  0.98353
 7.07211  0.97999
 7.14319  0.98012
 7.21427  0.98205
 7.28534  0.98237
 7.35642  0.98458
 7.42750  0.98910
 7.49857  0.98997
 7.56965  0.99489
 7.64073  0.99919
 7.71180  1.00232
 7.78288  1.00697
 7.85396  1.00637
 7.92503  1.00997
 7.99611  1.01212
 8.06719  1.01331
 8.13826  1.01256
 8.20934  1.01390
 8.28042  1.01454
 8.35149  1.01309
 8.42257  1.01061
 8.49365  1.01114
 8.56472  1.00853
 8.63580  1.00576
 8.70687  1.00503
 8.77795  1.00380
 8.84903  1.00166
 8.92010  0.99903
 8.99118  0.99698
 9.06226  0.99460
 9.13333  0.99524
 9.20441  0.99433
 9.27549  0.99319
 9.34656  0.99292
 9.41764  0.99373
 9.48872  0.99411
 9.55979  0.99308
 9.63087  0.99479
 9.70195  0.99660
 9.77302  0.99760
 9.84410  0.99918
 9.91518  1.00020
 9.98625  1.00060
10.05733  1.00300
10.12841  1.00440
10.19948  1.00465
10.27056  1.00591
10.34163  1.00635
10.41271  1.00617
10.48379  1.00721
10.55486  1.00724
10.62594  1.00659
10.69702  1.00786
10.76809  1.00658
10.83917  1.00571
10.91025  1.00447
10.98132  1.00484
11.05240  1.00438
11.12348  1.00353
11.19455  1.00333
11.26563  1.00231
11.33671  1.00143
11.40778  1.00140
11.47886  1.00207
11.54994  1.00126
11.62101  1.00013
11.69209  1.00066
11.76317  1.00080
11.83424  1.00120
11.90532  1.00155
11.97639  1.00126
12.04747  1.00086
12.11855  1.00242
12.18962  1.00156
12.26070  1.00151
12.33178  1.00082
12.40285  1.00165
12.47393  1.00265
12.54501  1.00168
12.61608  1.00191
12.68716  1.00246
12.75824  1.00256
12.82931  1.00183
12.90039  1.00338
12.97147  1.00388
13.04254  1.00332
13.11362  1.00264
13.18470  1.00181
13.25577  1.00223
13.32685  1.00360
13.39793  1.00337
13.46900  1.00208
13.54008  1.00255
13.61116  1.00141
13.68223  1.00175
13.75331  1.00277
13.82438  1.00155
13.89546  1.00164
13.96654  1.00261
14.03761  1.00183
14.10869  1.00171
14.17977  1.00247
14.25084  1.00169
14.32192  1.00255
14.39300  1.00283
14.46407  1.00196
14.53515  1.00112
14.60623  1.00253
14.67730  1.00168
14.74838  1.00267
14.81946  1.00203
14.89053  1.00171
14.96161  1.00289
15.03269  1.00237
15.10376  1.00205
15.17484  1.00142
15.24592  1.00145
15.31699  1.00202
15.38807  1.00200
15.45914  1.00217
15.53022  1.00217
15.60130  1.00274
15.67237  1.00187
15.74345  1.00262
15.81453  1.00153
15.88560  1.00146
15.95668  1.00228
16.02776  1.00224
16.09883  1.00228
16.16991  1.00113
16.24099  1.00193
16.31206  1.00214
16.38314  1.00240
16.45422  1.00188
16.52529  1.00146
16.59637  1.00155
16.66745  1.00201
16.73852  1.00103
16.80960  1.00253
16.88068  1.00153
16.95175  1.00262
17.02283  1.00180
17.09390  1.00218
17.16498  1.00258
17.23606  1.00194
17.30713  1.00223
17.37821  1.00194
17.44929  1.00156
17.52036  1.00222
17.59144  1.00152
17.66252  1.00175
17.73359  1.00184
17.80467  1.00238
17.87575  1.00237
17.94682  1.00249
18.01790  1.00224
18.08898  1.00164
18.16005  1.00229
18.23113  1.00094
18.30221  1.00138
18.37328  1.00214
18.44436  1.00178
18.51544  1.00207
18.58651  1.00131
18.65759  1.00169
18.72867  1.00249
18.79974  1.00206
18.87082  1.00128
18.94189  1.00235
19.01297  1.00199
19.08405  1.00116
19.15512  1.00150
19.22620  1.00173
19.29728  1.00146
19.36835  1.00177
19.43943  1.00166
19.51051  1.00220
19.58158  1.00192
19.65266  1.00274
19.72374  1.00221
19.79481  1.00143
19.86589  1.00255
19.93697  1.00216
20.00804  1.00133
20.07912  1.00233
20.15020  1.00232
20.22127  1.00098
20.29235  1.00133
20.36343  1.00126
20.43450  1.00241
20.50558  1.00160
20.57665  1.00208
20.64773  1.00124
20.71881  1.00166
20.78988  1.00176
20.86096  1.00178
20.93204  1.00123
21.00311  1.00178
21.07419  1.00123
21.14527  1.00218
21.21634  1.00096
21.28742  1.00042
