 0.03554      inf
 0.10661      inf
 0.17769      inf
 0.24877      inf
 0.31984      inf
 0.39092      inf
 0.46200      inf
 0.53307      inf
 0.60415      inf
 0.67523      inf
 0.74630      inf
 0.81738      inf
 0.88846      inf
 0.95953      inf
 1.03061      inf
 1.10169      inf
 1.17276      inf
 1.24384      inf
 1.31492      inf
 1.38599      inf
 1.45707      inf
 1.52815      inf
 1.59922      inf
 1.67030      inf
 1.74137      inf
 1.81245      inf
 1.88353      inf
 1.95460      inf
 2.02568      inf
 2.09676      inf
 2.16783      inf
 2.23891      inf
 2.30999      inf
 2.38106      inf
 2.45214      inf
 2.52322  4.76161
 2.59429  2.33244
 2.66537  0.90523
 2.73645  0.10606
 2.80752 -0.29112
 2.87860 -0.43406
 2.94968 -0.43477
 3.02075 -0.35822
 3.09183 -0.25364
 3.16291 -0.14643
 3.23398 -0.04878
 3.30506  0.02987
 3.37614  0.09033
 3.44721  0.13445
 3.51829  0.16158
 3.58936  0.17673
 3.66044  0.18023
 3.73152  0.17375
 3.80259  0.16243
 3.87367  0.15570
 3.94475  0.13581
 4.01582  0.11580
 4.08690  0.09705
 4.15798  0.07465
 4.22905  0.05699
 4.30013  0.03489
 4.37121  0.01066
 4.44228 -0.00919
 4.51336 -0.03463
 4.58444 -0.05437
 4.65551 -0.07108
 4.72659 -0.08083
 4.79767 -0.08384
 4.86874 -0.08177
 4.93982 -0.07662
 5.01090 -0.06931
 5.08197 -0.06095
 5.15305 -0.05359
 5.22412 -0.04176
 5.29520 -0.03610
 5.36628 -0.02611
 5.43735 -0.01808
 5.50843 -0.00918
 5.57951  0.00013
 5.65058  0.00817
 5.72166  0.01743
 5.79274  0.02573
 5.86381  0.03139
 5.93489  0.03750
 6.00597  0.04198
 6.07704  0.04332
 6.14812  0.04323
 6.21920  0.04441
 6.29027  0.04321
 6.36135  0.03782
 6.43243  0.03631
 6.50350  0.03349
 6.57458  0.02930
 6.64566  0.02448
 6.71673  0.02142
 6.78781  0.01655
 6.85888  0.01381
 6.92996  0.00843
 7.00104  0.00536
 7.07211  0.00183
 7.14319 -0.00308
 7.21427 -0.00581
 7.28534 -0.00822
 7.35642 -0.01018
 7.42750 -0.01122
 7.49857 -0.01172
 7.56965 -0.01091
 7.64073 -0.01101
 7.71180 -0.00989
 7.78288 -0.00871
 7.85396 -0.00681
 7.92503 -0.00606
 7.99611 -0.00321
 8.06719 -0.00238
 8.13826 -0.00096
 8.20934 -0.00010
 8.28042  0.00119
 8.35149  0.00211
 8.42257  0.00176
 8.49365  0.00247
 8.56472  0.00397
 8.63580  0.00369
 8.70687  0.00357
 8.77795  0.00378
 8.84903  0.00346
 8.92010  0.00378
 8.99118  0.00302
 9.06226  0.00276
 9.13333  0.00306
 9.20441  0.00268
 9.27549  0.00162
 9.34656  0.00160
 9.41764  0.00133
 9.48872  0.00216
 9.55979  0.00157
 9.63087  0.00167
 9.70195  0.00119
 9.77302  0.00107
 9.84410  0.00082
 9.91518  0.00120
 9.98625  0.00104
10.05733 -0.00022
10.12841  0.00088
10.19948  0.00040
10.27056  0.00059
10.34163 -0.00006
10.41271 -0.00009
10.48379 -0.00030
10.55486 -0.00025
10.62594  0.00014
10.69702  0.00033
10.76809 -0.00021
10.83917 -0.00019
10.91025 -0.00054
10.98132 -0.00061
11.05240 -0.00061
11.12348 -0.00163
11.19455 -0.00051
11.26563 -0.00082
11.33671 -0.00081
11.40778 -0.00126
11.47886 -0.00083
11.54994 -0.00059
11.62101 -0.00049
11.69209 -0.00033
11.76317 -0.00014
11.83424 -0.00006
11.90532 -0.00066
11.97639  0.00011
12.04747 -0.00019
12.11855 -0.00080
12.18962 -0.00005
12.26070 -0.00001
12.33178 -0.00003
12.40285  0.00008
12.47393 -0.00038
12.54501  0.00037
12.61608 -0.00010
12.68716  0.00040
12.75824  0.00050
12.82931  0.00026
12.90039 -0.00008
12.97147 -0.00022
13.04254 -0.00029
13.11362 -0.00020
13.18470 -0.00013
13.25577 -0.00038
13.32685 -0.00052
13.39793  0.00031
13.46900 -0.00044
13.54008 -0.00055
13.61116 -0.00068
13.68223 -0.00074
13.75331 -0.00023
13.82438 -0.00073
13.89546 -0.00092
13.96654 -0.00107
14.03761 -0.00078
14.10869 -0.00070
14.17977 -0.00068
14.25084 -0.00055
14.32192 -0.00102
14.39300 -0.00046
14.46407 -0.00089
14.53515 -0.00008
14.60623 -0.00039
14.67730 -0.00044
14.74838 -0.00076
14.81946 -0.00056
14.89053 -0.00092
14.96161 -0.00089
15.03269 -0.00090
15.10376 -0.00044
15.17484 -0.00064
15.24592 -0.00047
15.31699 -0.00010
15.38807 -0.00005
15.45914 -0.00064
15.53022 -0.00065
15.60130 -0.00057
15.67237 -0.00059
15.74345 -0.00088
15.81453 -0.00034
15.88560 -0.00049
15.95668 -0.00039
16.02776 -0.00077
16.09883 -0.00076
16.16991 -0.00030
16.24099 -0.00041
16.31206 -0.00093
16.38314 -0.00042
16.45422 -0.00065
16.52529 -0.00062
16.59637 -0.00014
16.66745 -0.00024
16.73852 -0.00079
16.80960 -0.00066
16.88068 -0.00058
16.95175 -0.00096
17.02283 -0.00092
17.09390 -0.00083
17.16498 -0.00087
17.23606 -0.00084
17.30713 -0.00036
17.37821 -0.00097
17.44929 -0.00044
17.52036 -0.00101
17.59144 -0.00080
17.66252 -0.00117
17.73359 -0.00017
17.80467 -0.00077
17.87575 -0.00047
17.94682 -0.00092
18.01790 -0.00055
18.08898  0.00019
18.16005 -0.00073
18.23113 -0.00051
18.30221 -0.00045
18.37328 -0.00102
18.44436 -0.00049
18.51544 -0.00054
18.58651 -0.00055
18.65759 -0.00037
18.72867 -0.00051
18.79974 -0.00068
18.87082 -0.00101
18.94189 -0.00047
19.01297 -0.00075
19.08405 -0.00059
19.15512 -0.00108
19.22620 -0.00083
19.29728 -0.00073
19.36835 -0.00124
19.43943 -0.00086
19.51051 -0.00042
19.58158 -0.00086
19.65266 -0.00054
19.72374 -0.00044
19.79481 -0.00066
19.86589 -0.00085
19.93697 -0.00092
20.00804 -0.00064
20.07912 -0.00052
20.15020 -0.00077
20.22127 -0.00055
20.29235 -0.00077
20.36343 -0.00088
20.43450 -0.00096
20.50558 -0.00116
20.57665 -0.00049
20.64773 -0.00085
20.71881 -0.00056
20.78988 -0.00048
20.86096 -0.00056
20.93204 -0.00020
21.00311 -0.00062
21.07419 -0.00097
21.14527 -0.00102
21.21634 -0.00070
21.28742 -0.00010
