 0.03554      inf
 0.10661      inf
 0.17769      inf
 0.24877      inf
 0.31984      inf
 0.39092      inf
 0.46200      inf
 0.53307      inf
 0.60415      inf
 0.67523      inf
 0.74630      inf
 0.81738      inf
 0.88846      inf
 0.95953      inf
 1.03061      inf
 1.10169      inf
 1.17276      inf
 1.24384      inf
 1.31492      inf
 1.38599      inf
 1.45707      inf
 1.52815      inf
 1.59922      inf
 1.67030      inf
 1.74137      inf
 1.81245      inf
 1.88353      inf
 1.95460      inf
 2.02568      inf
 2.09676      inf
 2.16783      inf
 2.23891      inf
 2.30999      inf
 2.38106      inf
 2.45214      inf
 2.52322      inf
 2.59429      inf
 2.66537      inf
 2.73645      inf
 2.80752      inf
 2.87860      inf
 2.94968  6.34784
 3.02075  4.84259
 3.09183  3.64654
 3.16291  2.57084
 3.23398  1.76132
 3.30506  1.13902
 3.37614  0.67992
 3.44721  0.35104
 3.51829  0.12113
 3.58936 -0.03441
 3.66044 -0.14529
 3.73152 -0.21652
 3.80259 -0.26174
 3.87367 -0.29220
 3.94475 -0.31072
 4.01582 -0.30772
 4.08690 -0.28334
 4.15798 -0.22963
 4.22905 -0.16622
 4.30013 -0.10136
 4.37121 -0.04799
 4.44228 -0.00935
 4.51336  0.02326
 4.58444  0.04447
 4.65551  0.05902
 4.72659  0.06849
 4.79767  0.07371
 4.86874  0.07738
 4.93982  0.07780
 5.01090  0.07293
 5.08197  0.06981
 5.15305  0.06556
 5.22412  0.05790
 5.29520  0.04863
 5.36628  0.04543
 5.43735  0.03843
 5.50843  0.03094
 5.57951  0.02660
 5.65058  0.01858
 5.72166  0.01372
 5.79274  0.00901
 5.86381  0.00264
 5.93489 -0.00056
 6.00597 -0.00394
 6.07704 -0.00835
 6.14812 -0.01071
 6.21920 -0.01280
 6.29027 -0.01410
 6.36135 -0.01367
 6.43243 -0.01276
 6.50350 -0.01181
 6.57458 -0.00892
 6.64566 -0.00575
 6.71673 -0.00225
 6.78781  0.00293
 6.85888  0.00436
 6.92996  0.00926
 7.00104  0.00983
 7.07211  0.01196
 7.14319  0.01189
 7.21427  0.01072
 7.28534  0.01053
 7.35642  0.00920
 7.42750  0.00649
 7.49857  0.00597
 7.56965  0.00303
 7.64073  0.00048
 7.71180 -0.00137
 7.78288 -0.00411
 7.85396 -0.00376
 7.92503 -0.00587
 7.99611 -0.00713
 8.06719 -0.00783
 8.13826 -0.00739
 8.20934 -0.00817
 8.28042 -0.00854
 8.35149 -0.00770
 8.42257 -0.00625
 8.49365 -0.00656
 8.56472 -0.00503
 8.63580 -0.00340
 8.70687 -0.00297
 8.77795 -0.00225
 8.84903 -0.00098
 8.92010  0.00058
 8.99118  0.00179
 9.06226  0.00320
 9.13333  0.00282
 9.20441  0.00337
 9.27549  0.00405
 9.34656  0.00421
 9.41764  0.00373
 9.48872  0.00350
 9.55979  0.00411
 9.63087  0.00309
 9.70195  0.00202
 9.77302  0.00142
 9.84410  0.00049
 9.91518 -0.00012
 9.98625 -0.00036
10.05733 -0.00177
10.12841 -0.00260
10.19948 -0.00275
10.27056 -0.00349
10.34163 -0.00375
10.41271 -0.00364
10.48379 -0.00425
10.55486 -0.00427
10.62594 -0.00389
10.69702 -0.00464
10.76809 -0.00388
10.83917 -0.00337
10.91025 -0.00264
10.98132 -0.00286
11.05240 -0.00259
11.12348 -0.00208
11.19455 -0.00197
11.26563 -0.00136
11.33671 -0.00084
11.40778 -0.00083
11.47886 -0.00123
11.54994 -0.00074
11.62101 -0.00008
11.69209 -0.00039
11.76317 -0.00047
11.83424 -0.00071
11.90532 -0.00092
11.97639 -0.00075
12.04747 -0.00051
12.11855 -0.00143
12.18962 -0.00092
12.26070 -0.00089
12.33178 -0.00048
12.40285 -0.00097
12.47393 -0.00156
12.54501 -0.00099
12.61608 -0.00113
12.68716 -0.00145
12.75824 -0.00151
12.82931 -0.00108
12.90039 -0.00200
12.97147 -0.00229
13.04254 -0.00196
13.11362 -0.00156
13.18470 -0.00107
13.25577 -0.00132
13.32685 -0.00213
13.39793 -0.00199
13.46900 -0.00123
13.54008 -0.00151
13.61116 -0.00083
13.68223 -0.00104
13.75331 -0.00164
13.82438 -0.00092
13.89546 -0.00097
13.96654 -0.00154
14.03761 -0.00108
14.10869 -0.00101
14.17977 -0.00146
14.25084 -0.00100
14.32192 -0.00151
14.39300 -0.00168
14.46407 -0.00116
14.53515 -0.00066
14.60623 -0.00150
14.67730 -0.00099
14.74838 -0.00158
14.81946 -0.00120
14.89053 -0.00101
14.96161 -0.00171
15.03269 -0.00140
15.10376 -0.00121
15.17484 -0.00084
15.24592 -0.00086
15.31699 -0.00119
15.38807 -0.00119
15.45914 -0.00128
15.53022 -0.00129
15.60130 -0.00162
15.67237 -0.00110
15.74345 -0.00155
15.81453 -0.00090
15.88560 -0.00086
15.95668 -0.00135
16.02776 -0.00133
16.09883 -0.00135
16.16991 -0.00067
16.24099 -0.00114
16.31206 -0.00127
16.38314 -0.00142
16.45422 -0.00111
16.52529 -0.00087
16.59637 -0.00091
16.66745 -0.00119
16.73852 -0.00061
16.80960 -0.00149
16.88068 -0.00090
16.95175 -0.00155
17.02283 -0.00106
17.09390 -0.00129
17.16498 -0.00153
17.23606 -0.00115
17.30713 -0.00132
17.37821 -0.00114
17.44929 -0.00092
17.52036 -0.00131
17.59144 -0.00090
17.66252 -0.00104
17.73359 -0.00109
17.80467 -0.00141
17.87575 -0.00140
17.94682 -0.00147
18.01790 -0.00132
18.08898 -0.00097
18.16005 -0.00136
18.23113 -0.00056
18.30221 -0.00082
18.37328 -0.00126
18.44436 -0.00105
18.51544 -0.00122
18.58651 -0.00077
18.65759 -0.00100
18.72867 -0.00147
18.79974 -0.00122
18.87082 -0.00076
18.94189 -0.00139
19.01297 -0.00118
19.08405 -0.00069
19.15512 -0.00089
19.22620 -0.00102
19.29728 -0.00086
19.36835 -0.00105
19.43943 -0.00098
19.51051 -0.00130
19.58158 -0.00114
19.65266 -0.00162
19.72374 -0.00131
19.79481 -0.00084
19.86589 -0.00151
19.93697 -0.00128
20.00804 -0.00079
20.07912 -0.00138
20.15020 -0.00137
20.22127 -0.00058
20.29235 -0.00079
20.36343 -0.00074
20.43450 -0.00143
20.50558 -0.00094
20.57665 -0.00123
20.64773 -0.00074
20.71881 -0.00098
20.78988 -0.00104
20.86096 -0.00105
20.93204 -0.00073
21.00311 -0.00105
21.07419 -0.00073
21.14527 -0.00129
21.21634 -0.00057
21.28742 -0.00025
