 0.03554      inf      nan
 0.10661      inf      nan
 0.17769      inf      nan
 0.24877      inf      nan
 0.31984      inf      nan
 0.39092      inf      nan
 0.46200      inf      nan
 0.53307      inf      nan
 0.60415      inf      nan
 0.67523      inf      nan
 0.74630      inf      nan
 0.81738      inf      nan
 0.88846      inf      nan
 0.95953      inf      nan
 1.03061      inf      nan
 1.10169      inf      nan
 1.17276      inf      nan
 1.24384      inf      nan
 1.31492      inf      nan
 1.38599      inf      nan
 1.45707      inf      nan
 1.52815      inf      nan
 1.59922      inf      nan
 1.67030      inf      nan
 1.74137      inf      nan
 1.81245      inf      nan
 1.88353      inf      nan
 1.95460      inf      nan
 2.02568      inf      nan
 2.09676      inf      nan
 2.16783      inf      nan
 2.23891      inf      nan
 2.30999      inf      nan
 2.38106      inf      nan
 2.45214      inf      nan
 2.52322      inf      nan
 2.59429      inf      nan
 2.66537      inf      nan
 2.73645      inf      nan
 2.80752      inf      nan
 2.87860      inf      nan
 2.94968      inf      nan
 3.02075      inf      nan
 3.09183      inf      nan
 3.16291      inf      nan
 3.23398  2.63511  0.14168
 3.30506  1.65481  0.06190
 3.37614  0.97494  0.03347
 3.44721  0.43216  0.02177
 3.51829  0.06943  0.01340
 3.58936 -0.20145  0.01291
 3.66044 -0.40105  0.01114
 3.73152 -0.52034  0.00829
 3.80259 -0.61082  0.00846
 3.87367 -0.66870  0.00833
 3.94475 -0.70766  0.00874
 4.01582 -0.72691  0.00805
 4.08690 -0.72951  0.00762
 4.15798 -0.71316  0.00784
 4.22905 -0.67279  0.00766
 4.30013 -0.59469  0.00821
 4.37121 -0.51240  0.00793
 4.44228 -0.43235  0.00867
 4.51336 -0.36921  0.00875
 4.58444 -0.32954  0.00876
 4.65551 -0.30481  0.00900
 4.72659 -0.26235  0.00975
 4.79767 -0.25808  0.00866
 4.86874 -0.26050  0.00823
 4.93982 -0.25568  0.00849
 5.01090 -0.25779  0.00817
 5.08197 -0.26724  0.00830
 5.15305 -0.27962  0.00860
 5.22412 -0.29986  0.00808
 5.29520 -0.30478  0.00815
 5.36628 -0.31042  0.00731
 5.43735 -0.31095  0.00726
 5.50843 -0.29821  0.00785
 5.57951 -0.29367  0.00786
 5.65058 -0.27200  0.00726
 5.72166 -0.27467  0.00742
 5.79274 -0.25932  0.00737
 5.86381 -0.24578  0.00768
 5.93489 -0.22849  0.00734
 6.00597 -0.23248  0.00726
 6.07704 -0.21384  0.00751
 6.14812 -0.21410  0.00768
 6.21920 -0.20524  0.00707
 6.29027 -0.20682  0.00718
 6.36135 -0.19902  0.00746
 6.43243 -0.18609  0.00655
 6.50350 -0.19559  0.00648
 6.57458 -0.17545  0.00628
 6.64566 -0.16141  0.00698
 6.71673 -0.15304  0.00732
 6.78781 -0.14051  0.00692
 6.85888 -0.12401  0.00648
 6.92996 -0.11203  0.00674
 7.00104 -0.10802  0.00698
 7.07211 -0.09865  0.00636
 7.14319 -0.07247  0.00633
 7.21427 -0.06800  0.00643
 7.28534 -0.06864  0.00662
 7.35642 -0.05141  0.00696
 7.42750 -0.04554  0.00585
 7.49857 -0.05065  0.00665
 7.56965 -0.03955  0.00670
 7.64073 -0.05394  0.00653
 7.71180 -0.05076  0.00678
 7.78288 -0.04785  0.00682
 7.85396 -0.05354  0.00657
 7.92503 -0.05162  0.00652
 7.99611 -0.06653  0.00593
 8.06719 -0.06857  0.00644
 8.13826 -0.06281  0.00476
 8.20934 -0.07243  0.00593
 8.28042 -0.06194  0.00600
 8.35149 -0.07529  0.00546
 8.42257 -0.07193  0.00592
 8.49365 -0.08205  0.00555
 8.56472 -0.07393  0.00594
 8.63580 -0.07638  0.00593
 8.70687 -0.06538  0.00603
 8.77795 -0.06516  0.00577
 8.84903 -0.06918  0.00534
 8.92010 -0.07147  0.00550
 8.99118 -0.05546  0.00553
 9.06226 -0.05751  0.00586
 9.13333 -0.04835  0.00455
 9.20441 -0.05066  0.00469
 9.27549 -0.04718  0.00509
 9.34656 -0.04422  0.00536
 9.41764 -0.03634  0.00541
 9.48872 -0.03740  0.00535
 9.55979 -0.02878  0.00528
 9.63087 -0.02797  0.00541
 9.70195 -0.04194  0.00505
 9.77302 -0.02628  0.00481
 9.84410 -0.03514  0.00553
 9.91518 -0.02492  0.00505
 9.98625 -0.02514  0.00498
10.05733 -0.02767  0.00543
10.12841 -0.03029  0.00479
10.19948 -0.02765  0.00479
10.27056 -0.02679  0.00506
10.34163 -0.02204  0.00417
10.41271 -0.02101  0.00466
10.48379 -0.02058  0.00416
10.55486 -0.02408  0.00519
10.62594 -0.02856  0.00416
10.69702 -0.02567  0.00484
10.76809 -0.02426  0.00514
10.83917 -0.03812  0.00459
10.91025 -0.01936  0.00481
10.98132 -0.02086  0.00436
11.05240 -0.01850  0.00450
11.12348 -0.02560  0.00423
11.19455 -0.01976  0.00464
11.26563 -0.01387  0.00457
11.33671 -0.01876  0.00473
11.40778 -0.02728  0.00435
11.47886 -0.00952  0.00432
11.54994 -0.01430  0.00406
11.62101 -0.01494  0.00428
11.69209 -0.01191  0.00432
11.76317 -0.01894  0.00446
11.83424 -0.01805  0.00455
11.90532 -0.00854  0.00362
11.97639 -0.01084  0.00417
12.04747 -0.01419  0.00458
12.11855 -0.01472  0.00397
12.18962 -0.01184  0.00440
12.26070 -0.00873  0.00428
12.33178 -0.01013  0.00408
12.40285 -0.01161  0.00428
12.47393 -0.01123  0.00416
12.54501 -0.01573  0.00368
12.61608 -0.00959  0.00406
12.68716 -0.00742  0.00414
12.75824 -0.01275  0.00410
12.82931 -0.00487  0.00393
12.90039 -0.01162  0.00362
12.97147 -0.01054  0.00394
13.04254 -0.01112  0.00405
13.11362 -0.00199  0.00394
13.18470 -0.00465  0.00398
13.25577 -0.00470  0.00416
13.32685 -0.00855  0.00399
13.39793 -0.00580  0.00373
13.46900 -0.00488  0.00403
13.54008 -0.00006  0.00402
13.61116  0.00023  0.00389
13.68223 -0.00550  0.00366
13.75331 -0.00581  0.00337
13.82438  0.00108  0.00362
13.89546 -0.00079  0.00341
13.96654 -0.00094  0.00399
14.03761 -0.00416  0.00370
14.10869 -0.00324  0.00284
14.17977 -0.00124  0.00361
14.25084 -0.00170  0.00348
14.32192 -0.00315  0.00353
14.39300 -0.00484  0.00326
14.46407 -0.00179  0.00387
14.53515 -0.00606  0.00346
14.60623 -0.00894  0.00362
14.67730  0.00704  0.00344
14.74838 -0.00284  0.00344
14.81946  0.00136  0.00320
14.89053  0.00551  0.00371
14.96161 -0.00544  0.00345
15.03269 -0.00227  0.00333
15.10376  0.00245  0.00329
15.17484  0.00213  0.00320
15.24592  0.00124  0.00332
15.31699  0.00422  0.00333
15.38807  0.00123  0.00348
15.45914  0.00091  0.00334
15.53022  0.00405  0.00348
15.60130  0.00068  0.00344
15.67237 -0.00307  0.00271
15.74345 -0.00041  0.00328
15.81453  0.00156  0.00305
15.88560  0.00149  0.00323
15.95668  0.00695  0.00319
16.02776  0.00248  0.00336
16.09883  0.00726  0.00288
16.16991 -0.00076  0.00304
16.24099  0.00993  0.00283
16.31206  0.00123  0.00283
16.38314  0.00800  0.00341
16.45422  0.00229  0.00320
16.52529  0.00984  0.00285
16.59637  0.00744  0.00287
16.66745  0.00521  0.00266
16.73852  0.00469  0.00316
16.80960  0.00344  0.00311
16.88068  0.00866  0.00299
16.95175  0.00482  0.00295
17.02283 -0.00054  0.00289
17.09390  0.00604  0.00291
17.16498  0.00643  0.00307
17.23606  0.01029  0.00315
17.30713  0.00416  0.00291
17.37821  0.00971  0.00292
17.44929  0.00528  0.00324
17.52036  0.00687  0.00299
17.59144  0.00873  0.00294
17.66252  0.01006  0.00308
17.73359  0.00835  0.00298
17.80467  0.00550  0.00285
17.87575  0.00768  0.00275
17.94682  0.01051  0.00268
18.01790  0.01064  0.00289
18.08898  0.00420  0.00231
18.16005  0.01319  0.00275
18.23113  0.00751  0.00301
18.30221  0.01003  0.00301
18.37328  0.00823  0.00273
18.44436  0.00955  0.00261
18.51544  0.00874  0.00296
18.58651  0.00570  0.00274
18.65759  0.01115  0.00275
18.72867  0.00861  0.00237
18.79974  0.01332  0.00289
18.87082  0.00828  0.00278
18.94189  0.00705  0.00236
19.01297  0.01025  0.00249
19.08405  0.01218  0.00281
19.15512  0.00787  0.00273
19.22620  0.00140  0.00257
19.29728  0.00924  0.00264
19.36835  0.00963  0.00241
19.43943  0.01202  0.00270
19.51051  0.00880  0.00256
19.58158  0.01379  0.00268
19.65266  0.01145  0.00248
19.72374  0.01122  0.00260
19.79481  0.00927  0.00251
19.86589  0.00783  0.00261
19.93697  0.00632  0.00265
20.00804  0.00836  0.00261
20.07912  0.00881  0.00265
20.15020  0.01002  0.00254
20.22127  0.00802  0.00264
20.29235  0.00736  0.00254
20.36343  0.00951  0.00243
20.43450  0.01155  0.00238
20.50558  0.00866  0.00244
20.57665  0.00805  0.00238
20.64773  0.00629  0.00251
20.71881  0.00575  0.00275
20.78988  0.01225  0.00231
20.86096  0.01165  0.00223
20.93204  0.01248  0.00247
21.00311  0.00921  0.00237
21.07419  0.00900  0.00236
21.14527  0.00944  0.00239
21.21634  0.01171  0.00267
21.28742  0.01073  0.00239
