[30] 0.09059008000000013 1.1713295562499986 1.2065611607322353 0.97085431 
[60] 5.25299999996065e-05 0.0454101562499996 0.014318211091449484 1.42e-06 
[90] 0.09063872000000028 1.1717155562499992 1.2019853832171066 0.97303892 
[120] 0.18468874000000035 2.498145506249999 2.4630551306836423 2.26800157 
[150] 0.09061157000000009 1.1723126962499992 1.212399943251512 0.97612657 
[180] 5.096000000026635e-05 0.04541483624999958 0.0 0.0 
[210] 0.09060361999999955 1.172296226249999 1.21222151756956 0.97604961 
[240] 0.18468865999999995 2.49816477625 2.4674745781740057 2.26800139 
[270] 0.09063121999999968 1.1717275062499986 1.2020475156459725 0.97301238 
[300] 0.0 0.04541984624999933 0.012338480926700868 1.3000000000000003e-07 
[330] 0.09064974999999986 1.1713264762499995 1.2068156095119775 0.97086959 
[360] 0.18475661999999993 2.4981677762499994 2.462427764075983 2.26800118 
