 0.03558  0.00000      nan
 0.10674  0.00000      nan
 0.17790  0.00000      nan
 0.24906  0.00000      nan
 0.32022  0.00000      nan
 0.39137  0.00000      nan
 0.46253  0.00000      nan
 0.53369  0.00000      nan
 0.60485  0.00000      nan
 0.67601  0.00000      nan
 0.74717  0.00000      nan
 0.81833  0.00000      nan
 0.88949  0.00000      nan
 0.96065  0.00000      nan
 1.03181  0.00000      nan
 1.10297  0.00000      nan
 1.17412  0.00000      nan
 1.24528  0.00000      nan
 1.31644  0.00000      nan
 1.38760  0.00000      nan
 1.45876  0.00000      nan
 1.52992  0.00000      nan
 1.60108  0.00000      nan
 1.67224  0.00000      nan
 1.74340  0.00000      nan
 1.81456  0.00000      nan
 1.88571  0.00000      nan
 1.95687  0.00000      nan
 2.02803  0.00000      nan
 2.09919  0.00000      nan
 2.17035  0.00000      nan
 2.24151  0.00000      nan
 2.31267  0.00000      nan
 2.38383  0.00000      nan
 2.45499  0.00000      nan
 2.52615  0.00000      nan
 2.59730  0.00000      nan
 2.66846  0.00000      nan
 2.73962  0.00000      nan
 2.81078  0.00000      nan
 2.88194  0.00000      nan
 2.95310  0.00000      nan
 3.02426  0.00000      nan
 3.09542  0.00000      nan
 3.16658  0.00000      nan
 3.23774  0.00343  0.00144
 3.30890  0.00920  0.00219
 3.38005  0.04596  0.00439
 3.45121  0.13105  0.00837
 3.52237  0.31480  0.01318
 3.59353  0.61049  0.01851
 3.66469  0.92979  0.02174
 3.73585  1.22352  0.02670
 3.80701  1.56632  0.03267
 3.87817  1.69014  0.03129
 3.94933  1.95768  0.03593
 4.02049  2.05409  0.03621
 4.09164  2.18950  0.03239
 4.16280  2.21615  0.03287
 4.23396  2.25544  0.03419
 4.30512  2.23234  0.03432
 4.37628  2.21555  0.03075
 4.44744  2.24159  0.02975
 4.51860  2.21347  0.03368
 4.58976  2.25736  0.03164
 4.66092  2.38134  0.03501
 4.73208  2.39731  0.03244
 4.80323  2.40631  0.03177
 4.87439  2.44646  0.03494
 4.94555  2.31834  0.02824
 5.01671  2.23303  0.03048
 5.08787  2.03791  0.02692
 5.15903  1.83235  0.02653
 5.23019  1.68528  0.02230
 5.30135  1.62294  0.02447
 5.37251  1.59244  0.02166
 5.44367  1.61443  0.02191
 5.51483  1.62436  0.02101
 5.58598  1.64894  0.02096
 5.65714  1.73156  0.02168
 5.72830  1.74888  0.02052
 5.79946  1.84652  0.02175
 5.87062  1.88259  0.02385
 5.94178  1.89685  0.02146
 6.01294  1.86695  0.02100
 6.08410  1.82528  0.02211
 6.15526  1.76415  0.01937
 6.22642  1.73908  0.02086
 6.29757  1.66808  0.01855
 6.36873  1.61328  0.01922
 6.43989  1.54851  0.01894
 6.51105  1.52096  0.01683
 6.58221  1.49672  0.01530
 6.65337  1.44554  0.01621
 6.72453  1.40986  0.01571
 6.79569  1.39793  0.01628
 6.86685  1.36896  0.01530
 6.93801  1.35462  0.01435
 7.00917  1.33662  0.01480
 7.08032  1.32539  0.01327
 7.15148  1.30097  0.01498
 7.22264  1.26981  0.01392
 7.29380  1.23880  0.01391
 7.36496  1.21896  0.01448
 7.43612  1.19561  0.01114
 7.50728  1.19411  0.01285
 7.57844  1.16991  0.01324
 7.64960  1.15943  0.01253
 7.72076  1.14383  0.01187
 7.79191  1.13725  0.01345
 7.86307  1.11769  0.01088
 7.93423  1.12470  0.01129
 8.00539  1.10693  0.01121
 8.07655  1.10140  0.01106
 8.14771  1.09514  0.01110
 8.21887  1.10640  0.01187
 8.29003  1.10685  0.01158
 8.36119  1.09951  0.01215
 8.43235  1.13091  0.01090
 8.50350  1.11982  0.01065
 8.57466  1.10816  0.01176
 8.64582  1.13021  0.01207
 8.71698  1.15339  0.01152
 8.78814  1.13004  0.01108
 8.85930  1.14532  0.01008
 8.93046  1.12813  0.01073
 9.00162  1.12049  0.01097
 9.07278  1.12046  0.01108
 9.14394  1.12726  0.01075
 9.21510  1.10009  0.01045
 9.28625  1.10924  0.00981
 9.35741  1.11166  0.00878
 9.42857  1.08992  0.00986
 9.49973  1.09231  0.01016
 9.57089  1.06780  0.00963
 9.64205  1.07376  0.01006
 9.71321  1.06182  0.00903
 9.78437  1.05372  0.00971
 9.85553  1.05234  0.00930
 9.92669  1.05986  0.00911
 9.99784  1.05764  0.00876
10.06900  1.05168  0.00917
10.14016  1.05362  0.00910
10.21132  1.05147  0.00895
10.28248  1.04799  0.00905
10.35364  1.04109  0.00913
10.42480  1.04665  0.00897
10.49596  1.04530  0.00855
10.56712  1.05221  0.00887
10.63828  1.02845  0.00717
10.70943  1.04054  0.00790
10.78059  1.02834  0.00809
10.85175  1.03395  0.00836
10.92291  1.04175  0.00787
10.99407  1.06479  0.00725
11.06523  1.03516  0.00828
11.13639  1.04198  0.00855
11.20755  1.03830  0.00848
11.27871  1.02795  0.00857
11.34987  1.04096  0.00796
11.42103  1.02935  0.00787
11.49218  1.03064  0.00682
11.56334  1.04053  0.00693
11.63450  1.04926  0.00720
11.70566  1.03591  0.00756
11.77682  1.03920  0.00843
11.84798  1.02977  0.00697
11.91914  1.02678  0.00777
11.99030  1.02244  0.00720
12.06146  1.02608  0.00732
12.13262  1.02253  0.00685
12.20377  1.02040  0.00726
12.27493  1.01992  0.00741
12.34609  1.01112  0.00685
12.41725  1.00330  0.00650
12.48841  1.01588  0.00752
12.55957  1.01753  0.00709
12.63073  1.02085  0.00701
12.70189  1.01011  0.00710
12.77305  1.00008  0.00667
12.84421  1.00298  0.00574
12.91537  1.00149  0.00693
12.98652  1.02006  0.00629
13.05768  1.01057  0.00687
13.12884  1.01313  0.00610
13.20000  1.00682  0.00705
13.27116  1.02014  0.00706
13.34232  1.00978  0.00723
13.41348  1.00281  0.00618
13.48464  1.00998  0.00646
13.55580  1.01905  0.00641
13.62696  1.00290  0.00657
13.69811  0.99649  0.00648
13.76927  1.01942  0.00683
13.84043  0.99289  0.00669
13.91159  1.00402  0.00663
13.98275  1.00861  0.00620
14.05391  1.00600  0.00592
14.12507  1.00187  0.00634
14.19623  1.00849  0.00605
14.26739  0.99347  0.00637
14.33855  1.00274  0.00640
14.40970  0.99806  0.00592
14.48086  1.00381  0.00603
14.55202  1.00329  0.00632
14.62318  0.99506  0.00630
14.69434  0.98658  0.00557
14.76550  0.99425  0.00558
14.83666  0.99709  0.00538
14.90782  0.99892  0.00618
14.97898  0.99705  0.00585
15.05014  0.98930  0.00602
15.12130  0.99193  0.00571
15.19245  0.99681  0.00588
15.26361  0.99992  0.00589
15.33477  1.00262  0.00579
15.40593  0.98529  0.00586
15.47709  0.98610  0.00575
15.54825  0.99622  0.00527
15.61941  0.98920  0.00549
15.69057  0.99156  0.00585
15.76173  0.98894  0.00566
15.83289  0.98572  0.00531
15.90404  0.98696  0.00511
15.97520  0.98258  0.00573
16.04636  0.99269  0.00532
16.11752  0.98749  0.00510
16.18868  0.99741  0.00567
16.25984  0.97857  0.00499
16.33100  1.00208  0.00503
16.40216  0.97990  0.00517
16.47332  0.99096  0.00565
16.54448  0.99176  0.00555
16.61563  0.99292  0.00517
16.68679  0.99271  0.00514
16.75795  0.98476  0.00450
16.82911  0.98963  0.00537
16.90027  0.98358  0.00455
16.97143  0.98649  0.00500
17.04259  0.98414  0.00437
17.11375  0.98558  0.00524
17.18491  0.99178  0.00474
17.25607  0.97849  0.00493
17.32723  0.98715  0.00457
17.39838  0.99040  0.00499
17.46954  0.98143  0.00474
17.54070  0.98704  0.00488
17.61186  0.98337  0.00488
17.68302  0.98293  0.00502
17.75418  0.98440  0.00450
17.82534  0.98740  0.00491
17.89650  0.97970  0.00486
17.96766  0.98392  0.00514
18.03882  0.97831  0.00491
18.10997  0.97959  0.00494
18.18113  0.97977  0.00431
18.25229  0.97819  0.00446
18.32345  0.98151  0.00490
18.39461  0.99100  0.00500
18.46577  0.98461  0.00476
18.53693  0.98583  0.00407
18.60809  0.98107  0.00425
18.67925  0.98932  0.00478
18.75041  0.97908  0.00468
18.82157  0.98296  0.00471
18.89272  0.97390  0.00462
18.96388  0.98417  0.00430
19.03504  0.98299  0.00445
19.10620  0.97943  0.00437
19.17736  0.98285  0.00478
19.24852  0.98012  0.00466
19.31968  0.97991  0.00424
19.39084  0.97800  0.00437
19.46200  0.98256  0.00418
19.53316  0.98108  0.00448
19.60431  0.98610  0.00458
19.67547  0.98809  0.00439
19.74663  0.97770  0.00427
19.81779  0.98272  0.00438
19.88895  0.98672  0.00425
19.96011  0.97726  0.00429
20.03127  0.97348  0.00480
20.10243  0.98109  0.00434
20.17359  0.96913  0.00443
20.24475  0.97865  0.00442
20.31590  0.98852  0.00378
20.38706  0.98096  0.00450
20.45822  0.97805  0.00399
20.52938  0.97811  0.00435
20.60054  0.98292  0.00400
20.67170  0.98536  0.00412
20.74286  0.97991  0.00432
20.81402  0.98010  0.00444
20.88518  0.97966  0.00386
20.95634  0.98177  0.00456
21.02750  0.97570  0.00385
21.09865  0.98162  0.00429
21.16981  0.97691  0.00415
21.24097  0.97503  0.00419
21.31213  0.97729  0.00426
