 0.03558  0.00000
 0.10674  0.00000
 0.17790  0.00000
 0.24906  0.00000
 0.32022  0.00000
 0.39137  0.00000
 0.46253  0.00000
 0.53369  0.00000
 0.60485  0.00000
 0.67601  0.00000
 0.74717  0.00000
 0.81833  0.00000
 0.88949  0.00000
 0.96065  0.00000
 1.03181  0.00000
 1.10297  0.00000
 1.17412  0.00000
 1.24528  0.00000
 1.31644  0.00000
 1.38760  0.00000
 1.45876  0.00000
 1.52992  0.00000
 1.60108  0.00000
 1.67224  0.00000
 1.74340  0.00000
 1.81456  0.00000
 1.88571  0.00000
 1.95687  0.00000
 2.02803  0.00000
 2.09919  0.00000
 2.17035  0.00000
 2.24151  0.00000
 2.31267  0.00000
 2.38383  0.00000
 2.45499  0.00000
 2.52615  0.00000
 2.59730  0.00006
 2.66846  0.00171
 2.73962  0.01705
 2.81078  0.09243
 2.88194  0.27109
 2.95310  0.52544
 3.02426  0.75340
 3.09542  0.88539
 3.16658  0.94429
 3.23774  0.96067
 3.30890  0.97844
 3.38005  1.02983
 3.45121  1.11964
 3.52237  1.24545
 3.59353  1.37623
 3.66469  1.46714
 3.73585  1.46479
 3.80701  1.37525
 3.87817  1.23664
 3.94933  1.10046
 4.02049  1.00086
 4.09164  0.93903
 4.16280  0.90013
 4.23396  0.88542
 4.30512  0.88026
 4.37628  0.88521
 4.44744  0.88887
 4.51860  0.90213
 4.58976  0.92275
 4.66092  0.93739
 4.73208  0.95633
 4.80323  0.97587
 4.87439  0.99295
 4.94555  1.01359
 5.01671  1.03831
 5.08787  1.05864
 5.15903  1.08259
 5.23019  1.08805
 5.30135  1.09064
 5.37251  1.07957
 5.44367  1.06231
 5.51483  1.04222
 5.58598  1.02542
 5.65714  1.01820
 5.72830  1.00486
 5.79946  0.99728
 5.87062  0.99448
 5.94178  0.99240
 6.01294  0.99196
 6.08410  0.99237
 6.15526  0.99361
 6.22642  0.99395
 6.29757  0.98740
 6.36873  0.98829
 6.43989  0.98052
 6.51105  0.97752
 6.58221  0.97175
 6.65337  0.96980
 6.72453  0.96569
 6.79569  0.96824
 6.86685  0.96914
 6.93801  0.97110
 7.00917  0.97274
 7.08032  0.97802
 7.15148  0.97966
 7.22264  0.98570
 7.29380  0.98925
 7.36496  0.99208
 7.43612  0.99569
 7.50728  0.99854
 7.57844  1.00129
 7.64960  1.00565
 7.72076  1.00856
 7.79191  1.00845
 7.86307  1.00950
 7.93423  1.01187
 8.00539  1.01178
 8.07655  1.01109
 8.14771  1.01068
 8.21887  1.00980
 8.29003  1.00842
 8.36119  1.00688
 8.43235  1.00356
 8.50350  1.00490
 8.57466  1.00314
 8.64582  1.00064
 8.71698  0.99873
 8.78814  0.99949
 8.85930  0.99924
 8.93046  0.99637
 9.00162  0.99491
 9.07278  0.99674
 9.14394  0.99491
 9.21510  0.99609
 9.28625  0.99587
 9.35741  0.99634
 9.42857  0.99586
 9.49973  0.99522
 9.57089  0.99772
 9.64205  0.99690
 9.71321  0.99796
 9.78437  0.99727
 9.85553  0.99768
 9.92669  0.99850
 9.99784  0.99876
10.06900  0.99945
10.14016  1.00018
10.21132  0.99944
10.28248  0.99893
10.35364  1.00050
10.42480  1.00163
10.49596  1.00081
10.56712  0.99983
10.63828  0.99966
10.70943  0.99963
10.78059  1.00072
10.85175  1.00071
10.92291  1.00013
10.99407  1.00123
11.06523  0.99973
11.13639  1.00215
11.20755  1.00085
11.27871  1.00142
11.34987  1.00064
11.42103  0.99986
11.49218  1.00118
11.56334  1.00215
11.63450  1.00182
11.70566  1.00201
11.77682  1.00074
11.84798  1.00073
11.91914  1.00065
11.99030  0.99968
12.06146  1.00127
12.13262  1.00117
12.20377  1.00071
12.27493  1.00149
12.34609  1.00076
12.41725  1.00101
12.48841  1.00040
12.55957  1.00028
12.63073  1.00165
12.70189  1.00079
12.77305  1.00090
12.84421  1.00048
12.91537  1.00084
12.98652  1.00049
13.05768  1.00063
13.12884  1.00043
13.20000  1.00096
13.27116  0.99992
13.34232  1.00050
13.41348  1.00133
13.48464  0.99988
13.55580  1.00149
13.62696  1.00098
13.69811  1.00015
13.76927  1.00088
13.84043  1.00109
13.91159  1.00124
13.98275  1.00126
14.05391  1.00124
14.12507  1.00114
14.19623  1.00180
14.26739  1.00144
14.33855  1.00131
14.40970  1.00081
14.48086  1.00241
14.55202  1.00234
14.62318  1.00196
14.69434  1.00061
14.76550  0.99983
14.83666  1.00150
14.90782  1.00080
14.97898  1.00126
15.05014  1.00114
15.12130  1.00120
15.19245  1.00204
15.26361  1.00070
15.33477  1.00136
15.40593  1.00080
15.47709  1.00008
15.54825  1.00089
15.61941  1.00280
15.69057  1.00093
15.76173  1.00148
15.83289  1.00131
15.90404  1.00222
15.97520  1.00015
16.04636  1.00163
16.11752  1.00128
16.18868  1.00183
16.25984  1.00092
16.33100  1.00125
16.40216  1.00175
16.47332  1.00126
16.54448  0.99979
16.61563  1.00045
16.68679  1.00174
16.75795  1.00142
16.82911  1.00164
16.90027  1.00146
16.97143  1.00116
17.04259  1.00173
17.11375  1.00139
17.18491  1.00185
17.25607  1.00108
17.32723  1.00155
17.39838  1.00018
17.46954  1.00174
17.54070  1.00271
17.61186  1.00077
17.68302  1.00058
17.75418  1.00142
17.82534  1.00181
17.89650  1.00018
17.96766  1.00130
18.03882  1.00074
18.10997  1.00177
18.18113  1.00041
18.25229  1.00147
18.32345  1.00113
18.39461  1.00216
18.46577  1.00089
18.53693  1.00185
18.60809  1.00200
18.67925  1.00100
18.75041  1.00148
18.82157  1.00193
18.89272  1.00158
18.96388  1.00118
19.03504  1.00203
19.10620  1.00130
19.17736  1.00179
19.24852  1.00165
19.31968  1.00164
19.39084  1.00114
19.46200  1.00139
19.53316  1.00174
19.60431  1.00130
19.67547  1.00061
19.74663  1.00127
19.81779  1.00179
19.88895  1.00160
19.96011  1.00093
20.03127  1.00114
20.10243  1.00146
20.17359  1.00143
20.24475  1.00058
20.31590  1.00132
20.38706  1.00131
20.45822  1.00171
20.52938  1.00149
20.60054  1.00180
20.67170  1.00099
20.74286  1.00228
20.81402  1.00150
20.88518  1.00108
20.95634  1.00176
21.02750  1.00209
21.09865  1.00113
21.16981  1.00105
21.24097  1.00176
21.31213  1.00066
