 0.03558  0.00000
 0.10674  0.00000
 0.17790  0.00000
 0.24906  0.00000
 0.32022  0.00000
 0.39137  0.00000
 0.46253  0.00000
 0.53369  0.00000
 0.60485  0.00000
 0.67601  0.00000
 0.74717  0.00000
 0.81833  0.00000
 0.88949  0.00000
 0.96065  0.00000
 1.03181  0.00000
 1.10297  0.00000
 1.17412  0.00000
 1.24528  0.00000
 1.31644  0.00000
 1.38760  0.00000
 1.45876  0.00000
 1.52992  0.00000
 1.60108  0.00000
 1.67224  0.00000
 1.74340  0.00000
 1.81456  0.00000
 1.88571  0.00000
 1.95687  0.00000
 2.02803  0.00000
 2.09919  0.00000
 2.17035  0.00000
 2.24151  0.00000
 2.31267  0.00000
 2.38383  0.00000
 2.45499  0.00000
 2.52615  0.00000
 2.59730  0.00000
 2.66846  0.00000
 2.73962  0.00000
 2.81078  0.00000
 2.88194  0.00000
 2.95310  0.00001
 3.02426  0.00019
 3.09542  0.00275
 3.16658  0.01657
 3.23774  0.06784
 3.30890  0.19572
 3.38005  0.42888
 3.45121  0.76167
 3.52237  1.12980
 3.59353  1.47935
 3.66469  1.76161
 3.73585  1.96772
 3.80701  2.08315
 3.87817  2.10576
 3.94933  2.02162
 4.02049  1.82835
 4.09164  1.55166
 4.16280  1.27070
 4.23396  1.05632
 4.30512  0.90890
 4.37628  0.82460
 4.44744  0.78081
 4.51860  0.75487
 4.58976  0.74871
 4.66092  0.75409
 4.73208  0.76027
 4.80323  0.77659
 4.87439  0.79667
 4.94555  0.81596
 5.01671  0.84157
 5.08787  0.86233
 5.15903  0.88909
 5.23019  0.90991
 5.30135  0.93419
 5.37251  0.95593
 5.44367  0.97488
 5.51483  0.99486
 5.58598  1.00956
 5.65714  1.02448
 5.72830  1.04104
 5.79946  1.05455
 5.87062  1.05897
 5.94178  1.06835
 6.01294  1.06884
 6.08410  1.07193
 6.15526  1.07090
 6.22642  1.06472
 6.29757  1.05899
 6.36873  1.04631
 6.43989  1.03547
 6.51105  1.02155
 6.58221  1.00852
 6.65337  0.99217
 6.72453  0.97840
 6.79569  0.96900
 6.86685  0.96003
 6.93801  0.95504
 7.00917  0.95440
 7.08032  0.95335
 7.15148  0.95565
 7.22264  0.96228
 7.29380  0.96659
 7.36496  0.97260
 7.43612  0.97779
 7.50728  0.98471
 7.57844  0.99054
 7.64960  0.99631
 7.72076  1.00096
 7.79191  1.00618
 7.86307  1.01101
 7.93423  1.01304
 8.00539  1.01481
 8.07655  1.01875
 8.14771  1.02006
 8.21887  1.01899
 8.29003  1.01804
 8.36119  1.01927
 8.43235  1.01575
 8.50350  1.01530
 8.57466  1.01219
 8.64582  1.00974
 8.71698  1.00566
 8.78814  1.00340
 8.85930  1.00115
 8.93046  0.99896
 9.00162  0.99836
 9.07278  0.99492
 9.14394  0.99373
 9.21510  0.99314
 9.28625  0.99135
 9.35741  0.99194
 9.42857  0.99238
 9.49973  0.99265
 9.57089  0.99330
 9.64205  0.99334
 9.71321  0.99496
 9.78437  0.99477
 9.85553  0.99816
 9.92669  1.00017
 9.99784  1.00291
10.06900  1.00284
10.14016  1.00346
10.21132  1.00369
10.28248  1.00397
10.35364  1.00594
10.42480  1.00474
10.49596  1.00665
10.56712  1.00517
10.63828  1.00527
10.70943  1.00453
10.78059  1.00501
10.85175  1.00423
10.92291  1.00317
10.99407  1.00327
11.06523  1.00348
11.13639  1.00117
11.20755  1.00059
11.27871  1.00225
11.34987  0.99987
11.42103  1.00064
11.49218  1.00058
11.56334  1.00008
11.63450  1.00084
11.70566  0.99998
11.77682  0.99931
11.84798  0.99933
11.91914  1.00067
11.99030  1.00028
12.06146  0.99937
12.13262  1.00064
12.20377  1.00201
12.27493  1.00169
12.34609  1.00205
12.41725  1.00077
12.48841  1.00277
12.55957  1.00152
12.63073  1.00254
12.70189  1.00205
12.77305  1.00134
12.84421  1.00288
12.91537  1.00320
12.98652  1.00281
13.05768  1.00103
13.12884  1.00166
13.20000  1.00139
13.27116  1.00182
13.34232  1.00116
13.41348  1.00124
13.48464  1.00183
13.55580  1.00150
13.62696  1.00152
13.69811  1.00147
13.76927  1.00081
13.84043  1.00065
13.91159  1.00108
13.98275  1.00162
14.05391  1.00167
14.12507  1.00110
14.19623  1.00176
14.26739  1.00265
14.33855  1.00156
14.40970  1.00149
14.48086  1.00074
14.55202  1.00062
14.62318  1.00135
14.69434  1.00135
14.76550  1.00115
14.83666  1.00138
14.90782  1.00184
14.97898  1.00184
15.05014  1.00119
15.12130  1.00067
15.19245  1.00115
15.26361  1.00200
15.33477  1.00128
15.40593  1.00163
15.47709  1.00145
15.54825  1.00029
15.61941  1.00057
15.69057  1.00145
15.76173  1.00100
15.83289  1.00183
15.90404  1.00109
15.97520  1.00138
16.04636  1.00185
16.11752  1.00144
16.18868  1.00181
16.25984  1.00042
16.33100  1.00132
16.40216  1.00232
16.47332  1.00195
16.54448  1.00152
16.61563  1.00148
16.68679  1.00212
16.75795  1.00096
16.82911  1.00151
16.90027  1.00214
16.97143  1.00092
17.04259  1.00226
17.11375  1.00126
17.18491  1.00068
17.25607  1.00168
17.32723  1.00108
17.39838  1.00242
17.46954  1.00202
17.54070  1.00146
17.61186  1.00155
17.68302  1.00150
17.75418  1.00152
17.82534  1.00153
17.89650  1.00160
17.96766  1.00083
18.03882  1.00218
18.10997  1.00177
18.18113  1.00136
18.25229  1.00072
18.32345  1.00151
18.39461  1.00164
18.46577  1.00094
18.53693  1.00211
18.60809  1.00133
18.67925  1.00164
18.75041  1.00169
18.82157  1.00183
18.89272  1.00209
18.96388  1.00129
19.03504  1.00181
19.10620  1.00102
19.17736  1.00136
19.24852  1.00147
19.31968  1.00211
19.39084  1.00166
19.46200  1.00165
19.53316  1.00183
19.60431  1.00095
19.67547  1.00233
19.74663  1.00173
19.81779  1.00259
19.88895  1.00137
19.96011  1.00137
20.03127  1.00129
20.10243  1.00140
20.17359  1.00122
20.24475  1.00179
20.31590  1.00205
20.38706  1.00183
20.45822  1.00170
20.52938  1.00056
20.60054  1.00101
20.67170  1.00170
20.74286  1.00166
20.81402  1.00100
20.88518  1.00201
20.95634  1.00141
21.02750  1.00171
21.09865  1.00155
21.16981  1.00141
21.24097  1.00165
21.31213  1.00071
