 0.03558      inf
 0.10674      inf
 0.17790      inf
 0.24906      inf
 0.32022      inf
 0.39137      inf
 0.46253      inf
 0.53369      inf
 0.60485      inf
 0.67601      inf
 0.74717      inf
 0.81833      inf
 0.88949      inf
 0.96065      inf
 1.03181      inf
 1.10297      inf
 1.17412      inf
 1.24528      inf
 1.31644      inf
 1.38760      inf
 1.45876      inf
 1.52992      inf
 1.60108      inf
 1.67224      inf
 1.74340      inf
 1.81456      inf
 1.88571      inf
 1.95687      inf
 2.02803      inf
 2.09919      inf
 2.17035      inf
 2.24151      inf
 2.31267      inf
 2.38383      inf
 2.45499      inf
 2.52615      inf
 2.59730      inf
 2.66846      inf
 2.73962      inf
 2.81078      inf
 2.88194      inf
 2.95310  6.99821
 3.02426  5.07527
 3.09542  3.48949
 3.16658  2.42739
 3.23774  1.59280
 3.30890  0.96559
 3.38005  0.50117
 3.45121  0.16117
 3.52237 -0.07225
 3.59353 -0.23183
 3.66469 -0.33521
 3.73585 -0.40071
 3.80701 -0.43446
 3.87817 -0.44085
 3.94933 -0.41671
 4.02049 -0.35722
 4.09164 -0.26008
 4.16280 -0.14182
 4.23396 -0.03244
 4.30512  0.05655
 4.37628  0.11417
 4.44744  0.14647
 4.51860  0.16648
 4.58976  0.17132
 4.66092  0.16709
 4.73208  0.16226
 4.80323  0.14969
 4.87439  0.13457
 4.94555  0.12040
 5.01671  0.10211
 5.08787  0.08768
 5.15903  0.06960
 5.23019  0.05589
 5.30135  0.04030
 5.37251  0.02668
 5.44367  0.01506
 5.51483  0.00305
 5.58598 -0.00563
 5.65714 -0.01432
 5.72830 -0.02381
 5.79946 -0.03144
 5.87062 -0.03392
 5.94178 -0.03914
 6.01294 -0.03941
 6.08410 -0.04112
 6.15526 -0.04055
 6.22642 -0.03713
 6.29757 -0.03393
 6.36873 -0.02680
 6.43989 -0.02063
 6.51105 -0.01262
 6.58221 -0.00502
 6.65337  0.00465
 6.72453  0.01293
 6.79569  0.01864
 6.86685  0.02415
 6.93801  0.02723
 7.00917  0.02763
 7.08032  0.02828
 7.15148  0.02686
 7.22264  0.02276
 7.29380  0.02011
 7.36496  0.01645
 7.43612  0.01330
 7.50728  0.00912
 7.57844  0.00563
 7.64960  0.00219
 7.72076 -0.00057
 7.79191 -0.00365
 7.86307 -0.00648
 7.93423 -0.00767
 8.00539 -0.00870
 8.07655 -0.01100
 8.14771 -0.01176
 8.21887 -0.01114
 8.29003 -0.01058
 8.36119 -0.01130
 8.43235 -0.00925
 8.50350 -0.00899
 8.57466 -0.00717
 8.64582 -0.00574
 8.71698 -0.00334
 8.78814 -0.00201
 8.85930 -0.00068
 8.93046  0.00062
 9.00162  0.00097
 9.07278  0.00302
 9.14394  0.00372
 9.21510  0.00407
 9.28625  0.00514
 9.35741  0.00479
 9.42857  0.00453
 9.49973  0.00437
 9.57089  0.00398
 9.64205  0.00396
 9.71321  0.00299
 9.78437  0.00311
 9.85553  0.00109
 9.92669 -0.00010
 9.99784 -0.00172
10.06900 -0.00168
10.14016 -0.00205
10.21132 -0.00218
10.28248 -0.00234
10.35364 -0.00351
10.42480 -0.00280
10.49596 -0.00393
10.56712 -0.00305
10.63828 -0.00311
10.70943 -0.00268
10.78059 -0.00296
10.85175 -0.00250
10.92291 -0.00187
10.99407 -0.00193
11.06523 -0.00206
11.13639 -0.00069
11.20755 -0.00035
11.27871 -0.00133
11.34987  0.00007
11.42103 -0.00038
11.49218 -0.00035
11.56334 -0.00005
11.63450 -0.00050
11.70566  0.00001
11.77682  0.00041
11.84798  0.00040
11.91914 -0.00040
11.99030 -0.00017
12.06146  0.00037
12.13262 -0.00038
12.20377 -0.00119
12.27493 -0.00100
12.34609 -0.00121
12.41725 -0.00046
12.48841 -0.00164
12.55957 -0.00090
12.63073 -0.00150
12.70189 -0.00121
12.77305 -0.00079
12.84421 -0.00170
12.91537 -0.00189
12.98652 -0.00166
13.05768 -0.00061
13.12884 -0.00098
13.20000 -0.00082
13.27116 -0.00107
13.34232 -0.00069
13.41348 -0.00073
13.48464 -0.00108
13.55580 -0.00089
13.62696 -0.00090
13.69811 -0.00087
13.76927 -0.00048
13.84043 -0.00039
13.91159 -0.00064
13.98275 -0.00096
14.05391 -0.00099
14.12507 -0.00065
14.19623 -0.00104
14.26739 -0.00157
14.33855 -0.00092
14.40970 -0.00088
14.48086 -0.00044
14.55202 -0.00036
14.62318 -0.00080
14.69434 -0.00080
14.76550 -0.00068
14.83666 -0.00082
14.90782 -0.00109
14.97898 -0.00109
15.05014 -0.00070
15.12130 -0.00040
15.19245 -0.00068
15.26361 -0.00118
15.33477 -0.00076
15.40593 -0.00096
15.47709 -0.00086
15.54825 -0.00017
15.61941 -0.00034
15.69057 -0.00086
15.76173 -0.00059
15.83289 -0.00108
15.90404 -0.00065
15.97520 -0.00082
16.04636 -0.00110
16.11752 -0.00085
16.18868 -0.00107
16.25984 -0.00025
16.33100 -0.00078
16.40216 -0.00137
16.47332 -0.00115
16.54448 -0.00090
16.61563 -0.00088
16.68679 -0.00125
16.75795 -0.00057
16.82911 -0.00089
16.90027 -0.00127
16.97143 -0.00055
17.04259 -0.00134
17.11375 -0.00074
17.18491 -0.00040
17.25607 -0.00099
17.32723 -0.00064
17.39838 -0.00143
17.46954 -0.00119
17.54070 -0.00086
17.61186 -0.00092
17.68302 -0.00089
17.75418 -0.00090
17.82534 -0.00090
17.89650 -0.00095
17.96766 -0.00049
18.03882 -0.00129
18.10997 -0.00105
18.18113 -0.00081
18.25229 -0.00042
18.32345 -0.00089
18.39461 -0.00097
18.46577 -0.00056
18.53693 -0.00125
18.60809 -0.00079
18.67925 -0.00097
18.75041 -0.00100
18.82157 -0.00108
18.89272 -0.00124
18.96388 -0.00076
19.03504 -0.00107
19.10620 -0.00061
19.17736 -0.00081
19.24852 -0.00087
19.31968 -0.00125
19.39084 -0.00098
19.46200 -0.00098
19.53316 -0.00108
19.60431 -0.00056
19.67547 -0.00138
19.74663 -0.00102
19.81779 -0.00153
19.88895 -0.00081
19.96011 -0.00081
20.03127 -0.00076
20.10243 -0.00083
20.17359 -0.00072
20.24475 -0.00106
20.31590 -0.00121
20.38706 -0.00108
20.45822 -0.00101
20.52938 -0.00033
20.60054 -0.00060
20.67170 -0.00100
20.74286 -0.00098
20.81402 -0.00059
20.88518 -0.00119
20.95634 -0.00083
21.02750 -0.00101
21.09865 -0.00092
21.16981 -0.00084
21.24097 -0.00098
21.31213 -0.00042
