 0.03558      inf      nan
 0.10674      inf      nan
 0.17790      inf      nan
 0.24906      inf      nan
 0.32022      inf      nan
 0.39137      inf      nan
 0.46253      inf      nan
 0.53369      inf      nan
 0.60485      inf      nan
 0.67601      inf      nan
 0.74717      inf      nan
 0.81833      inf      nan
 0.88949      inf      nan
 0.96065      inf      nan
 1.03181      inf      nan
 1.10297      inf      nan
 1.17412      inf      nan
 1.24528      inf      nan
 1.31644      inf      nan
 1.38760      inf      nan
 1.45876      inf      nan
 1.52992      inf      nan
 1.60108      inf      nan
 1.67224      inf      nan
 1.74340      inf      nan
 1.81456      inf      nan
 1.88571      inf      nan
 1.95687      inf      nan
 2.02803      inf      nan
 2.09919      inf      nan
 2.17035      inf      nan
 2.24151      inf      nan
 2.31267      inf      nan
 2.38383      inf      nan
 2.45499      inf      nan
 2.52615      inf      nan
 2.59730      inf      nan
 2.66846      inf      nan
 2.73962      inf      nan
 2.81078      inf      nan
 2.88194      inf      nan
 2.95310      inf      nan
 3.02426      inf      nan
 3.09542      inf      nan
 3.16658      inf      nan
 3.23774  3.35958  0.24886
 3.30890  2.77579  0.14075
 3.38005  1.82335  0.05660
 3.45121  1.20307  0.03782
 3.52237  0.68424  0.02479
 3.59353  0.29215  0.01795
 3.66469  0.04310  0.01384
 3.73585 -0.11943  0.01292
 3.80701 -0.26565  0.01235
 3.87817 -0.31069  0.01096
 3.94933 -0.39768  0.01086
 4.02049 -0.42614  0.01044
 4.09164 -0.46393  0.00876
 4.16280 -0.47110  0.00878
 4.23396 -0.48150  0.00897
 4.30512 -0.47541  0.00910
 4.37628 -0.47094  0.00822
 4.44744 -0.47785  0.00786
 4.51860 -0.47038  0.00901
 4.58976 -0.48200  0.00830
 4.66092 -0.51366  0.00870
 4.73208 -0.51761  0.00801
 4.80323 -0.51983  0.00782
 4.87439 -0.52963  0.00846
 4.94555 -0.49778  0.00721
 5.01671 -0.47559  0.00808
 5.08787 -0.42146  0.00782
 5.15903 -0.35852  0.00857
 5.23019 -0.30898  0.00783
 5.30135 -0.28667  0.00893
 5.37251 -0.27544  0.00805
 5.44367 -0.28356  0.00803
 5.51483 -0.28719  0.00766
 5.58598 -0.29608  0.00752
 5.65714 -0.32502  0.00741
 5.72830 -0.33091  0.00694
 5.79946 -0.36308  0.00697
 5.87062 -0.37453  0.00750
 5.94178 -0.37900  0.00670
 6.01294 -0.36959  0.00666
 6.08410 -0.35623  0.00717
 6.15526 -0.33606  0.00650
 6.22642 -0.32759  0.00710
 6.29757 -0.30291  0.00658
 6.36873 -0.28314  0.00705
 6.43989 -0.25888  0.00724
 6.51105 -0.24825  0.00655
 6.58221 -0.23874  0.00605
 6.65337 -0.21814  0.00664
 6.72453 -0.20335  0.00659
 6.79569 -0.19832  0.00690
 6.86685 -0.18592  0.00662
 6.93801 -0.17968  0.00627
 7.00917 -0.17177  0.00655
 7.08032 -0.16677  0.00593
 7.15148 -0.15576  0.00682
 7.22264 -0.14141  0.00649
 7.29380 -0.12677  0.00665
 7.36496 -0.11721  0.00703
 7.43612 -0.10576  0.00552
 7.50728 -0.10502  0.00637
 7.57844 -0.09290  0.00670
 7.64960 -0.08758  0.00640
 7.72076 -0.07956  0.00614
 7.79191 -0.07614  0.00700
 7.86307 -0.06587  0.00576
 7.93423 -0.06957  0.00594
 8.00539 -0.06014  0.00600
 8.07655 -0.05718  0.00594
 8.14771 -0.05380  0.00600
 8.21887 -0.05986  0.00635
 8.29003 -0.06010  0.00619
 8.36119 -0.05616  0.00654
 8.43235 -0.07283  0.00571
 8.50350 -0.06699  0.00563
 8.57466 -0.06080  0.00628
 8.64582 -0.07246  0.00632
 8.71698 -0.08448  0.00592
 8.78814 -0.07237  0.00580
 8.85930 -0.08033  0.00521
 8.93046 -0.07137  0.00563
 9.00162 -0.06735  0.00580
 9.07278 -0.06733  0.00586
 9.14394 -0.07092  0.00565
 9.21510 -0.05647  0.00563
 9.28625 -0.06138  0.00524
 9.35741 -0.06266  0.00468
 9.42857 -0.05098  0.00535
 9.49973 -0.05227  0.00550
 9.57089 -0.03884  0.00534
 9.64205 -0.04213  0.00555
 9.71321 -0.03551  0.00504
 9.78437 -0.03098  0.00546
 9.85553 -0.03020  0.00523
 9.92669 -0.03442  0.00509
 9.99784 -0.03317  0.00491
10.06900 -0.02983  0.00516
10.14016 -0.03092  0.00511
10.21132 -0.02971  0.00504
10.28248 -0.02775  0.00511
10.35364 -0.02384  0.00519
10.42480 -0.02699  0.00507
10.49596 -0.02623  0.00484
10.56712 -0.03013  0.00499
10.63828 -0.01661  0.00413
10.70943 -0.02353  0.00449
10.78059 -0.01654  0.00466
10.85175 -0.01977  0.00478
10.92291 -0.02421  0.00447
10.99407 -0.03716  0.00403
11.06523 -0.02046  0.00474
11.13639 -0.02434  0.00486
11.20755 -0.02225  0.00484
11.27871 -0.01632  0.00493
11.34987 -0.02376  0.00452
11.42103 -0.01712  0.00453
11.49218 -0.01787  0.00392
11.56334 -0.02352  0.00394
11.63450 -0.02847  0.00406
11.70566 -0.02089  0.00432
11.77682 -0.02276  0.00480
11.84798 -0.01737  0.00401
11.91914 -0.01565  0.00448
11.99030 -0.01314  0.00417
12.06146 -0.01524  0.00422
12.13262 -0.01319  0.00397
12.20377 -0.01196  0.00421
12.27493 -0.01168  0.00430
12.34609 -0.00655  0.00401
12.41725 -0.00195  0.00383
12.48841 -0.00933  0.00438
12.55957 -0.01029  0.00412
12.63073 -0.01221  0.00406
12.70189 -0.00595  0.00416
12.77305 -0.00004  0.00395
12.84421 -0.00176  0.00339
12.91537 -0.00088  0.00409
12.98652 -0.01176  0.00365
13.05768 -0.00623  0.00403
13.12884 -0.00772  0.00356
13.20000 -0.00402  0.00415
13.27116 -0.01181  0.00410
13.34232 -0.00576  0.00424
13.41348 -0.00166  0.00365
13.48464 -0.00588  0.00379
13.55580 -0.01117  0.00372
13.62696 -0.00171  0.00388
13.69811  0.00208  0.00385
13.76927 -0.01138  0.00397
13.84043  0.00423  0.00399
13.91159 -0.00237  0.00391
13.98275 -0.00508  0.00364
14.05391 -0.00354  0.00348
14.12507 -0.00111  0.00375
14.19623 -0.00500  0.00355
14.26739  0.00388  0.00379
14.33855 -0.00162  0.00378
14.40970  0.00115  0.00351
14.48086 -0.00225  0.00355
14.55202 -0.00194  0.00373
14.62318  0.00293  0.00375
14.69434  0.00800  0.00334
14.76550  0.00341  0.00332
14.83666  0.00173  0.00319
14.90782  0.00064  0.00366
14.97898  0.00175  0.00348
15.05014  0.00637  0.00361
15.12130  0.00480  0.00341
15.19245  0.00189  0.00349
15.26361  0.00005  0.00349
15.33477 -0.00155  0.00342
15.40593  0.00877  0.00352
15.47709  0.00829  0.00345
15.54825  0.00224  0.00313
15.61941  0.00643  0.00328
15.69057  0.00502  0.00349
15.76173  0.00659  0.00339
15.83289  0.00851  0.00319
15.90404  0.00777  0.00307
15.97520  0.01040  0.00345
16.04636  0.00434  0.00318
16.11752  0.00745  0.00305
16.18868  0.00154  0.00337
16.25984  0.01282  0.00302
16.33100 -0.00123  0.00297
16.40216  0.01202  0.00312
16.47332  0.00537  0.00338
16.54448  0.00490  0.00331
16.61563  0.00420  0.00308
16.68679  0.00433  0.00306
16.75795  0.00909  0.00271
16.82911  0.00617  0.00322
16.90027  0.00980  0.00274
16.97143  0.00805  0.00300
17.04259  0.00946  0.00263
17.11375  0.00860  0.00315
17.18491  0.00489  0.00283
17.25607  0.01287  0.00298
17.32723  0.00766  0.00274
17.39838  0.00571  0.00298
17.46954  0.01110  0.00286
17.54070  0.00772  0.00293
17.61186  0.00993  0.00294
17.68302  0.01019  0.00303
17.75418  0.00931  0.00271
17.82534  0.00751  0.00294
17.89650  0.01214  0.00294
17.96766  0.00960  0.00310
18.03882  0.01298  0.00297
18.10997  0.01221  0.00299
18.18113  0.01210  0.00260
18.25229  0.01305  0.00270
18.32345  0.01105  0.00295
18.39461  0.00535  0.00299
18.46577  0.00918  0.00286
18.53693  0.00845  0.00244
18.60809  0.01131  0.00256
18.67925  0.00636  0.00286
18.75041  0.01251  0.00283
18.82157  0.01017  0.00283
18.89272  0.01566  0.00281
18.96388  0.00945  0.00259
19.03504  0.01015  0.00268
19.10620  0.01230  0.00264
19.17736  0.01024  0.00288
19.24852  0.01188  0.00281
19.31968  0.01201  0.00256
19.39084  0.01317  0.00264
19.46200  0.01042  0.00252
19.53316  0.01131  0.00270
19.60431  0.00828  0.00275
19.67547  0.00709  0.00263
19.74663  0.01335  0.00259
19.81779  0.01032  0.00264
19.88895  0.00791  0.00255
19.96011  0.01362  0.00260
20.03127  0.01591  0.00292
20.10243  0.01130  0.00262
20.17359  0.01856  0.00271
20.24475  0.01278  0.00267
20.31590  0.00683  0.00226
20.38706  0.01138  0.00271
20.45822  0.01314  0.00242
20.52938  0.01311  0.00263
20.60054  0.01020  0.00241
20.67170  0.00873  0.00248
20.74286  0.01201  0.00261
20.81402  0.01190  0.00268
20.88518  0.01216  0.00233
20.95634  0.01089  0.00275
21.02750  0.01456  0.00233
21.09865  0.01098  0.00259
21.16981  0.01383  0.00252
21.24097  0.01497  0.00254
21.31213  0.01360  0.00258
