 0.03558      inf
 0.10674      inf
 0.17790      inf
 0.24906      inf
 0.32022      inf
 0.39137      inf
 0.46253      inf
 0.53369      inf
 0.60485      inf
 0.67601      inf
 0.74717      inf
 0.81833      inf
 0.88949      inf
 0.96065      inf
 1.03181      inf
 1.10297      inf
 1.17412      inf
 1.24528      inf
 1.31644      inf
 1.38760      inf
 1.45876      inf
 1.52992      inf
 1.60108      inf
 1.67224      inf
 1.74340      inf
 1.81456      inf
 1.88571      inf
 1.95687      inf
 2.02803      inf
 2.09919      inf
 2.17035      inf
 2.24151      inf
 2.31267      inf
 2.38383      inf
 2.45499      inf
 2.52615      inf
 2.59730  5.78550
 2.66846  3.77198
 2.73962  2.41053
 2.81078  1.40975
 2.88194  0.77275
 2.95310  0.38096
 3.02426  0.16763
 3.09542  0.07206
 3.16658  0.03393
 3.23774  0.02376
 3.30890  0.01290
 3.38005 -0.01740
 3.45121 -0.06690
 3.52237 -0.12994
 3.59353 -0.18905
 3.66469 -0.22692
 3.73585 -0.22597
 3.80701 -0.18863
 3.87817 -0.12574
 3.94933 -0.05667
 4.02049 -0.00051
 4.09164  0.03724
 4.16280  0.06229
 4.23396  0.07204
 4.30512  0.07550
 4.37628  0.07218
 4.44744  0.06974
 4.51860  0.06097
 4.58976  0.04759
 4.66092  0.03828
 4.73208  0.02644
 4.80323  0.01446
 4.87439  0.00419
 4.94555 -0.00799
 5.01671 -0.02225
 5.08787 -0.03374
 5.15903 -0.04698
 5.23019 -0.04996
 5.30135 -0.05136
 5.37251 -0.04533
 5.44367 -0.03579
 5.51483 -0.02448
 5.58598 -0.01486
 5.65714 -0.01068
 5.72830 -0.00287
 5.79946  0.00161
 5.87062  0.00328
 5.94178  0.00452
 6.01294  0.00478
 6.08410  0.00453
 6.15526  0.00380
 6.22642  0.00359
 6.29757  0.00751
 6.36873  0.00697
 6.43989  0.01164
 6.51105  0.01346
 6.58221  0.01696
 6.65337  0.01815
 6.72453  0.02067
 6.79569  0.01911
 6.86685  0.01856
 6.93801  0.01736
 7.00917  0.01636
 7.08032  0.01316
 7.15148  0.01217
 7.22264  0.00853
 7.29380  0.00640
 7.36496  0.00471
 7.43612  0.00256
 7.50728  0.00087
 7.57844 -0.00076
 7.64960 -0.00333
 7.72076 -0.00504
 7.79191 -0.00498
 7.86307 -0.00560
 7.93423 -0.00699
 8.00539 -0.00693
 8.07655 -0.00653
 8.14771 -0.00629
 8.21887 -0.00577
 8.29003 -0.00497
 8.36119 -0.00406
 8.43235 -0.00211
 8.50350 -0.00290
 8.57466 -0.00186
 8.64582 -0.00038
 8.71698  0.00075
 8.78814  0.00030
 8.85930  0.00045
 8.93046  0.00215
 9.00162  0.00302
 9.07278  0.00193
 9.14394  0.00302
 9.21510  0.00232
 9.28625  0.00245
 9.35741  0.00217
 9.42857  0.00246
 9.49973  0.00284
 9.57089  0.00135
 9.64205  0.00184
 9.71321  0.00121
 9.78437  0.00162
 9.85553  0.00138
 9.92669  0.00089
 9.99784  0.00073
10.06900  0.00033
10.14016 -0.00011
10.21132  0.00033
10.28248  0.00063
10.35364 -0.00029
10.42480 -0.00097
10.49596 -0.00048
10.56712  0.00010
10.63828  0.00020
10.70943  0.00022
10.78059 -0.00042
10.85175 -0.00042
10.92291 -0.00008
10.99407 -0.00073
11.06523  0.00016
11.13639 -0.00127
11.20755 -0.00050
11.27871 -0.00084
11.34987 -0.00038
11.42103  0.00008
11.49218 -0.00070
11.56334 -0.00127
11.63450 -0.00107
11.70566 -0.00119
11.77682 -0.00044
11.84798 -0.00043
11.91914 -0.00038
11.99030  0.00019
12.06146 -0.00075
12.13262 -0.00069
12.20377 -0.00042
12.27493 -0.00088
12.34609 -0.00045
12.41725 -0.00060
12.48841 -0.00023
12.55957 -0.00016
12.63073 -0.00097
12.70189 -0.00047
12.77305 -0.00053
12.84421 -0.00028
12.91537 -0.00049
12.98652 -0.00029
13.05768 -0.00037
13.12884 -0.00026
13.20000 -0.00057
13.27116  0.00005
13.34232 -0.00030
13.41348 -0.00079
13.48464  0.00007
13.55580 -0.00088
13.62696 -0.00058
13.69811 -0.00009
13.76927 -0.00052
13.84043 -0.00064
13.91159 -0.00073
13.98275 -0.00074
14.05391 -0.00074
14.12507 -0.00068
14.19623 -0.00106
14.26739 -0.00085
14.33855 -0.00078
14.40970 -0.00048
14.48086 -0.00143
14.55202 -0.00138
14.62318 -0.00116
14.69434 -0.00036
14.76550  0.00010
14.83666 -0.00089
14.90782 -0.00047
14.97898 -0.00075
15.05014 -0.00067
15.12130 -0.00071
15.19245 -0.00121
15.26361 -0.00041
15.33477 -0.00080
15.40593 -0.00048
15.47709 -0.00005
15.54825 -0.00053
15.61941 -0.00166
15.69057 -0.00055
15.76173 -0.00088
15.83289 -0.00077
15.90404 -0.00131
15.97520 -0.00009
16.04636 -0.00097
16.11752 -0.00076
16.18868 -0.00108
16.25984 -0.00054
16.33100 -0.00074
16.40216 -0.00103
16.47332 -0.00075
16.54448  0.00013
16.61563 -0.00027
16.68679 -0.00103
16.75795 -0.00084
16.82911 -0.00097
16.90027 -0.00086
16.97143 -0.00069
17.04259 -0.00102
17.11375 -0.00082
17.18491 -0.00109
17.25607 -0.00064
17.32723 -0.00091
17.39838 -0.00010
17.46954 -0.00103
17.54070 -0.00160
17.61186 -0.00046
17.68302 -0.00034
17.75418 -0.00084
17.82534 -0.00107
17.89650 -0.00011
17.96766 -0.00077
18.03882 -0.00044
18.10997 -0.00105
18.18113 -0.00024
18.25229 -0.00087
18.32345 -0.00067
18.39461 -0.00128
18.46577 -0.00052
18.53693 -0.00109
18.60809 -0.00118
18.67925 -0.00059
18.75041 -0.00088
18.82157 -0.00114
18.89272 -0.00093
18.96388 -0.00070
19.03504 -0.00120
19.10620 -0.00077
19.17736 -0.00106
19.24852 -0.00097
19.31968 -0.00097
19.39084 -0.00067
19.46200 -0.00082
19.53316 -0.00103
19.60431 -0.00077
19.67547 -0.00036
19.74663 -0.00075
19.81779 -0.00106
19.88895 -0.00095
19.96011 -0.00055
20.03127 -0.00067
20.10243 -0.00086
20.17359 -0.00085
20.24475 -0.00034
20.31590 -0.00078
20.38706 -0.00078
20.45822 -0.00101
20.52938 -0.00088
20.60054 -0.00106
20.67170 -0.00059
20.74286 -0.00135
20.81402 -0.00089
20.88518 -0.00064
20.95634 -0.00104
21.02750 -0.00124
21.09865 -0.00067
21.16981 -0.00062
21.24097 -0.00104
21.31213 -0.00039
