 0.03557  0.00000      nan
 0.10671  0.00000      nan
 0.17786  0.00000      nan
 0.24900  0.00000      nan
 0.32014  0.00000      nan
 0.39129  0.00000      nan
 0.46243  0.00000      nan
 0.53357  0.00000      nan
 0.60472  0.00000      nan
 0.67586  0.00000      nan
 0.74700  0.00000      nan
 0.81815  0.00000      nan
 0.88929  0.00000      nan
 0.96043  0.00000      nan
 1.03158  0.00000      nan
 1.10272  0.00000      nan
 1.17386  0.00000      nan
 1.24501  0.00000      nan
 1.31615  0.00000      nan
 1.38729  0.00000      nan
 1.45843  0.00000      nan
 1.52958  0.00000      nan
 1.60072  0.00000      nan
 1.67186  0.00000      nan
 1.74301  0.00000      nan
 1.81415  0.00000      nan
 1.88529  0.00000      nan
 1.95644  0.00000      nan
 2.02758  0.00000      nan
 2.09872  0.00000      nan
 2.16987  0.00000      nan
 2.24101  0.00000      nan
 2.31215  0.00000      nan
 2.38330  0.00000      nan
 2.45444  0.00000      nan
 2.52558  0.00000      nan
 2.59673  0.00000      nan
 2.66787  0.00000      nan
 2.73901  0.00000      nan
 2.81016  0.00000      nan
 2.88130  0.00000      nan
 2.95244  0.00000      nan
 3.02358  0.00000      nan
 3.09473  0.00000      nan
 3.16587  0.00000      nan
 3.23701  0.00000      nan
 3.30816  0.00000      nan
 3.37930  0.00000      nan
 3.45044  0.00181  0.00101
 3.52159  0.01739  0.00318
 3.59273  0.05737  0.00575
 3.66387  0.15532  0.00886
 3.73502  0.29428  0.01261
 3.80616  0.51069  0.01661
 3.87730  0.78242  0.02213
 3.94845  1.17599  0.02618
 4.01959  1.69854  0.03064
 4.09073  2.19251  0.03017
 4.16188  2.81264  0.04447
 4.23302  3.49612  0.04422
 4.30416  3.94463  0.04820
 4.37530  4.19448  0.05440
 4.44645  4.25807  0.05601
 4.51759  4.28355  0.05155
 4.58873  4.31190  0.05066
 4.65988  4.27959  0.05180
 4.73102  4.28452  0.05086
 4.80216  4.12016  0.04749
 4.87331  4.06160  0.04945
 4.94445  3.79969  0.04224
 5.01559  3.56033  0.04289
 5.08674  3.28055  0.03709
 5.15788  3.01690  0.03680
 5.22902  2.75997  0.03633
 5.30017  2.55764  0.03250
 5.37131  2.28723  0.02749
 5.44245  2.07393  0.02889
 5.51360  1.85922  0.02409
 5.58474  1.77135  0.02481
 5.65588  1.59086  0.02243
 5.72703  1.46500  0.02063
 5.79817  1.41087  0.01788
 5.86931  1.35350  0.01731
 5.94045  1.27584  0.01816
 6.01160  1.24523  0.01856
 6.08274  1.21433  0.01667
 6.15388  1.19078  0.01670
 6.22503  1.14331  0.01494
 6.29617  1.12106  0.01617
 6.36731  1.10910  0.01529
 6.43846  1.12305  0.01576
 6.50960  1.13359  0.01590
 6.58074  1.14192  0.01508
 6.65189  1.13323  0.01624
 6.72303  1.15805  0.01528
 6.79417  1.18127  0.01610
 6.86532  1.19765  0.01496
 6.93646  1.20145  0.01255
 7.00760  1.25053  0.01550
 7.07875  1.27947  0.01503
 7.14989  1.28016  0.01461
 7.22103  1.31297  0.01511
 7.29217  1.29627  0.01564
 7.36332  1.29561  0.01444
 7.43446  1.28498  0.01522
 7.50560  1.27069  0.01481
 7.57675  1.28176  0.01388
 7.64789  1.24548  0.01448
 7.71903  1.23156  0.01307
 7.79018  1.21770  0.01244
 7.86132  1.21600  0.01321
 7.93246  1.18435  0.01320
 8.00361  1.19392  0.01343
 8.07475  1.16238  0.01378
 8.14589  1.15290  0.01167
 8.21704  1.12535  0.01275
 8.28818  1.12004  0.01271
 8.35932  1.10466  0.01229
 8.43047  1.10541  0.01120
 8.50161  1.10688  0.01102
 8.57275  1.07969  0.01168
 8.64389  1.08864  0.01168
 8.71504  1.08524  0.01164
 8.78618  1.07891  0.01081
 8.85732  1.09455  0.01130
 8.92847  1.08701  0.01050
 8.99961  1.08090  0.01060
 9.07075  1.08192  0.01073
 9.14190  1.09173  0.01034
 9.21304  1.09035  0.01116
 9.28418  1.09047  0.01022
 9.35533  1.09096  0.01022
 9.42647  1.09057  0.01084
 9.49761  1.07119  0.00952
 9.56876  1.07895  0.01039
 9.63990  1.08390  0.00914
 9.71104  1.07212  0.01003
 9.78219  1.07649  0.00930
 9.85333  1.06011  0.00957
 9.92447  1.07636  0.00980
 9.99562  1.06080  0.00968
10.06676  1.05260  0.00950
10.13790  1.05383  0.00954
10.20904  1.05637  0.00860
10.28019  1.04514  0.00854
10.35133  1.03471  0.00851
10.42247  1.02712  0.00920
10.49362  1.03596  0.00812
10.56476  1.03346  0.00913
10.63590  1.04059  0.00891
10.70705  1.03847  0.00834
10.77819  1.04103  0.00815
10.84933  1.02247  0.00787
10.92048  1.03723  0.00856
10.99162  1.02974  0.00873
11.06276  1.03686  0.00780
11.13391  1.03247  0.00742
11.20505  1.04070  0.00919
11.27619  1.03875  0.00798
11.34734  1.02448  0.00806
11.41848  1.02350  0.00751
11.48962  1.03227  0.00793
11.56076  1.01880  0.00779
11.63191  1.01913  0.00789
11.70305  1.02494  0.00795
11.77419  1.02104  0.00736
11.84534  1.02773  0.00830
11.91648  1.02982  0.00805
11.98762  1.02499  0.00789
12.05877  1.01565  0.00669
12.12991  1.01877  0.00788
12.20105  1.01770  0.00704
12.27220  1.00593  0.00687
12.34334  1.02547  0.00764
12.41448  1.00801  0.00745
12.48563  1.01666  0.00697
12.55677  1.00851  0.00788
12.62791  1.00795  0.00665
12.69906  1.00306  0.00741
12.77020  1.01158  0.00713
12.84134  1.00804  0.00723
12.91249  1.00537  0.00685
12.98363  1.00270  0.00699
13.05477  0.99733  0.00686
13.12591  0.99819  0.00655
13.19706  1.00615  0.00734
13.26820  0.99923  0.00736
13.33934  0.99705  0.00706
13.41049  1.00661  0.00664
13.48163  0.99617  0.00596
13.55277  0.99325  0.00708
13.62392  0.98930  0.00697
13.69506  0.98840  0.00658
13.76620  0.98774  0.00632
13.83735  0.99131  0.00542
13.90849  0.99168  0.00647
13.97963  0.98974  0.00607
14.05078  0.99427  0.00673
14.12192  0.99928  0.00580
14.19306  1.00324  0.00632
14.26421  0.98690  0.00588
14.33535  0.99385  0.00622
14.40649  0.98725  0.00523
14.47763  0.99263  0.00611
14.54878  1.00451  0.00640
14.61992  0.98642  0.00625
14.69106  0.99275  0.00593
14.76221  0.99287  0.00607
14.83335  0.99350  0.00599
14.90449  0.98598  0.00579
14.97564  0.99898  0.00578
15.04678  1.00092  0.00601
15.11792  0.98435  0.00639
15.18907  0.98568  0.00526
15.26021  0.98309  0.00543
15.33135  0.99461  0.00592
15.40250  0.98741  0.00568
15.47364  0.98349  0.00528
15.54478  0.98673  0.00558
15.61593  0.98873  0.00556
15.68707  0.98390  0.00580
15.75821  0.98407  0.00542
15.82935  0.98773  0.00585
15.90050  0.98807  0.00551
15.97164  0.98633  0.00577
16.04278  0.98682  0.00543
16.11393  0.99192  0.00528
16.18507  0.99076  0.00574
16.25621  0.98660  0.00551
16.32736  0.98881  0.00511
16.39850  0.98886  0.00567
16.46964  0.98505  0.00558
16.54079  0.98469  0.00549
16.61193  0.99003  0.00500
16.68307  0.98124  0.00482
16.75422  0.98412  0.00475
16.82536  0.98171  0.00533
16.89650  0.97945  0.00484
16.96765  0.98334  0.00543
17.03879  0.97901  0.00485
17.10993  0.98759  0.00504
17.18108  0.98440  0.00540
17.25222  0.97629  0.00532
17.32336  0.99254  0.00552
17.39450  0.98826  0.00475
17.46565  0.97917  0.00503
17.53679  0.98045  0.00439
17.60793  0.97816  0.00494
17.67908  0.98364  0.00490
17.75022  0.98682  0.00477
17.82136  0.97522  0.00484
17.89251  0.98890  0.00490
17.96365  0.97685  0.00489
18.03479  0.98411  0.00446
18.10594  0.98213  0.00442
18.17708  0.98549  0.00514
18.24822  0.98942  0.00492
18.31937  0.98145  0.00502
18.39051  0.98186  0.00459
18.46165  0.98486  0.00481
18.53280  0.98422  0.00456
18.60394  0.97411  0.00437
18.67508  0.98330  0.00430
18.74622  0.98289  0.00396
18.81737  0.97752  0.00461
18.88851  0.97835  0.00458
18.95965  0.98501  0.00476
19.03080  0.97883  0.00480
19.10194  0.98430  0.00464
19.17308  0.98729  0.00471
19.24423  0.97677  0.00472
19.31537  0.97758  0.00391
19.38651  0.97471  0.00427
19.45766  0.98417  0.00462
19.52880  0.98065  0.00415
19.59994  0.97837  0.00409
19.67109  0.97922  0.00464
19.74223  0.97563  0.00409
19.81337  0.98840  0.00458
19.88452  0.97790  0.00354
19.95566  0.97768  0.00397
20.02680  0.98286  0.00443
20.09795  0.97260  0.00415
20.16909  0.98018  0.00417
20.24023  0.97260  0.00379
20.31137  0.97956  0.00427
20.38252  0.97165  0.00459
20.45366  0.97961  0.00449
20.52480  0.98183  0.00422
20.59595  0.97387  0.00419
20.66709  0.97083  0.00401
20.73823  0.97299  0.00418
20.80938  0.98152  0.00421
20.88052  0.97155  0.00414
20.95166  0.98128  0.00444
21.02281  0.97808  0.00384
21.09395  0.97999  0.00344
21.16509  0.98492  0.00438
21.23624  0.98014  0.00432
21.30738  0.97842  0.00416
