 0.03557  0.00000
 0.10671  0.00000
 0.17786  0.00000
 0.24900  0.00000
 0.32014  0.00000
 0.39129  0.00000
 0.46243  0.00000
 0.53357  0.00000
 0.60472  0.00000
 0.67586  0.00000
 0.74700  0.00000
 0.81815  0.00000
 0.88929  0.00000
 0.96043  0.00000
 1.03158  0.00000
 1.10272  0.00000
 1.17386  0.00000
 1.24501  0.00000
 1.31615  0.00000
 1.38729  0.00000
 1.45843  0.00000
 1.52958  0.00000
 1.60072  0.00000
 1.67186  0.00000
 1.74301  0.00000
 1.81415  0.00000
 1.88529  0.00000
 1.95644  0.00000
 2.02758  0.00000
 2.09872  0.00000
 2.16987  0.00000
 2.24101  0.00000
 2.31215  0.00000
 2.38330  0.00000
 2.45444  0.00000
 2.52558  0.00000
 2.59673  0.00000
 2.66787  0.00000
 2.73901  0.00000
 2.81016  0.00000
 2.88130  0.00000
 2.95244  0.00001
 3.02358  0.00018
 3.09473  0.00222
 3.16587  0.01363
 3.23701  0.05395
 3.30816  0.15198
 3.37930  0.32293
 3.45044  0.56197
 3.52159  0.82210
 3.59273  1.07168
 3.66387  1.27444
 3.73502  1.42841
 3.80616  1.54773
 3.87730  1.62709
 3.94845  1.67593
 4.01959  1.66886
 4.09073  1.58519
 4.16188  1.44901
 4.23302  1.29800
 4.30416  1.17082
 4.37530  1.06638
 4.44645  0.99949
 4.51759  0.94811
 4.58873  0.91404
 4.65988  0.89059
 4.73102  0.87560
 4.80216  0.86874
 4.87331  0.86599
 4.94445  0.86675
 5.01559  0.87067
 5.08674  0.87211
 5.15788  0.88625
 5.22902  0.89659
 5.30017  0.90408
 5.37131  0.91869
 5.44245  0.92709
 5.51360  0.93821
 5.58474  0.94936
 5.65588  0.95692
 5.72703  0.97027
 5.79817  0.97637
 5.86931  0.98524
 5.94045  0.99127
 6.01160  0.99957
 6.08274  1.00470
 6.15388  1.01063
 6.22503  1.01734
 6.29617  1.01710
 6.36731  1.01606
 6.43846  1.01404
 6.50960  1.01308
 6.58074  1.00929
 6.65189  1.00439
 6.72303  0.99789
 6.79417  0.99178
 6.86532  0.98598
 6.93646  0.97905
 7.00760  0.97592
 7.07875  0.97544
 7.14989  0.97362
 7.22103  0.97387
 7.29217  0.97596
 7.36332  0.97933
 7.43446  0.97845
 7.50560  0.98441
 7.57675  0.98829
 7.64789  0.99251
 7.71903  0.99647
 7.79018  1.00070
 7.86132  1.00130
 7.93246  1.00549
 8.00361  1.00867
 8.07475  1.00971
 8.14589  1.01133
 8.21704  1.01258
 8.28818  1.01406
 8.35932  1.01204
 8.43047  1.01023
 8.50161  1.00849
 8.57275  1.01030
 8.64389  1.00650
 8.71504  1.00720
 8.78618  1.00338
 8.85732  1.00315
 8.92847  0.99896
 8.99961  0.99934
 9.07075  0.99723
 9.14190  0.99514
 9.21304  0.99405
 9.28418  0.99423
 9.35533  0.99497
 9.42647  0.99493
 9.49761  0.99358
 9.56876  0.99312
 9.63990  0.99379
 9.71104  0.99698
 9.78219  0.99650
 9.85333  0.99881
 9.92447  0.99931
 9.99562  1.00116
10.06676  1.00144
10.13790  1.00243
10.20904  1.00422
10.28019  1.00393
10.35133  1.00535
10.42247  1.00573
10.49362  1.00539
10.56476  1.00506
10.63590  1.00526
10.70705  1.00479
10.77819  1.00488
10.84933  1.00430
10.92048  1.00522
10.99162  1.00445
11.06276  1.00448
11.13391  1.00422
11.20505  1.00212
11.27619  1.00346
11.34734  1.00273
11.41848  1.00194
11.48962  1.00066
11.56076  1.00137
11.63191  1.00155
11.70305  1.00083
11.77419  1.00084
11.84534  1.00010
11.91648  1.00072
11.98762  1.00126
12.05877  1.00100
12.12991  1.00256
12.20105  1.00162
12.27220  1.00169
12.34334  1.00249
12.41448  1.00100
12.48563  1.00271
12.55677  1.00287
12.62791  1.00358
12.69906  1.00223
12.77020  1.00259
12.84134  1.00228
12.91249  1.00287
12.98363  1.00333
13.05477  1.00331
13.12591  1.00292
13.19706  1.00222
13.26820  1.00307
13.33934  1.00204
13.41049  1.00077
13.48163  1.00185
13.55277  1.00244
13.62392  1.00197
13.69506  1.00299
13.76620  1.00227
13.83735  1.00210
13.90849  1.00139
13.97963  1.00215
14.05078  1.00264
14.12192  1.00297
14.19306  1.00156
14.26421  1.00287
14.33535  1.00284
14.40649  1.00208
14.47763  1.00164
14.54878  1.00193
14.61992  1.00279
14.69106  1.00277
14.76221  1.00189
14.83335  1.00213
14.90449  1.00269
14.97564  1.00145
15.04678  1.00184
15.11792  1.00252
15.18907  1.00248
15.26021  1.00243
15.33135  1.00215
15.40250  1.00261
15.47364  1.00233
15.54478  1.00274
15.61593  1.00182
15.68707  1.00188
15.75821  1.00221
15.82935  1.00130
15.90050  1.00265
15.97164  1.00172
16.04278  1.00132
16.11393  1.00162
16.18507  1.00250
16.25621  1.00258
16.32736  1.00161
16.39850  1.00198
16.46964  1.00218
16.54079  1.00175
16.61193  1.00203
16.68307  1.00192
16.75422  1.00217
16.82536  1.00249
16.89650  1.00268
16.96765  1.00288
17.03879  1.00263
17.10993  1.00176
17.18108  1.00268
17.25222  1.00152
17.32336  1.00185
17.39450  1.00226
17.46565  1.00164
17.53679  1.00193
17.60793  1.00249
17.67908  1.00107
17.75022  1.00209
17.82136  1.00206
17.89251  1.00239
17.96365  1.00141
18.03479  1.00221
18.10594  1.00242
18.17708  1.00212
18.24822  1.00150
18.31937  1.00278
18.39051  1.00201
18.46165  1.00130
18.53280  1.00193
18.60394  1.00161
18.67508  1.00235
18.74622  1.00205
18.81737  1.00217
18.88851  1.00233
18.95965  1.00163
19.03080  1.00179
19.10194  1.00241
19.17308  1.00134
19.24423  1.00169
19.31537  1.00168
19.38651  1.00206
19.45766  1.00197
19.52880  1.00209
19.59994  1.00231
19.67109  1.00233
19.74223  1.00135
19.81337  1.00185
19.88452  1.00206
19.95566  1.00238
20.02680  1.00209
20.09795  1.00153
20.16909  1.00161
20.24023  1.00282
20.31137  1.00202
20.38252  1.00233
20.45366  1.00185
20.52480  1.00191
20.59595  1.00166
20.66709  1.00216
20.73823  1.00115
20.80938  1.00207
20.88052  1.00179
20.95166  1.00188
21.02281  1.00149
21.09395  1.00174
21.16509  1.00139
21.23624  1.00213
21.30738  1.00159
