 0.03557  0.00000
 0.10671  0.00000
 0.17786  0.00000
 0.24900  0.00000
 0.32014  0.00000
 0.39129  0.00000
 0.46243  0.00000
 0.53357  0.00000
 0.60472  0.00000
 0.67586  0.00000
 0.74700  0.00000
 0.81815  0.00000
 0.88929  0.00000
 0.96043  0.00000
 1.03158  0.00000
 1.10272  0.00000
 1.17386  0.00000
 1.24501  0.00000
 1.31615  0.00000
 1.38729  0.00000
 1.45843  0.00000
 1.52958  0.00000
 1.60072  0.00000
 1.67186  0.00000
 1.74301  0.00000
 1.81415  0.00000
 1.88529  0.00000
 1.95644  0.00000
 2.02758  0.00000
 2.09872  0.00000
 2.16987  0.00000
 2.24101  0.00000
 2.31215  0.00000
 2.38330  0.00000
 2.45444  0.00000
 2.52558  0.00000
 2.59673  0.00000
 2.66787  0.00000
 2.73901  0.00000
 2.81016  0.00017
 2.88130  0.00111
 2.95244  0.00599
 3.02358  0.01921
 3.09473  0.04885
 3.16587  0.10858
 3.23701  0.22936
 3.30816  0.45035
 3.37930  0.75853
 3.45044  1.09456
 3.52159  1.36689
 3.59273  1.57185
 3.66387  1.70752
 3.73502  1.76606
 3.80616  1.76659
 3.87730  1.72797
 3.94845  1.65443
 4.01959  1.57449
 4.09073  1.49552
 4.16188  1.41737
 4.23302  1.35316
 4.30416  1.28848
 4.37530  1.23142
 4.44645  1.17540
 4.51759  1.11706
 4.58873  1.06875
 4.65988  1.02349
 4.73102  0.97911
 4.80216  0.94634
 4.87331  0.91521
 4.94445  0.88846
 5.01559  0.86872
 5.08674  0.85150
 5.15788  0.83929
 5.22902  0.83077
 5.30017  0.82379
 5.37131  0.82578
 5.44245  0.82693
 5.51360  0.83136
 5.58474  0.84190
 5.65588  0.84993
 5.72703  0.86413
 5.79817  0.87814
 5.86931  0.89465
 5.94045  0.90844
 6.01160  0.92901
 6.08274  0.94687
 6.15388  0.96458
 6.22503  0.97795
 6.29617  0.98839
 6.36731  0.99790
 6.43846  1.00734
 6.50960  1.01094
 6.58074  1.01313
 6.65189  1.01874
 6.72303  1.02044
 6.79417  1.01930
 6.86532  1.02101
 6.93646  1.02116
 7.00760  1.02017
 7.07875  1.01814
 7.14989  1.01799
 7.22103  1.01924
 7.29217  1.01495
 7.36332  1.01688
 7.43446  1.01222
 7.50560  1.01283
 7.57675  1.00933
 7.64789  1.00965
 7.71903  1.00465
 7.79018  1.00717
 7.86132  1.00286
 7.93246  1.00154
 8.00361  1.00086
 8.07475  0.99831
 8.14589  0.99798
 8.21704  0.99683
 8.28818  0.99447
 8.35932  0.99171
 8.43047  0.99127
 8.50161  0.99061
 8.57275  0.99120
 8.64389  0.98975
 8.71504  0.98750
 8.78618  0.98897
 8.85732  0.98755
 8.92847  0.98884
 8.99961  0.98785
 9.07075  0.98879
 9.14190  0.98914
 9.21304  0.99086
 9.28418  0.99097
 9.35533  0.99274
 9.42647  0.99439
 9.49761  0.99574
 9.56876  0.99751
 9.63990  0.99757
 9.71104  0.99964
 9.78219  1.00116
 9.85333  1.00029
 9.92447  1.00281
 9.99562  1.00245
10.06676  1.00397
10.13790  1.00366
10.20904  1.00480
10.28019  1.00461
10.35133  1.00488
10.42247  1.00322
10.49362  1.00376
10.56476  1.00387
10.63590  1.00407
10.70705  1.00327
10.77819  1.00341
10.84933  1.00278
10.92048  1.00225
10.99162  1.00230
11.06276  1.00034
11.13391  0.99976
11.20505  0.99983
11.27619  1.00026
11.34734  0.99787
11.41848  0.99987
11.48962  0.99922
11.56076  0.99979
11.63191  1.00032
11.70305  0.99828
11.77419  0.99845
11.84534  1.00061
11.91648  0.99965
11.98762  0.99983
12.05877  0.99996
12.12991  1.00060
12.20105  0.99976
12.27220  1.00029
12.34334  1.00079
12.41448  1.00159
12.48563  1.00096
12.55677  1.00004
12.62791  1.00153
12.69906  1.00131
12.77020  1.00154
12.84134  1.00195
12.91249  1.00109
12.98363  1.00173
13.05477  0.99988
13.12591  1.00158
13.19706  1.00151
13.26820  1.00119
13.33934  1.00150
13.41049  1.00210
13.48163  1.00097
13.55277  1.00084
13.62392  1.00212
13.69506  1.00209
13.76620  1.00135
13.83735  1.00144
13.90849  1.00118
13.97963  1.00173
14.05078  1.00135
14.12192  1.00100
14.19306  1.00317
14.26421  1.00081
14.33535  1.00217
14.40649  1.00089
14.47763  1.00205
14.54878  1.00239
14.61992  1.00100
14.69106  1.00150
14.76221  1.00051
14.83335  1.00079
14.90449  1.00079
14.97564  1.00156
15.04678  1.00130
15.11792  1.00020
15.18907  1.00080
15.26021  1.00216
15.33135  1.00103
15.40250  1.00123
15.47364  1.00141
15.54478  1.00146
15.61593  1.00185
15.68707  1.00228
15.75821  1.00092
15.82935  1.00193
15.90050  1.00125
15.97164  1.00183
16.04278  1.00178
16.11393  1.00166
16.18507  1.00147
16.25621  1.00144
16.32736  1.00072
16.39850  1.00126
16.46964  1.00115
16.54079  1.00185
16.61193  1.00151
16.68307  1.00155
16.75422  1.00018
16.82536  1.00152
16.89650  1.00167
16.96765  1.00177
17.03879  1.00121
17.10993  1.00098
17.18108  1.00183
17.25222  1.00225
17.32336  1.00201
17.39450  1.00199
17.46565  1.00231
17.53679  1.00118
17.60793  1.00151
17.67908  1.00247
17.75022  1.00092
17.82136  1.00156
17.89251  1.00088
17.96365  1.00205
18.03479  1.00188
18.10594  1.00164
18.17708  1.00144
18.24822  1.00085
18.31937  1.00132
18.39051  1.00169
18.46165  1.00132
18.53280  1.00255
18.60394  1.00249
18.67508  1.00152
18.74622  1.00121
18.81737  1.00178
18.88851  1.00157
18.95965  1.00118
19.03080  1.00088
19.10194  1.00125
19.17308  1.00226
19.24423  1.00113
19.31537  1.00150
19.38651  1.00216
19.45766  1.00176
19.52880  1.00165
19.59994  1.00180
19.67109  1.00167
19.74223  1.00141
19.81337  1.00111
19.88452  1.00135
19.95566  1.00160
20.02680  1.00138
20.09795  1.00128
20.16909  1.00079
20.24023  1.00110
20.31137  1.00211
20.38252  1.00159
20.45366  1.00148
20.52480  1.00162
20.59595  1.00152
20.66709  1.00137
20.73823  1.00120
20.80938  1.00156
20.88052  1.00153
20.95166  1.00210
21.02281  1.00206
21.09395  1.00158
21.16509  1.00099
21.23624  1.00161
21.30738  1.00073
