 0.03557      inf      nan
 0.10671      inf      nan
 0.17786      inf      nan
 0.24900      inf      nan
 0.32014      inf      nan
 0.39129      inf      nan
 0.46243      inf      nan
 0.53357      inf      nan
 0.60472      inf      nan
 0.67586      inf      nan
 0.74700      inf      nan
 0.81815      inf      nan
 0.88929      inf      nan
 0.96043      inf      nan
 1.03158      inf      nan
 1.10272      inf      nan
 1.17386      inf      nan
 1.24501      inf      nan
 1.31615      inf      nan
 1.38729      inf      nan
 1.45843      inf      nan
 1.52958      inf      nan
 1.60072      inf      nan
 1.67186      inf      nan
 1.74301      inf      nan
 1.81415      inf      nan
 1.88529      inf      nan
 1.95644      inf      nan
 2.02758      inf      nan
 2.09872      inf      nan
 2.16987      inf      nan
 2.24101      inf      nan
 2.31215      inf      nan
 2.38330      inf      nan
 2.45444      inf      nan
 2.52558      inf      nan
 2.59673      inf      nan
 2.66787      inf      nan
 2.73901      inf      nan
 2.81016      inf      nan
 2.88130      inf      nan
 2.95244      inf      nan
 3.02358      inf      nan
 3.09473      inf      nan
 3.16587      inf      nan
 3.23701      inf      nan
 3.30816      inf      nan
 3.37930      inf      nan
 3.45044  3.73759  0.33104
 3.52159  2.39862  0.10814
 3.59273  1.69205  0.05936
 3.66387  1.10246  0.03376
 3.73502  0.72414  0.02536
 3.80616  0.39782  0.01925
 3.87730  0.14525  0.01675
 3.94845 -0.09597  0.01318
 4.01959 -0.31362  0.01068
 4.09073 -0.46475  0.00815
 4.16188 -0.61220  0.00936
 4.23302 -0.74098  0.00749
 4.30416 -0.81243  0.00723
 4.37530 -0.84879  0.00768
 4.44645 -0.85770  0.00779
 4.51759 -0.86123  0.00712
 4.58873 -0.86514  0.00696
 4.65988 -0.86068  0.00717
 4.73102 -0.86136  0.00703
 4.80216 -0.83821  0.00682
 4.87331 -0.82973  0.00721
 4.94445 -0.79027  0.00658
 5.01559 -0.75175  0.00713
 5.08674 -0.70330  0.00669
 5.15788 -0.65370  0.00722
 5.22902 -0.60101  0.00779
 5.30017 -0.55594  0.00752
 5.37131 -0.48979  0.00712
 5.44245 -0.43183  0.00825
 5.51360 -0.36713  0.00767
 5.58474 -0.33847  0.00829
 5.65588 -0.27485  0.00835
 5.72703 -0.22606  0.00834
 5.79817 -0.20377  0.00750
 5.86931 -0.17920  0.00757
 5.94045 -0.14422  0.00843
 6.01160 -0.12984  0.00883
 6.08274 -0.11496  0.00813
 6.15388 -0.10337  0.00830
 6.22503 -0.07928  0.00774
 6.29617 -0.06765  0.00854
 6.36731 -0.06130  0.00816
 6.43846 -0.06870  0.00831
 6.50960 -0.07423  0.00830
 6.58074 -0.07857  0.00782
 6.65189 -0.07404  0.00848
 6.72303 -0.08687  0.00781
 6.79417 -0.09862  0.00807
 6.86532 -0.10677  0.00739
 6.93646 -0.10865  0.00618
 7.00760 -0.13235  0.00734
 7.07875 -0.14590  0.00696
 7.14989 -0.14621  0.00675
 7.22103 -0.16120  0.00681
 7.29217 -0.15362  0.00714
 7.36332 -0.15332  0.00660
 7.43446 -0.14844  0.00701
 7.50560 -0.14182  0.00690
 7.57675 -0.14695  0.00641
 7.64789 -0.12996  0.00688
 7.71903 -0.12330  0.00628
 7.79018 -0.11660  0.00605
 7.86132 -0.11578  0.00643
 7.93246 -0.10016  0.00660
 8.00361 -0.10493  0.00666
 8.07475 -0.08908  0.00702
 8.14589 -0.08423  0.00599
 8.21704 -0.06991  0.00671
 8.28818 -0.06711  0.00672
 8.35932 -0.05892  0.00659
 8.43047 -0.05933  0.00600
 8.50161 -0.06012  0.00589
 8.57275 -0.04539  0.00640
 8.64389 -0.05028  0.00635
 8.71504 -0.04842  0.00635
 8.78618 -0.04496  0.00593
 8.85732 -0.05348  0.00611
 8.92847 -0.04939  0.00572
 8.99961 -0.04605  0.00581
 9.07075 -0.04661  0.00587
 9.14190 -0.05196  0.00561
 9.21304 -0.05121  0.00606
 9.28418 -0.05127  0.00555
 9.35533 -0.05154  0.00555
 9.42647 -0.05133  0.00588
 9.49761 -0.04071  0.00526
 9.56876 -0.04499  0.00570
 9.63990 -0.04769  0.00499
 9.71104 -0.04122  0.00554
 9.78219 -0.04363  0.00511
 9.85333 -0.03456  0.00534
 9.92447 -0.04356  0.00539
 9.99562 -0.03494  0.00540
10.06676 -0.03035  0.00534
10.13790 -0.03104  0.00536
10.20904 -0.03247  0.00482
10.28019 -0.02614  0.00484
10.35133 -0.02020  0.00487
10.42247 -0.01584  0.00530
10.49362 -0.02092  0.00464
10.56476 -0.01948  0.00523
10.63590 -0.02356  0.00507
10.70705 -0.02235  0.00475
10.77819 -0.02380  0.00463
10.84933 -0.01316  0.00456
10.92048 -0.02164  0.00489
10.99162 -0.01735  0.00502
11.06276 -0.02143  0.00446
11.13391 -0.01892  0.00425
11.20505 -0.02362  0.00523
11.27619 -0.02251  0.00455
11.34734 -0.01432  0.00466
11.41848 -0.01375  0.00434
11.48962 -0.01880  0.00455
11.56076 -0.01103  0.00453
11.63191 -0.01122  0.00458
11.70305 -0.01458  0.00459
11.77419 -0.01233  0.00426
11.84534 -0.01619  0.00478
11.91648 -0.01740  0.00463
11.98762 -0.01461  0.00456
12.05877 -0.00919  0.00390
12.12991 -0.01101  0.00458
12.20105 -0.01038  0.00409
12.27220 -0.00350  0.00404
12.34334 -0.01489  0.00441
12.41448 -0.00472  0.00438
12.48563 -0.00978  0.00406
12.55677 -0.00501  0.00463
12.62791 -0.00469  0.00391
12.69906 -0.00181  0.00437
12.77020 -0.00682  0.00417
12.84134 -0.00474  0.00425
12.91249 -0.00317  0.00403
12.98363 -0.00159  0.00413
13.05477  0.00159  0.00407
13.12591  0.00107  0.00388
13.19706 -0.00363  0.00432
13.26820  0.00045  0.00436
13.33934  0.00175  0.00419
13.41049 -0.00390  0.00390
13.48163  0.00227  0.00354
13.55277  0.00401  0.00422
13.62392  0.00637  0.00417
13.69506  0.00691  0.00394
13.76620  0.00731  0.00378
13.83735  0.00517  0.00324
13.90849  0.00495  0.00387
13.97963  0.00611  0.00363
14.05078  0.00340  0.00400
14.12192  0.00043  0.00343
14.19306 -0.00192  0.00373
14.26421  0.00781  0.00353
14.33535  0.00365  0.00370
14.40649  0.00760  0.00313
14.47763  0.00438  0.00364
14.54878 -0.00267  0.00377
14.61992  0.00810  0.00375
14.69106  0.00431  0.00354
14.76221  0.00424  0.00362
14.83335  0.00386  0.00357
14.90449  0.00836  0.00348
14.97564  0.00061  0.00343
15.04678 -0.00054  0.00355
15.11792  0.00934  0.00384
15.18907  0.00854  0.00316
15.26021  0.01010  0.00327
15.33135  0.00320  0.00352
15.40250  0.00750  0.00340
15.47364  0.00986  0.00318
15.54478  0.00791  0.00335
15.61593  0.00671  0.00333
15.68707  0.00961  0.00349
15.75821  0.00950  0.00326
15.82935  0.00731  0.00351
15.90050  0.00711  0.00330
15.97164  0.00815  0.00346
16.04278  0.00785  0.00326
16.11393  0.00480  0.00315
16.18507  0.00549  0.00343
16.25621  0.00799  0.00331
16.32736  0.00666  0.00306
16.39850  0.00663  0.00340
16.46964  0.00892  0.00335
16.54079  0.00913  0.00330
16.61193  0.00593  0.00299
16.68307  0.01121  0.00291
16.75422  0.00948  0.00286
16.82536  0.01093  0.00321
16.89650  0.01229  0.00292
16.96765  0.00994  0.00327
17.03879  0.01256  0.00293
17.10993  0.00739  0.00302
17.18108  0.00931  0.00325
17.25222  0.01420  0.00322
17.32336  0.00443  0.00329
17.39450  0.00699  0.00285
17.46565  0.01246  0.00304
17.53679  0.01169  0.00265
17.60793  0.01308  0.00299
17.67908  0.00976  0.00295
17.75022  0.00786  0.00286
17.82136  0.01486  0.00294
17.89251  0.00661  0.00293
17.96365  0.01386  0.00297
18.03479  0.00949  0.00269
18.10594  0.01067  0.00266
18.17708  0.00865  0.00309
18.24822  0.00630  0.00294
18.31937  0.01109  0.00303
18.39051  0.01084  0.00277
18.46165  0.00903  0.00289
18.53280  0.00942  0.00274
18.60394  0.01553  0.00266
18.67508  0.00997  0.00259
18.74622  0.01022  0.00239
18.81737  0.01346  0.00279
18.88851  0.01296  0.00277
18.95965  0.00894  0.00286
19.03080  0.01267  0.00290
19.10194  0.00937  0.00279
19.17308  0.00757  0.00282
19.24423  0.01392  0.00286
19.31537  0.01342  0.00237
19.38651  0.01517  0.00260
19.45766  0.00945  0.00278
19.52880  0.01157  0.00251
19.59994  0.01294  0.00248
19.67109  0.01243  0.00281
19.74223  0.01461  0.00248
19.81337  0.00691  0.00275
19.88452  0.01323  0.00214
19.95566  0.01337  0.00241
20.02680  0.01023  0.00267
20.09795  0.01644  0.00253
20.16909  0.01185  0.00252
20.24023  0.01645  0.00231
20.31137  0.01222  0.00258
20.38252  0.01703  0.00279
20.45366  0.01220  0.00271
20.52480  0.01086  0.00255
20.59595  0.01568  0.00255
20.66709  0.01753  0.00244
20.73823  0.01621  0.00254
20.80938  0.01104  0.00254
20.88052  0.01709  0.00252
20.95166  0.01119  0.00268
21.02281  0.01312  0.00232
21.09395  0.01197  0.00208
21.16509  0.00899  0.00263
21.23624  0.01188  0.00261
21.30738  0.01292  0.00252
