 0.03557      inf
 0.10671      inf
 0.17786      inf
 0.24900      inf
 0.32014      inf
 0.39129      inf
 0.46243      inf
 0.53357      inf
 0.60472      inf
 0.67586      inf
 0.74700      inf
 0.81815      inf
 0.88929      inf
 0.96043      inf
 1.03158      inf
 1.10272      inf
 1.17386      inf
 1.24501      inf
 1.31615      inf
 1.38729      inf
 1.45843      inf
 1.52958      inf
 1.60072      inf
 1.67186      inf
 1.74301      inf
 1.81415      inf
 1.88529      inf
 1.95644      inf
 2.02758      inf
 2.09872      inf
 2.16987      inf
 2.24101      inf
 2.31215      inf
 2.38330      inf
 2.45444      inf
 2.52558      inf
 2.59673      inf
 2.66787      inf
 2.73901      inf
 2.81016      inf
 2.88130      inf
 2.95244  6.99821
 3.02358  5.09761
 3.09473  3.61730
 3.16587  2.54272
 3.23701  1.72844
 3.30816  1.11533
 3.37930  0.66915
 3.45044  0.34118
 3.52159  0.11597
 3.59273 -0.04098
 3.66387 -0.14356
 3.73502 -0.21109
 3.80616 -0.25858
 3.87730 -0.28818
 3.94845 -0.30569
 4.01959 -0.30319
 4.09073 -0.27274
 4.16188 -0.21956
 4.23302 -0.15441
 4.30416 -0.09336
 4.37530 -0.03805
 4.44645  0.00030
 4.51759  0.03155
 4.58873  0.05321
 4.65988  0.06860
 4.73102  0.07864
 4.80216  0.08330
 4.87331  0.08518
 4.94445  0.08466
 5.01559  0.08198
 5.08674  0.08101
 5.15788  0.07148
 5.22902  0.06462
 5.30017  0.05970
 5.37131  0.05020
 5.44245  0.04482
 5.51360  0.03776
 5.58474  0.03076
 5.65588  0.02607
 5.72703  0.01787
 5.79817  0.01416
 5.86931  0.00880
 5.94045  0.00519
 6.01160  0.00025
 6.08274 -0.00277
 6.15388 -0.00626
 6.22503 -0.01018
 6.29617 -0.01004
 6.36731 -0.00943
 6.43846 -0.00825
 6.50960 -0.00770
 6.58074 -0.00548
 6.65189 -0.00259
 6.72303  0.00125
 6.79417  0.00488
 6.86532  0.00836
 6.93646  0.01253
 7.00760  0.01443
 7.07875  0.01472
 7.14989  0.01582
 7.22103  0.01567
 7.29217  0.01441
 7.36332  0.01237
 7.43446  0.01290
 7.50560  0.00930
 7.57675  0.00697
 7.64789  0.00445
 7.71903  0.00209
 7.79018 -0.00042
 7.86132 -0.00077
 7.93246 -0.00324
 8.00361 -0.00511
 8.07475 -0.00572
 8.14589 -0.00667
 8.21704 -0.00740
 8.28818 -0.00827
 8.35932 -0.00709
 8.43047 -0.00603
 8.50161 -0.00501
 8.57275 -0.00607
 8.64389 -0.00383
 8.71504 -0.00424
 8.78618 -0.00200
 8.85732 -0.00186
 8.92847  0.00061
 8.99961  0.00039
 9.07075  0.00164
 9.14190  0.00288
 9.21304  0.00353
 9.28418  0.00342
 9.35533  0.00298
 9.42647  0.00301
 9.49761  0.00381
 9.56876  0.00409
 9.63990  0.00369
 9.71104  0.00179
 9.78219  0.00208
 9.85333  0.00071
 9.92447  0.00041
 9.99562 -0.00068
10.06676 -0.00085
10.13790 -0.00144
10.20904 -0.00249
10.28019 -0.00232
10.35133 -0.00316
10.42247 -0.00338
10.49362 -0.00318
10.56476 -0.00299
10.63590 -0.00311
10.70705 -0.00283
10.77819 -0.00288
10.84933 -0.00254
10.92048 -0.00308
10.99162 -0.00263
11.06276 -0.00265
11.13391 -0.00249
11.20505 -0.00126
11.27619 -0.00205
11.34734 -0.00162
11.41848 -0.00115
11.48962 -0.00039
11.56076 -0.00081
11.63191 -0.00092
11.70305 -0.00049
11.77419 -0.00050
11.84534 -0.00006
11.91648 -0.00043
11.98762 -0.00075
12.05877 -0.00059
12.12991 -0.00151
12.20105 -0.00096
12.27220 -0.00100
12.34334 -0.00147
12.41448 -0.00059
12.48563 -0.00160
12.55677 -0.00170
12.62791 -0.00212
12.69906 -0.00132
12.77020 -0.00153
12.84134 -0.00135
12.91249 -0.00170
12.98363 -0.00197
13.05477 -0.00196
13.12591 -0.00173
13.19706 -0.00131
13.26820 -0.00182
13.33934 -0.00120
13.41049 -0.00046
13.48163 -0.00110
13.55277 -0.00145
13.62392 -0.00117
13.69506 -0.00177
13.76620 -0.00134
13.83735 -0.00124
13.90849 -0.00082
13.97963 -0.00127
14.05078 -0.00156
14.12192 -0.00176
14.19306 -0.00092
14.26421 -0.00170
14.33535 -0.00168
14.40649 -0.00123
14.47763 -0.00097
14.54878 -0.00114
14.61992 -0.00165
14.69106 -0.00164
14.76221 -0.00112
14.83335 -0.00126
14.90449 -0.00159
14.97564 -0.00086
15.04678 -0.00109
15.11792 -0.00149
15.18907 -0.00147
15.26021 -0.00144
15.33135 -0.00127
15.40250 -0.00154
15.47364 -0.00138
15.54478 -0.00162
15.61593 -0.00107
15.68707 -0.00111
15.75821 -0.00131
15.82935 -0.00077
15.90050 -0.00157
15.97164 -0.00101
16.04278 -0.00078
16.11393 -0.00096
16.18507 -0.00148
16.25621 -0.00152
16.32736 -0.00095
16.39850 -0.00117
16.46964 -0.00129
16.54079 -0.00103
16.61193 -0.00120
16.68307 -0.00113
16.75422 -0.00128
16.82536 -0.00147
16.89650 -0.00158
16.96765 -0.00170
17.03879 -0.00156
17.10993 -0.00104
17.18108 -0.00158
17.25222 -0.00090
17.32336 -0.00109
17.39450 -0.00134
17.46565 -0.00097
17.53679 -0.00114
17.60793 -0.00147
17.67908 -0.00063
17.75022 -0.00123
17.82136 -0.00122
17.89251 -0.00141
17.96365 -0.00084
18.03479 -0.00131
18.10594 -0.00143
18.17708 -0.00125
18.24822 -0.00089
18.31937 -0.00164
18.39051 -0.00119
18.46165 -0.00077
18.53280 -0.00114
18.60394 -0.00095
18.67508 -0.00139
18.74622 -0.00121
18.81737 -0.00129
18.88851 -0.00138
18.95965 -0.00096
19.03080 -0.00106
19.10194 -0.00142
19.17308 -0.00079
19.24423 -0.00100
19.31537 -0.00100
19.38651 -0.00122
19.45766 -0.00116
19.52880 -0.00123
19.59994 -0.00136
19.67109 -0.00138
19.74223 -0.00080
19.81337 -0.00109
19.88452 -0.00122
19.95566 -0.00140
20.02680 -0.00123
20.09795 -0.00091
20.16909 -0.00095
20.24023 -0.00167
20.31137 -0.00119
20.38252 -0.00138
20.45366 -0.00109
20.52480 -0.00113
20.59595 -0.00098
20.66709 -0.00128
20.73823 -0.00068
20.80938 -0.00122
20.88052 -0.00106
20.95166 -0.00111
21.02281 -0.00088
21.09395 -0.00103
21.16509 -0.00082
21.23624 -0.00126
21.30738 -0.00094
