 0.03557      inf
 0.10671      inf
 0.17786      inf
 0.24900      inf
 0.32014      inf
 0.39129      inf
 0.46243      inf
 0.53357      inf
 0.60472      inf
 0.67586      inf
 0.74700      inf
 0.81815      inf
 0.88929      inf
 0.96043      inf
 1.03158      inf
 1.10272      inf
 1.17386      inf
 1.24501      inf
 1.31615      inf
 1.38729      inf
 1.45843      inf
 1.52958      inf
 1.60072      inf
 1.67186      inf
 1.74301      inf
 1.81415      inf
 1.88529      inf
 1.95644      inf
 2.02758      inf
 2.09872      inf
 2.16987      inf
 2.24101      inf
 2.31215      inf
 2.38330      inf
 2.45444      inf
 2.52558      inf
 2.59673      inf
 2.66787      inf
 2.73901      inf
 2.81016  5.13738
 2.88130  4.02721
 2.95244  3.02993
 3.02358  2.33965
 3.09473  1.78724
 3.16587  1.31440
 3.23701  0.87169
 3.30816  0.47226
 3.37930  0.16362
 3.45044 -0.05349
 3.52159 -0.18502
 3.59273 -0.26774
 3.66387 -0.31674
 3.73502 -0.33670
 3.80616 -0.33688
 3.87730 -0.32379
 3.94845 -0.29805
 4.01959 -0.26873
 4.09073 -0.23826
 4.16188 -0.20649
 4.23302 -0.17905
 4.30416 -0.15005
 4.37530 -0.12324
 4.44645 -0.09567
 4.51759 -0.06553
 4.58873 -0.03936
 4.65988 -0.01375
 4.73102  0.01250
 4.80216  0.03265
 4.87331  0.05245
 4.94445  0.07002
 5.01559  0.08331
 5.08674  0.09516
 5.15788  0.10372
 5.22902  0.10976
 5.30017  0.11475
 5.37131  0.11333
 5.44245  0.11250
 5.51360  0.10934
 5.58474  0.10188
 5.65588  0.09626
 5.72703  0.08645
 5.79817  0.07693
 5.86931  0.06590
 5.94045  0.05685
 6.01160  0.04359
 6.08274  0.03232
 6.15388  0.02135
 6.22503  0.01320
 6.29617  0.00691
 6.36731  0.00124
 6.43846 -0.00433
 6.50960 -0.00644
 6.58074 -0.00772
 6.65189 -0.01099
 6.72303 -0.01198
 6.79417 -0.01132
 6.86532 -0.01231
 6.93646 -0.01240
 7.00760 -0.01182
 7.07875 -0.01064
 7.14989 -0.01055
 7.22103 -0.01128
 7.29217 -0.00879
 7.36332 -0.00991
 7.43446 -0.00719
 7.50560 -0.00755
 7.57675 -0.00550
 7.64789 -0.00568
 7.71903 -0.00275
 7.79018 -0.00423
 7.86132 -0.00169
 7.93246 -0.00091
 8.00361 -0.00051
 8.07475  0.00100
 8.14589  0.00120
 8.21704  0.00188
 8.28818  0.00328
 8.35932  0.00493
 8.43047  0.00519
 8.50161  0.00558
 8.57275  0.00523
 8.64389  0.00610
 8.71504  0.00744
 8.78618  0.00656
 8.85732  0.00742
 8.92847  0.00664
 8.99961  0.00724
 9.07075  0.00668
 9.14190  0.00647
 9.21304  0.00544
 9.28418  0.00537
 9.35533  0.00431
 9.42647  0.00333
 9.49761  0.00253
 9.56876  0.00148
 9.63990  0.00144
 9.71104  0.00021
 9.78219 -0.00069
 9.85333 -0.00017
 9.92447 -0.00166
 9.99562 -0.00145
10.06676 -0.00235
10.13790 -0.00216
10.20904 -0.00284
10.28019 -0.00272
10.35133 -0.00288
10.42247 -0.00190
10.49362 -0.00222
10.56476 -0.00229
10.63590 -0.00240
10.70705 -0.00193
10.77819 -0.00201
10.84933 -0.00164
10.92048 -0.00133
10.99162 -0.00136
11.06276 -0.00020
11.13391  0.00014
11.20505  0.00010
11.27619 -0.00015
11.34734  0.00126
11.41848  0.00008
11.48962  0.00046
11.56076  0.00012
11.63191 -0.00019
11.70305  0.00102
11.77419  0.00092
11.84534 -0.00036
11.91648  0.00021
11.98762  0.00010
12.05877  0.00002
12.12991 -0.00035
12.20105  0.00014
12.27220 -0.00017
12.34334 -0.00047
12.41448 -0.00094
12.48563 -0.00057
12.55677 -0.00002
12.62791 -0.00091
12.69906 -0.00077
12.77020 -0.00091
12.84134 -0.00115
12.91249 -0.00064
12.98363 -0.00102
13.05477  0.00007
13.12591 -0.00094
13.19706 -0.00089
13.26820 -0.00070
13.33934 -0.00089
13.41049 -0.00124
13.48163 -0.00057
13.55277 -0.00050
13.62392 -0.00126
13.69506 -0.00123
13.76620 -0.00080
13.83735 -0.00085
13.90849 -0.00070
13.97963 -0.00102
14.05078 -0.00080
14.12192 -0.00059
14.19306 -0.00187
14.26421 -0.00048
14.33535 -0.00128
14.40649 -0.00053
14.47763 -0.00121
14.54878 -0.00141
14.61992 -0.00059
14.69106 -0.00089
14.76221 -0.00030
14.83335 -0.00047
14.90449 -0.00047
14.97564 -0.00092
15.04678 -0.00077
15.11792 -0.00012
15.18907 -0.00047
15.26021 -0.00128
15.33135 -0.00061
15.40250 -0.00073
15.47364 -0.00083
15.54478 -0.00086
15.61593 -0.00110
15.68707 -0.00135
15.75821 -0.00054
15.82935 -0.00114
15.90050 -0.00074
15.97164 -0.00108
16.04278 -0.00106
16.11393 -0.00098
16.18507 -0.00087
16.25621 -0.00085
16.32736 -0.00043
16.39850 -0.00075
16.46964 -0.00068
16.54079 -0.00109
16.61193 -0.00090
16.68307 -0.00091
16.75422 -0.00011
16.82536 -0.00090
16.89650 -0.00099
16.96765 -0.00105
17.03879 -0.00071
17.10993 -0.00058
17.18108 -0.00108
17.25222 -0.00133
17.32336 -0.00119
17.39450 -0.00118
17.46565 -0.00137
17.53679 -0.00070
17.60793 -0.00089
17.67908 -0.00146
17.75022 -0.00054
17.82136 -0.00092
17.89251 -0.00052
17.96365 -0.00121
18.03479 -0.00111
18.10594 -0.00097
18.17708 -0.00085
18.24822 -0.00050
18.31937 -0.00078
18.39051 -0.00100
18.46165 -0.00078
18.53280 -0.00151
18.60394 -0.00148
18.67508 -0.00090
18.74622 -0.00072
18.81737 -0.00105
18.88851 -0.00093
18.95965 -0.00070
19.03080 -0.00052
19.10194 -0.00074
19.17308 -0.00134
19.24423 -0.00067
19.31537 -0.00089
19.38651 -0.00128
19.45766 -0.00104
19.52880 -0.00098
19.59994 -0.00106
19.67109 -0.00099
19.74223 -0.00084
19.81337 -0.00065
19.88452 -0.00080
19.95566 -0.00095
20.02680 -0.00082
20.09795 -0.00076
20.16909 -0.00047
20.24023 -0.00065
20.31137 -0.00124
20.38252 -0.00094
20.45366 -0.00088
20.52480 -0.00096
20.59595 -0.00090
20.66709 -0.00081
20.73823 -0.00071
20.80938 -0.00092
20.88052 -0.00090
20.95166 -0.00124
21.02281 -0.00122
21.09395 -0.00093
21.16509 -0.00059
21.23624 -0.00095
21.30738 -0.00043
