multipole   441  443  444              -0.13120
                                        0.12127    0.00000    0.03675
                                        0.15889
                                        0.00000   -0.59269
                                       -0.20947    0.00000    0.43380
# [442] = [[2]]
multipole   442 -441 -441               0.42667
                                        0.00000    0.00000    0.38632
                                        0.37361
                                        0.00000   -0.24352
                                        0.00000    0.00000   -0.13009
# [444] = [[4, 7]]
multipole   444  441  443               0.15395
                                        0.01654    0.00000   -0.22820
                                        0.06563
                                        0.00000    0.01765
                                        0.01326    0.00000   -0.08328
# [443] = [[5, 6]]
multipole   443  446  443               0.11756
                                       -0.31241    0.00000   -0.06325
                                        0.39149
                                        0.00000   -0.24085
                                        0.41715    0.00000   -0.15064
# [445] = [[8]]
multipole   445  442                    0.10425
                                        0.00000    0.00000   -0.21789
                                        0.03659
                                        0.00000    0.03659
                                        0.00000    0.00000   -0.07318
# [446] = [[9, 10]]
multipole   446  443  441               0.09423
                                       -0.02004    0.00000   -0.20034
                                        0.07908
                                        0.00000    0.01207
                                       -0.00677    0.00000   -0.09115
