Adding dependency `anaconda/2020.11:python3` to your environment
Adding package `my_py_env/20221129` to your environment
  0.0254   0.0000
  0.1292   0.0006
  0.2971   0.0094
  0.5000   0.1537
  0.7029   0.6404
  0.8708   1.2619
  0.9746   2.2478
  1.0254   3.0180
  1.1292   5.4514
  1.2971   8.0518
  1.5000   8.7964
  1.7029  14.9072
  1.8708  22.5119
  1.9746  28.7788
  2.0254  29.6474
  2.1292  31.2804
  2.2971  37.1006
  2.5000  42.7078
  2.7029  51.5094
  2.8708  55.0753
  2.9746  53.8564
  3.0254  58.3969
  3.1292  60.1115
  3.2971  67.7167
  3.5000  75.9770
  3.7029  81.6435
  3.8708  86.4811
  3.9746  86.2728
  4.0254  84.1846
  4.1292  99.0508
  4.2971 100.0533
  4.5000 100.9642
  4.7029 103.0018
  4.8708 114.6633
  4.9746 114.9102
