[1] 0.7887697299999985 1.4241310374999994 1.4221489299670793 0.6294096600000001 
[31] 0.38019833999999975 0.49498747749999933 0.5486556924879551 0.10528267999999999 
[61] 0.0005328400000017552 0.006604007500000636 0.0 0.0 
[91] 0.4260693400000015 0.577284197499998 0.549516734550707 0.14258195999999998 
[121] 0.7887063300000001 1.4246441575000002 1.4192847387166694 0.6294419900000001 
[151] 0.38353955000000184 0.5019583774999983 0.49194188421824947 0.10931211 
[181] 0.00018586999999925524 0.006373757499999316 0.004488141043111682 6.316000000000026e-05 
[211] 0.42471795999999884 0.5749295374999999 0.5593148775515147 0.1405747 
[241] 0.7885708499999993 1.4240613774999982 1.4203340247040614 0.6292996900000001 
[271] 0.3855650600000011 0.5051292575000008 0.48494703543838114 0.11177855 
[301] 0.0 0.006054687499999561 0.001562653691507876 4.743e-05 
[331] 0.42148296999999957 0.5678579574999982 0.6113510035793297 0.13628425 
