[0] 1.8434441999999969 0.9619904837499997 0.9653272766736336 4.883999999993893e-05 
[30] 1.0383976299999986 0.2594763037499983 0.2168026392464526 0.10123167999999994 
[60] 9.246999999845684e-05 -0.002317636250002144 0.0022333612432703376 0.8788554399999999 
[90] 1.004016779999997 0.23014619374999823 0.29663672036258504 0.10581680999999998 
[120] 1.843275779999999 0.9617976237499977 0.9609052900341339 0.0 
[150] 1.0410187499999992 0.2608227537499981 0.185435020015575 0.10011610999999987 
[180] 8.20899999993685e-05 -0.002415406250002141 0.0 0.87884639 
[210] 1.0173965199999984 0.23695784374999773 0.23113837942946702 0.09893607999999987 
[240] 1.8433885999999973 0.9620661337499992 0.966960609133821 1.1189999999938749e-05 
[270] 1.0269740899999995 0.2535885037499983 0.25082891003694385 0.10688104999999981 
[300] 0.0 -0.0024414062500004463 0.0018919757567346096 0.8788362299999999 
[330] 1.0148194400000001 0.23556565374999705 0.27664220693986863 0.10081454000000001 
