           1           2   1.4453204749373112     
           1           3   1.4204917495829481     
           2           3  0.12246057388980518     
           1           4  0.77366890454700354     
           4           5   1.0104403147980423     
           1           6   1.4096459463351156     
           2           6  0.11749047179593014     
           3           6  0.11977347022668722     
           5           7  0.97860466081812958     
           5           8  0.97883984474552865     
           5           9  0.97384715277751466     
