 0.03537  0.00000      nan
 0.10611  0.00000      nan
 0.17685  0.00000      nan
 0.24760  0.00000      nan
 0.31834  0.00000      nan
 0.38908  0.00000      nan
 0.45982  0.00000      nan
 0.53056  0.00000      nan
 0.60130  0.00000      nan
 0.67204  0.00000      nan
 0.74279  0.00000      nan
 0.81353  0.00000      nan
 0.88427  0.00000      nan
 0.95501  0.00000      nan
 1.02575  0.00000      nan
 1.09649  0.00000      nan
 1.16723  0.00000      nan
 1.23798  0.00000      nan
 1.30872  0.00000      nan
 1.37946  0.00000      nan
 1.45020  0.00000      nan
 1.52094  0.00000      nan
 1.59168  0.00000      nan
 1.66243  0.00000      nan
 1.73317  0.00000      nan
 1.80391  0.00000      nan
 1.87465  0.00000      nan
 1.94539  0.00000      nan
 2.01613  0.00000      nan
 2.08687  0.00000      nan
 2.15762  0.00000      nan
 2.22836  0.00000      nan
 2.29910  0.00000      nan
 2.36984  0.00000      nan
 2.44058  0.00000      nan
 2.51132  0.00000      nan
 2.58206  0.00000      nan
 2.65281  0.00000      nan
 2.72355  0.00000      nan
 2.79429  0.00036  0.00018
 2.86503  0.00589  0.00077
 2.93577  0.03613  0.00224
 3.00651  0.15343  0.00594
 3.07726  0.50357  0.01310
 3.14800  1.20635  0.02280
 3.21874  2.36889  0.03401
 3.28948  3.78759  0.04432
 3.36022  5.21303  0.05225
 3.43096  6.17094  0.05669
 3.50170  6.15204  0.05565
 3.57245  5.28172  0.04993
 3.64319  3.88535  0.03930
 3.71393  2.59744  0.02930
 3.78467  1.64905  0.02082
 3.85541  1.07712  0.01527
 3.92615  0.76108  0.01182
 3.99689  0.62544  0.01034
 4.06764  0.57840  0.00975
 4.13838  0.59711  0.00986
 4.20912  0.63992  0.01038
 4.27986  0.71298  0.01080
 4.35060  0.79263  0.01151
 4.42134  0.88776  0.01232
 4.49209  0.97906  0.01289
 4.56283  1.09160  0.01341
 4.63357  1.22524  0.01447
 4.70431  1.34539  0.01503
 4.77505  1.46658  0.01551
 4.84579  1.57218  0.01610
 4.91653  1.66872  0.01624
 4.98728  1.75999  0.01647
 5.05802  1.81064  0.01649
 5.12876  1.87227  0.01670
 5.19950  1.89883  0.01640
 5.27024  1.92720  0.01626
 5.34098  1.93187  0.01607
 5.41172  1.92191  0.01565
 5.48247  1.91114  0.01547
 5.55321  1.87885  0.01501
 5.62395  1.84505  0.01481
 5.69469  1.77939  0.01428
 5.76543  1.70251  0.01357
 5.83617  1.63145  0.01318
 5.90692  1.54956  0.01259
 5.97766  1.46047  0.01200
 6.04840  1.38996  0.01149
 6.11914  1.31223  0.01099
 6.18988  1.24230  0.01043
 6.26062  1.19840  0.01008
 6.33136  1.15200  0.01003
 6.40211  1.11662  0.00948
 6.47285  1.09983  0.00920
 6.54359  1.08262  0.00916
 6.61433  1.07662  0.00896
 6.68507  1.08685  0.00898
 6.75581  1.10103  0.00887
 6.82655  1.10879  0.00885
 6.89730  1.13584  0.00879
 6.96804  1.15148  0.00884
 7.03878  1.17747  0.00882
 7.10952  1.20694  0.00891
 7.18026  1.23803  0.00888
 7.25100  1.23844  0.00889
 7.32175  1.26813  0.00896
 7.39249  1.29656  0.00901
 7.46323  1.29832  0.00904
 7.53397  1.30807  0.00880
 7.60471  1.31038  0.00879
 7.67545  1.30863  0.00874
 7.74619  1.30658  0.00860
 7.81694  1.30243  0.00848
 7.88768  1.28073  0.00825
 7.95842  1.28055  0.00822
 8.02916  1.25246  0.00813
 8.09990  1.25127  0.00802
 8.17064  1.22650  0.00774
 8.24138  1.21143  0.00762
 8.31213  1.20249  0.00758
 8.38287  1.18057  0.00742
 8.45361  1.16664  0.00742
 8.52435  1.15884  0.00738
 8.59509  1.14928  0.00728
 8.66583  1.13862  0.00719
 8.73657  1.13369  0.00714
 8.80732  1.13875  0.00715
 8.87806  1.12849  0.00696
 8.94880  1.11850  0.00686
 9.01954  1.12392  0.00686
 9.09028  1.13672  0.00679
 9.16102  1.13415  0.00680
 9.23177  1.13521  0.00677
 9.30251  1.14110  0.00666
 9.37325  1.13959  0.00666
 9.44399  1.13330  0.00654
 9.51473  1.13341  0.00652
 9.58547  1.13060  0.00645
 9.65621  1.13330  0.00640
 9.72696  1.11958  0.00627
 9.79770  1.11945  0.00629
 9.86844  1.11212  0.00616
 9.93918  1.10218  0.00604
10.00992  1.09404  0.00597
10.08066  1.08832  0.00590
10.15140  1.07784  0.00586
10.22215  1.08259  0.00580
10.29289  1.07598  0.00576
10.36363  1.06689  0.00566
10.43437  1.05818  0.00560
10.50511  1.06170  0.00561
10.57585  1.05892  0.00554
10.64660  1.05220  0.00541
10.71734  1.05087  0.00543
10.78808  1.04737  0.00542
10.85882  1.05176  0.00535
10.92956  1.04719  0.00533
11.00030  1.04947  0.00529
11.07104  1.05147  0.00531
11.14179  1.04853  0.00530
11.21253  1.04589  0.00527
11.28327  1.05047  0.00529
11.35401  1.04834  0.00521
11.42475  1.05129  0.00519
11.49549  1.05070  0.00520
11.56623  1.04846  0.00516
11.63698  1.04993  0.00511
11.70772  1.04935  0.00516
11.77846  1.05103  0.00511
11.84920  1.04574  0.00506
11.91994  1.04332  0.00501
11.99068  1.03827  0.00495
12.06143  1.03966  0.00499
12.13217  1.03745  0.00488
12.20291  1.03772  0.00492
12.27365  1.03308  0.00488
12.34439  1.03117  0.00483
12.41513  1.02480  0.00483
12.48587  1.02192  0.00478
12.55662  1.01867  0.00477
12.62736  1.01584  0.00475
12.69810  1.01410  0.00471
12.76884  1.01163  0.00473
12.83958  1.01132  0.00461
12.91032  1.00841  0.00461
12.98106  1.00737  0.00464
13.05181  1.01004  0.00460
13.12255  1.00984  0.00452
13.19329  1.01055  0.00454
13.26403  1.00676  0.00448
13.33477  1.00681  0.00445
13.40551  1.00758  0.00439
13.47626  1.00842  0.00443
13.54700  1.00278  0.00435
13.61774  1.00387  0.00429
13.68848  1.00376  0.00426
13.75922  1.00089  0.00424
13.82996  1.00113  0.00419
13.90070  1.00275  0.00419
13.97145  1.00115  0.00414
14.04219  1.00211  0.00411
14.11293  0.99951  0.00402
14.18367  1.00019  0.00405
14.25441  0.99645  0.00400
14.32515  0.99731  0.00401
14.39589  0.99749  0.00395
14.46664  0.99521  0.00389
14.53738  0.99711  0.00389
14.60812  0.99612  0.00393
14.67886  0.99591  0.00385
14.74960  0.99619  0.00384
14.82034  0.99810  0.00385
14.89109  1.00355  0.00383
14.96183  1.00281  0.00383
15.03257  1.00009  0.00377
15.10331  1.00326  0.00383
15.17405  1.00392  0.00376
15.24479  1.00390  0.00379
15.31553  1.00260  0.00375
15.38628  1.00429  0.00373
15.45702  1.00455  0.00378
15.52776  1.00082  0.00376
15.59850  1.00128  0.00373
15.66924  1.00395  0.00369
15.73998  1.00098  0.00368
15.81072  1.00029  0.00365
15.88147  0.99857  0.00363
15.95221  0.99960  0.00361
16.02295  1.00096  0.00358
16.09369  0.99686  0.00357
16.16443  1.00006  0.00358
16.23517  0.99589  0.00349
16.30592  0.99862  0.00352
16.37666  0.99508  0.00346
16.44740  0.99244  0.00347
16.51814  0.98978  0.00342
16.58888  0.99047  0.00347
16.65962  0.98437  0.00341
16.73036  0.98840  0.00344
16.80111  0.98384  0.00338
16.87185  0.98506  0.00338
16.94259  0.98055  0.00333
17.01333  0.97954  0.00335
17.08407  0.97881  0.00331
17.15481  0.98334  0.00328
17.22555  0.98033  0.00331
17.29630  0.97896  0.00327
17.36704  0.97993  0.00324
17.43778  0.97736  0.00323
17.50852  0.97704  0.00321
17.57926  0.97788  0.00323
17.65000  0.97940  0.00321
17.72075  0.97696  0.00321
17.79149  0.97483  0.00321
17.86223  0.97443  0.00317
17.93297  0.97786  0.00319
18.00371  0.97693  0.00313
18.07445  0.97522  0.00312
18.14519  0.97508  0.00311
18.21594  0.97438  0.00310
18.28668  0.97406  0.00308
18.35742  0.97865  0.00311
18.42816  0.97446  0.00306
18.49890  0.97110  0.00306
18.56964  0.97412  0.00303
18.64038  0.97501  0.00304
18.71113  0.97391  0.00298
18.78187  0.96965  0.00294
18.85261  0.97216  0.00300
18.92335  0.97099  0.00291
18.99409  0.97394  0.00295
19.06483  0.97536  0.00291
19.13558  0.97449  0.00290
19.20632  0.97389  0.00290
19.27706  0.97633  0.00286
19.34780  0.97511  0.00285
19.41854  0.97931  0.00287
19.48928  0.98104  0.00281
19.56002  0.97938  0.00283
19.63077  0.97942  0.00283
19.70151  0.98236  0.00282
19.77225  0.98329  0.00280
19.84299  0.98050  0.00278
19.91373  0.98243  0.00278
19.98447  0.98557  0.00278
20.05521  0.98425  0.00278
20.12596  0.98505  0.00280
20.19670  0.98619  0.00277
20.26744  0.98568  0.00276
20.33818  0.99039  0.00277
20.40892  0.98956  0.00278
20.47966  0.98808  0.00278
20.55041  0.99018  0.00276
20.62115  0.99004  0.00273
20.69189  0.99201  0.00274
20.76263  0.98916  0.00278
20.83337  0.99063  0.00274
20.90411  0.99029  0.00271
20.97485  0.98894  0.00273
21.04560  0.98988  0.00271
21.11634  0.99024  0.00273
21.18708  0.99013  0.00266
