 0.03537  0.00000      nan
 0.10611  0.00000      nan
 0.17684  0.00000      nan
 0.24758  0.00000      nan
 0.31832  0.00000      nan
 0.38906  0.00000      nan
 0.45979  0.00000      nan
 0.53053  0.00000      nan
 0.60127  0.00000      nan
 0.67201  0.00000      nan
 0.74274  0.00000      nan
 0.81348  0.00000      nan
 0.88422  0.00000      nan
 0.95496  0.00000      nan
 1.02569  0.00000      nan
 1.09643  0.00000      nan
 1.16717  0.00000      nan
 1.23791  0.00000      nan
 1.30864  0.00000      nan
 1.37938  0.00000      nan
 1.45012  0.00000      nan
 1.52086  0.00000      nan
 1.59159  0.00000      nan
 1.66233  0.00000      nan
 1.73307  0.00000      nan
 1.80381  0.00000      nan
 1.87454  0.00000      nan
 1.94528  0.00000      nan
 2.01602  0.00000      nan
 2.08676  0.00000      nan
 2.15749  0.00000      nan
 2.22823  0.00000      nan
 2.29897  0.00118  0.00066
 2.36971  0.04075  0.00449
 2.44044  0.83682  0.02959
 2.51118  4.67641  0.10274
 2.58192  9.34975  0.18272
 2.65266  9.39609  0.17536
 2.72339  6.31591  0.12259
 2.79413  3.45437  0.07473
 2.86487  1.88663  0.04736
 2.93561  1.21123  0.03525
 3.00634  0.93304  0.02960
 3.07708  0.83879  0.02712
 3.14782  0.89220  0.02746
 3.21856  1.04860  0.03019
 3.28929  1.20663  0.03316
 3.36003  1.37636  0.03508
 3.43077  1.56443  0.03744
 3.50151  1.68628  0.03917
 3.57224  1.74079  0.03833
 3.64298  1.77526  0.03761
 3.71372  1.77600  0.03694
 3.78446  1.75293  0.03531
 3.85519  1.66316  0.03272
 3.92593  1.59216  0.03146
 3.99667  1.50739  0.03010
 4.06741  1.48270  0.02881
 4.13814  1.49233  0.02823
 4.20888  1.55744  0.02859
 4.27962  1.61859  0.02987
 4.35036  1.67828  0.03178
 4.42109  1.78507  0.03076
 4.49183  1.83620  0.03111
 4.56257  1.96767  0.03123
 4.63331  2.09972  0.03391
 4.70404  2.18971  0.03459
 4.77478  2.16428  0.03369
 4.84552  2.00223  0.03035
 4.91626  1.81963  0.02745
 4.98699  1.69000  0.02575
 5.05773  1.55979  0.02458
 5.12847  1.45149  0.02232
 5.19921  1.37871  0.02142
 5.26994  1.32240  0.02060
 5.34068  1.28060  0.01947
 5.41142  1.22816  0.01894
 5.48216  1.23128  0.01889
 5.55289  1.21589  0.01820
 5.62363  1.22128  0.01859
 5.69437  1.22083  0.01807
 5.76511  1.22016  0.01798
 5.83584  1.23119  0.01764
 5.90658  1.25411  0.01774
 5.97732  1.27590  0.01765
 6.04806  1.29502  0.01756
 6.11879  1.33132  0.01815
 6.18953  1.33304  0.01781
 6.26027  1.35861  0.01777
 6.33100  1.35810  0.01773
 6.40174  1.37470  0.01762
 6.47248  1.38434  0.01737
 6.54322  1.39388  0.01726
 6.61395  1.41092  0.01780
 6.68469  1.40338  0.01767
 6.75543  1.39639  0.01702
 6.82617  1.38474  0.01668
 6.89690  1.38207  0.01706
 6.96764  1.36199  0.01617
 7.03838  1.34987  0.01608
 7.10912  1.31976  0.01561
 7.17985  1.30353  0.01502
 7.25059  1.27054  0.01460
 7.32133  1.27657  0.01464
 7.39207  1.23315  0.01392
 7.46280  1.22684  0.01382
 7.53354  1.22037  0.01353
 7.60428  1.20403  0.01369
 7.67502  1.18522  0.01293
 7.74575  1.17529  0.01269
 7.81649  1.17236  0.01316
 7.88723  1.16487  0.01279
 7.95797  1.16984  0.01269
 8.02870  1.18072  0.01297
 8.09944  1.17984  0.01285
 8.17018  1.18798  0.01285
 8.24092  1.18367  0.01284
 8.31165  1.20025  0.01302
 8.38239  1.19835  0.01267
 8.45313  1.20495  0.01254
 8.52387  1.20124  0.01244
 8.59460  1.18851  0.01232
 8.66534  1.19173  0.01225
 8.73608  1.18410  0.01182
 8.80682  1.18594  0.01172
 8.87755  1.16574  0.01173
 8.94829  1.16713  0.01175
 9.01903  1.15968  0.01127
 9.08977  1.15140  0.01151
 9.16050  1.14278  0.01098
 9.23124  1.14186  0.01122
 9.30198  1.13184  0.01117
 9.37272  1.13112  0.01143
 9.44345  1.12697  0.01100
 9.51419  1.11956  0.01072
 9.58493  1.12121  0.01100
 9.65567  1.10701  0.01066
 9.72640  1.10684  0.01053
 9.79714  1.09956  0.01054
 9.86788  1.09417  0.01040
 9.93862  1.08743  0.01024
10.00935  1.08910  0.01029
10.08009  1.09189  0.01028
10.15083  1.08861  0.00989
10.22157  1.09450  0.00975
10.29230  1.08570  0.00970
10.36304  1.08960  0.00958
10.43378  1.08603  0.00957
10.50452  1.08054  0.00974
10.57525  1.07944  0.00960
10.64599  1.07167  0.00966
10.71673  1.06768  0.00937
10.78747  1.07033  0.00925
10.85820  1.07393  0.00938
10.92894  1.06844  0.00918
10.99968  1.06920  0.00919
11.07042  1.06191  0.00902
11.14115  1.06310  0.00901
11.21189  1.06081  0.00860
11.28263  1.04994  0.00878
11.35337  1.05274  0.00859
11.42410  1.05304  0.00842
11.49484  1.04173  0.00820
11.56558  1.03804  0.00833
11.63632  1.03340  0.00804
11.70705  1.03443  0.00800
11.77779  1.04026  0.00807
11.84853  1.03721  0.00788
11.91927  1.03872  0.00786
11.99000  1.02972  0.00778
12.06074  1.02712  0.00784
12.13148  1.03819  0.00793
12.20222  1.02596  0.00763
12.27295  1.03408  0.00764
12.34369  1.02811  0.00762
12.41443  1.02502  0.00779
12.48517  1.03178  0.00782
12.55590  1.02908  0.00780
12.62664  1.02755  0.00752
12.69738  1.02283  0.00767
12.76812  1.02750  0.00738
12.83885  1.03876  0.00737
12.90959  1.02545  0.00736
12.98033  1.02701  0.00770
13.05107  1.02808  0.00744
13.12180  1.02083  0.00718
13.19254  1.02494  0.00731
13.26328  1.02535  0.00737
13.33402  1.02159  0.00733
13.40475  1.01423  0.00716
13.47549  1.02054  0.00715
13.54623  1.01392  0.00732
13.61697  1.01673  0.00724
13.68770  1.01792  0.00732
13.75844  1.00999  0.00685
13.82918  1.01434  0.00701
13.89992  1.00958  0.00689
13.97065  1.01553  0.00687
14.04139  1.00702  0.00675
14.11213  1.01020  0.00682
14.18287  1.00736  0.00688
14.25360  1.01199  0.00678
14.32434  1.00898  0.00679
14.39508  1.00759  0.00671
14.46582  1.00646  0.00653
14.53655  0.99899  0.00663
14.60729  1.00224  0.00647
14.67803  0.99813  0.00645
14.74877  1.00354  0.00644
14.81950  0.99747  0.00655
14.89024  0.99174  0.00644
14.96098  0.99374  0.00638
15.03172  0.99810  0.00644
15.10245  0.99242  0.00635
15.17319  0.99880  0.00653
15.24393  0.99615  0.00645
15.31467  0.99760  0.00653
15.38540  0.99155  0.00646
15.45614  0.99144  0.00623
15.52688  0.98788  0.00620
15.59762  0.98869  0.00614
15.66835  0.98628  0.00612
15.73909  0.98704  0.00614
15.80983  0.98032  0.00609
15.88057  0.98586  0.00580
15.95130  0.98403  0.00609
16.02204  0.98318  0.00592
16.09278  0.98098  0.00601
16.16352  0.98033  0.00590
16.23425  0.97307  0.00579
16.30499  0.98118  0.00574
16.37573  0.97271  0.00563
16.44647  0.97110  0.00545
16.51720  0.96733  0.00562
16.58794  0.96393  0.00567
16.65868  0.96699  0.00543
16.72942  0.97079  0.00570
16.80015  0.96393  0.00555
16.87089  0.96362  0.00542
16.94163  0.95895  0.00552
17.01237  0.96501  0.00546
17.08310  0.96329  0.00527
17.15384  0.96385  0.00536
17.22458  0.95910  0.00533
17.29532  0.96100  0.00536
17.36605  0.96177  0.00524
17.43679  0.95847  0.00536
17.50753  0.95799  0.00536
17.57827  0.95918  0.00535
17.64900  0.95743  0.00534
17.71974  0.95291  0.00543
17.79048  0.95085  0.00527
17.86122  0.95115  0.00533
17.93195  0.95549  0.00532
18.00269  0.95143  0.00517
18.07343  0.94924  0.00522
18.14417  0.94999  0.00514
18.21490  0.95047  0.00510
18.28564  0.95211  0.00506
18.35638  0.95709  0.00509
18.42712  0.95111  0.00516
18.49785  0.95918  0.00518
18.56859  0.95581  0.00513
18.63933  0.95612  0.00510
18.71006  0.96131  0.00511
18.78080  0.95953  0.00515
18.85154  0.96151  0.00508
18.92228  0.96195  0.00508
18.99301  0.96354  0.00514
19.06375  0.96554  0.00509
19.13449  0.96969  0.00493
19.20523  0.97133  0.00481
19.27596  0.96832  0.00466
19.34670  0.96936  0.00473
19.41744  0.97037  0.00469
19.48818  0.96863  0.00473
19.55891  0.97242  0.00473
19.62965  0.97594  0.00467
19.70039  0.97353  0.00461
19.77113  0.98021  0.00458
19.84186  0.97719  0.00465
19.91260  0.98129  0.00466
19.98334  0.98257  0.00479
20.05408  0.98128  0.00465
20.12481  0.98893  0.00471
20.19555  0.98554  0.00462
20.26629  0.98821  0.00477
20.33703  0.98696  0.00477
20.40776  0.98698  0.00473
20.47850  0.98874  0.00471
20.54924  0.98987  0.00459
20.61998  0.98971  0.00455
20.69071  0.99287  0.00474
20.76145  0.99040  0.00475
20.83219  0.99432  0.00467
20.90293  0.98935  0.00464
20.97366  0.99129  0.00466
21.04440  0.98969  0.00471
21.11514  0.99456  0.00479
21.18588  0.99027  0.00466
