 0.03537  0.00000
 0.10611  0.00000
 0.17685  0.00000
 0.24760  0.00000
 0.31834  0.00000
 0.38908  0.00000
 0.45982  0.00000
 0.53056  0.00000
 0.60130  0.00000
 0.67204  0.00000
 0.74279  0.00000
 0.81353  0.00000
 0.88427  0.00000
 0.95501  0.00000
 1.02575  0.00000
 1.09649  0.00000
 1.16723  0.00000
 1.23798  0.00000
 1.30872  0.00000
 1.37946  0.00000
 1.45020  0.00000
 1.52094  0.00000
 1.59168  0.00000
 1.66243  0.00000
 1.73317  0.00000
 1.80391  0.00000
 1.87465  0.00000
 1.94539  0.00000
 2.01613  0.00000
 2.08687  0.00000
 2.15762  0.00000
 2.22836  0.00000
 2.29910  0.00000
 2.36984  0.00000
 2.44058  0.00000
 2.51132  0.00001
 2.58206  0.00008
 2.65281  0.00045
 2.72355  0.00188
 2.79429  0.00546
 2.86503  0.01454
 2.93577  0.03381
 3.00651  0.07532
 3.07726  0.16241
 3.14800  0.33423
 3.21874  0.65175
 3.28948  1.15871
 3.36022  1.79615
 3.43096  2.34293
 3.50170  2.56494
 3.57245  2.41539
 3.64319  2.03015
 3.71393  1.59009
 3.78467  1.21394
 3.85541  0.94429
 3.92615  0.77322
 3.99689  0.67881
 4.06764  0.64024
 4.13838  0.63805
 4.20912  0.66078
 4.27986  0.69961
 4.35060  0.75032
 4.42134  0.80904
 4.49209  0.87303
 4.56283  0.93892
 4.63357  1.00228
 4.70431  1.05883
 4.77505  1.10601
 4.84579  1.14001
 4.91653  1.16273
 4.98728  1.17562
 5.05802  1.17962
 5.12876  1.17832
 5.19950  1.17596
 5.27024  1.16897
 5.34098  1.16258
 5.41172  1.15309
 5.48247  1.14242
 5.55321  1.12808
 5.62395  1.10962
 5.69469  1.08437
 5.76543  1.05594
 5.83617  1.02186
 5.90692  0.98691
 5.97766  0.94947
 6.04840  0.91582
 6.11914  0.88618
 6.18988  0.86288
 6.26062  0.84551
 6.33136  0.83689
 6.40211  0.83449
 6.47285  0.84000
 6.54359  0.85115
 6.61433  0.86615
 6.68507  0.88417
 6.75581  0.90522
 6.82655  0.92768
 6.89730  0.95063
 6.96804  0.97393
 7.03878  0.99705
 7.10952  1.01887
 7.18026  1.03862
 7.25100  1.05582
 7.32175  1.07044
 7.39249  1.08095
 7.46323  1.08822
 7.53397  1.09211
 7.60471  1.09195
 7.67545  1.08869
 7.74619  1.08300
 7.81694  1.07389
 7.88768  1.06264
 7.95842  1.05102
 8.02916  1.03792
 8.09990  1.02508
 8.17064  1.01302
 8.24138  1.00160
 8.31213  0.99206
 8.38287  0.98306
 8.45361  0.97656
 8.52435  0.97213
 8.59509  0.96932
 8.66583  0.96815
 8.73657  0.96843
 8.80732  0.97071
 8.87806  0.97375
 8.94880  0.97776
 9.01954  0.98223
 9.09028  0.98716
 9.16102  0.99161
 9.23177  0.99549
 9.30251  0.99998
 9.37325  1.00329
 9.44399  1.00613
 9.51473  1.00799
 9.58547  1.00980
 9.65621  1.01064
 9.72696  1.01117
 9.79770  1.01071
 9.86844  1.00984
 9.93918  1.00874
10.00992  1.00691
10.08066  1.00507
10.15140  1.00322
10.22215  1.00113
10.29289  0.99947
10.36363  0.99789
10.43437  0.99687
10.50511  0.99521
10.57585  0.99502
10.64660  0.99543
10.71734  0.99547
10.78808  0.99605
10.85882  0.99779
10.92956  0.99877
11.00030  0.99983
11.07104  1.00072
11.14179  1.00281
11.21253  1.00392
11.28327  1.00493
11.35401  1.00622
11.42475  1.00679
11.49549  1.00723
11.56623  1.00748
11.63698  1.00755
11.70772  1.00750
11.77846  1.00674
11.84920  1.00662
11.91994  1.00577
11.99068  1.00468
12.06143  1.00338
12.13217  1.00228
12.20291  1.00074
12.27365  1.00028
12.34439  0.99937
12.41513  0.99852
12.48587  0.99794
12.55662  0.99743
12.62736  0.99643
12.69810  0.99644
12.76884  0.99653
12.83958  0.99634
12.91032  0.99667
12.98106  0.99702
13.05181  0.99737
13.12255  0.99810
13.19329  0.99868
13.26403  0.99945
13.33477  1.00004
13.40551  1.00058
13.47626  1.00123
13.54700  1.00149
13.61774  1.00229
13.68848  1.00241
13.75922  1.00273
13.82996  1.00280
13.90070  1.00267
13.97145  1.00287
14.04219  1.00234
14.11293  1.00234
14.18367  1.00214
14.25441  1.00210
14.32515  1.00197
14.39589  1.00132
14.46664  1.00085
14.53738  1.00069
14.60812  1.00040
14.67886  1.00043
14.74960  1.00030
14.82034  1.00004
14.89109  1.00000
14.96183  0.99993
15.03257  0.99980
15.10331  1.00005
15.17405  0.99983
15.24479  0.99986
15.31553  1.00032
15.38628  1.00037
15.45702  1.00037
15.52776  1.00058
15.59850  1.00066
15.66924  1.00128
15.73998  1.00083
15.81072  1.00115
15.88147  1.00098
15.95221  1.00125
16.02295  1.00103
16.09369  1.00112
16.16443  1.00093
16.23517  1.00089
16.30592  1.00084
16.37666  1.00068
16.44740  1.00072
16.51814  1.00057
16.58888  1.00069
16.65962  1.00068
16.73036  1.00075
16.80111  1.00075
16.87185  1.00059
16.94259  1.00079
17.01333  1.00092
17.08407  1.00095
17.15481  1.00132
17.22555  1.00113
17.29630  1.00105
17.36704  1.00132
17.43778  1.00115
17.50852  1.00158
17.57926  1.00141
17.65000  1.00164
17.72075  1.00149
17.79149  1.00156
17.86223  1.00172
17.93297  1.00169
18.00371  1.00152
18.07445  1.00157
18.14519  1.00146
18.21594  1.00166
18.28668  1.00155
18.35742  1.00146
18.42816  1.00124
18.49890  1.00128
18.56964  1.00088
18.64038  1.00103
18.71113  1.00095
18.78187  1.00071
18.85261  1.00088
18.92335  1.00072
18.99409  1.00097
19.06483  1.00071
19.13558  1.00074
19.20632  1.00067
19.27706  1.00075
19.34780  1.00069
19.41854  1.00093
19.48928  1.00084
19.56002  1.00088
19.63077  1.00082
19.70151  1.00091
19.77225  1.00068
19.84299  1.00074
19.91373  1.00090
19.98447  1.00071
20.05521  1.00095
20.12596  1.00075
20.19670  1.00080
20.26744  1.00077
20.33818  1.00075
20.40892  1.00077
20.47966  1.00110
20.55041  1.00118
20.62115  1.00088
20.69189  1.00085
20.76263  1.00069
20.83337  1.00085
20.90411  1.00056
20.97485  1.00054
21.04560  1.00066
21.11634  1.00049
21.18708  0.99977
