 0.03537  0.00000
 0.10611  0.00000
 0.17685  0.00000
 0.24760  0.00000
 0.31834  0.00000
 0.38908  0.00000
 0.45982  0.00000
 0.53056  0.00000
 0.60130  0.00000
 0.67204  0.00000
 0.74279  0.00000
 0.81353  0.00000
 0.88427  0.00000
 0.95501  0.00000
 1.02575  0.00000
 1.09649  0.00000
 1.16723  0.00000
 1.23798  0.00000
 1.30872  0.00000
 1.37946  0.00000
 1.45020  0.00000
 1.52094  0.00000
 1.59168  0.00000
 1.66243  0.00000
 1.73317  0.00000
 1.80391  0.00000
 1.87465  0.00000
 1.94539  0.00000
 2.01613  0.00000
 2.08687  0.00000
 2.15762  0.00000
 2.22836  0.00000
 2.29910  0.00000
 2.36984  0.00047
 2.44058  0.01395
 2.51132  0.17903
 2.58206  0.93290
 2.65281  2.24922
 2.72355  3.09130
 2.79429  2.96208
 2.86503  2.32939
 2.93577  1.69577
 3.00651  1.23456
 3.07726  0.93453
 3.14800  0.74853
 3.21874  0.63854
 3.28948  0.57730
 3.36022  0.54613
 3.43096  0.53762
 3.50170  0.54495
 3.57245  0.56660
 3.64319  0.59946
 3.71393  0.64057
 3.78467  0.68937
 3.85541  0.74423
 3.92615  0.80318
 3.99689  0.86425
 4.06764  0.92690
 4.13838  0.98901
 4.20912  1.05064
 4.27986  1.10856
 4.35060  1.16780
 4.42134  1.21778
 4.49209  1.25842
 4.56283  1.28842
 4.63357  1.30469
 4.70431  1.30801
 4.77505  1.29567
 4.84579  1.27248
 4.91653  1.23902
 4.98728  1.20135
 5.05802  1.15779
 5.12876  1.10997
 5.19950  1.06160
 5.27024  1.01580
 5.34098  0.97498
 5.41172  0.93809
 5.48247  0.90878
 5.55321  0.88813
 5.62395  0.87347
 5.69469  0.86563
 5.76543  0.86401
 5.83617  0.86578
 5.90692  0.87353
 5.97766  0.88237
 6.04840  0.89381
 6.11914  0.90659
 6.18988  0.92078
 6.26062  0.93508
 6.33136  0.94890
 6.40211  0.96248
 6.47285  0.97492
 6.54359  0.98779
 6.61433  0.99823
 6.68507  1.00828
 6.75581  1.01646
 6.82655  1.02262
 6.89730  1.02789
 6.96804  1.03174
 7.03878  1.03380
 7.10952  1.03358
 7.18026  1.03253
 7.25100  1.03017
 7.32175  1.02641
 7.39249  1.02093
 7.46323  1.01569
 7.53397  1.00974
 7.60471  1.00554
 7.67545  0.99989
 7.74619  0.99530
 7.81694  0.99187
 7.88768  0.99004
 7.95842  0.98881
 8.02916  0.98880
 8.09990  0.98948
 8.17064  0.99143
 8.24138  0.99287
 8.31213  0.99561
 8.38287  0.99835
 8.45361  1.00053
 8.52435  1.00258
 8.59509  1.00414
 8.66583  1.00556
 8.73657  1.00594
 8.80732  1.00605
 8.87806  1.00609
 8.94880  1.00500
 9.01954  1.00389
 9.09028  1.00206
 9.16102  1.00016
 9.23177  0.99859
 9.30251  0.99609
 9.37325  0.99397
 9.44399  0.99241
 9.51473  0.99034
 9.58547  0.98929
 9.65621  0.98824
 9.72696  0.98789
 9.79770  0.98757
 9.86844  0.98798
 9.93918  0.98874
10.00992  0.98916
10.08066  0.99052
10.15140  0.99181
10.22215  0.99293
10.29289  0.99486
10.36363  0.99689
10.43437  0.99870
10.50511  1.00025
10.57585  1.00150
10.64660  1.00309
10.71734  1.00414
10.78808  1.00550
10.85882  1.00554
10.92956  1.00626
11.00030  1.00580
11.07104  1.00629
11.14179  1.00549
11.21253  1.00522
11.28327  1.00442
11.35401  1.00366
11.42475  1.00236
11.49549  1.00153
11.56623  1.00063
11.63698  0.99997
11.70772  0.99885
11.77846  0.99809
11.84920  0.99731
11.91994  0.99726
11.99068  0.99686
12.06143  0.99650
12.13217  0.99696
12.20291  0.99670
12.27365  0.99742
12.34439  0.99725
12.41513  0.99778
12.48587  0.99799
12.55662  0.99871
12.62736  0.99933
12.69810  0.99985
12.76884  0.99995
12.83958  1.00057
12.91032  1.00071
12.98106  1.00100
13.05181  1.00099
13.12255  1.00089
13.19329  1.00148
13.26403  1.00129
13.33477  1.00097
13.40551  1.00098
13.47626  1.00072
13.54700  1.00053
13.61774  1.00078
13.68848  1.00060
13.75922  1.00006
13.82996  0.99968
13.90070  0.99995
13.97145  0.99961
14.04219  1.00013
14.11293  0.99994
14.18367  0.99994
14.25441  0.99984
14.32515  1.00024
14.39589  1.00044
14.46664  1.00043
14.53738  1.00057
14.60812  1.00080
14.67886  1.00073
14.74960  1.00107
14.82034  1.00127
14.89109  1.00092
14.96183  1.00115
15.03257  1.00081
15.10331  1.00119
15.17405  1.00109
15.24479  1.00109
15.31553  1.00056
15.38628  1.00024
15.45702  1.00051
15.52776  1.00065
15.59850  1.00037
15.66924  1.00008
15.73998  1.00025
15.81072  1.00021
15.88147  0.99991
15.95221  0.99986
16.02295  0.99997
16.09369  0.99987
16.16443  1.00003
16.23517  0.99989
16.30592  1.00005
16.37666  0.99971
16.44740  0.99999
16.51814  1.00028
16.58888  0.99996
16.65962  1.00038
16.73036  1.00063
16.80111  1.00060
16.87185  1.00034
16.94259  1.00042
17.01333  1.00069
17.08407  1.00068
17.15481  1.00066
17.22555  1.00062
17.29630  1.00098
17.36704  1.00084
17.43778  1.00061
17.50852  1.00110
17.57926  1.00086
17.65000  1.00077
17.72075  1.00100
17.79149  1.00097
17.86223  1.00104
17.93297  1.00081
18.00371  1.00074
18.07445  1.00064
18.14519  1.00084
18.21594  1.00068
18.28668  1.00086
18.35742  1.00103
18.42816  1.00080
18.49890  1.00092
18.56964  1.00112
18.64038  1.00097
18.71113  1.00086
18.78187  1.00086
18.85261  1.00102
18.92335  1.00103
18.99409  1.00108
19.06483  1.00091
19.13558  1.00097
19.20632  1.00085
19.27706  1.00078
19.34780  1.00080
19.41854  1.00077
19.48928  1.00081
19.56002  1.00096
19.63077  1.00090
19.70151  1.00070
19.77225  1.00073
19.84299  1.00073
19.91373  1.00050
19.98447  1.00063
20.05521  1.00072
20.12596  1.00046
20.19670  1.00078
20.26744  1.00062
20.33818  1.00057
20.40892  1.00073
20.47966  1.00059
20.55041  1.00110
20.62115  1.00079
20.69189  1.00072
20.76263  1.00081
20.83337  1.00090
20.90411  1.00083
20.97485  1.00081
21.04560  1.00094
21.11634  1.00087
21.18708  0.99992
