 0.03537      inf
 0.10611      inf
 0.17685      inf
 0.24760      inf
 0.31834      inf
 0.38908      inf
 0.45982      inf
 0.53056      inf
 0.60130      inf
 0.67204      inf
 0.74279      inf
 0.81353      inf
 0.88427      inf
 0.95501      inf
 1.02575      inf
 1.09649      inf
 1.16723      inf
 1.23798      inf
 1.30872      inf
 1.37946      inf
 1.45020      inf
 1.52094      inf
 1.59168      inf
 1.66243      inf
 1.73317      inf
 1.80391      inf
 1.87465      inf
 1.94539      inf
 2.01613      inf
 2.08687      inf
 2.15762      inf
 2.22836      inf
 2.29910  7.42155
 2.36984  4.53339
 2.44058  2.52926
 2.51132  1.01837
 2.58206  0.04112
 2.65281 -0.47987
 2.72355 -0.66813
 2.79429 -0.64285
 2.86503 -0.50060
 2.93577 -0.31266
 3.00651 -0.12474
 3.07726  0.04009
 3.14800  0.17147
 3.21874  0.26556
 3.28948  0.32524
 3.36022  0.35810
 3.43096  0.36740
 3.50170  0.35938
 3.57245  0.33632
 3.64319  0.30294
 3.71393  0.26367
 3.78467  0.22021
 3.85541  0.17488
 3.92615  0.12975
 3.99689  0.08637
 4.06764  0.04494
 4.13838  0.00654
 4.20912 -0.02924
 4.27986 -0.06101
 4.35060 -0.09183
 4.42134 -0.11664
 4.49209 -0.13607
 4.56283 -0.15002
 4.63357 -0.15745
 4.70431 -0.15896
 4.77505 -0.15335
 4.84579 -0.14265
 4.91653 -0.12688
 4.98728 -0.10860
 5.05802 -0.08673
 5.12876 -0.06177
 5.19950 -0.03539
 5.27024 -0.00928
 5.34098  0.01500
 5.41172  0.03783
 5.48247  0.05663
 5.55321  0.07023
 5.62395  0.08008
 5.69469  0.08542
 5.76543  0.08653
 5.83617  0.08532
 5.90692  0.08004
 5.97766  0.07408
 6.04840  0.06646
 6.11914  0.05806
 6.18988  0.04886
 6.26062  0.03973
 6.33136  0.03105
 6.40211  0.02264
 6.47285  0.01503
 6.54359  0.00727
 6.61433  0.00105
 6.68507 -0.00488
 6.75581 -0.00966
 6.82655 -0.01324
 6.89730 -0.01629
 6.96804 -0.01850
 7.03878 -0.01968
 7.10952 -0.01955
 7.18026 -0.01895
 7.25100 -0.01760
 7.32175 -0.01543
 7.39249 -0.01226
 7.46323 -0.00922
 7.53397 -0.00574
 7.60471 -0.00327
 7.67545  0.00007
 7.74619  0.00279
 7.81694  0.00484
 7.88768  0.00592
 7.95842  0.00666
 8.02916  0.00667
 8.09990  0.00626
 8.17064  0.00510
 8.24138  0.00424
 8.31213  0.00261
 8.38287  0.00098
 8.45361 -0.00032
 8.52435 -0.00152
 8.59509 -0.00245
 8.66583 -0.00328
 8.73657 -0.00351
 8.80732 -0.00357
 8.87806 -0.00359
 8.94880 -0.00295
 9.01954 -0.00230
 9.09028 -0.00122
 9.16102 -0.00009
 9.23177  0.00084
 9.30251  0.00232
 9.37325  0.00358
 9.44399  0.00451
 9.51473  0.00574
 9.58547  0.00638
 9.65621  0.00700
 9.72696  0.00721
 9.79770  0.00740
 9.86844  0.00716
 9.93918  0.00670
10.00992  0.00645
10.08066  0.00564
10.15140  0.00487
10.22215  0.00420
10.29289  0.00305
10.36363  0.00185
10.43437  0.00077
10.50511 -0.00015
10.57585 -0.00088
10.64660 -0.00183
10.71734 -0.00245
10.78808 -0.00325
10.85882 -0.00327
10.92956 -0.00369
11.00030 -0.00343
11.07104 -0.00371
11.14179 -0.00324
11.21253 -0.00308
11.28327 -0.00261
11.35401 -0.00217
11.42475 -0.00139
11.49549 -0.00091
11.56623 -0.00037
11.63698  0.00001
11.70772  0.00068
11.77846  0.00113
11.84920  0.00160
11.91994  0.00163
11.99068  0.00186
12.06143  0.00208
12.13217  0.00180
12.20291  0.00195
12.27365  0.00153
12.34439  0.00163
12.41513  0.00132
12.48587  0.00119
12.55662  0.00076
12.62736  0.00040
12.69810  0.00009
12.76884  0.00003
12.83958 -0.00034
12.91032 -0.00042
12.98106 -0.00059
13.05181 -0.00058
13.12255 -0.00053
13.19329 -0.00088
13.26403 -0.00076
13.33477 -0.00057
13.40551 -0.00058
13.47626 -0.00043
13.54700 -0.00031
13.61774 -0.00046
13.68848 -0.00036
13.75922 -0.00004
13.82996  0.00019
13.90070  0.00003
13.97145  0.00023
14.04219 -0.00008
14.11293  0.00004
14.18367  0.00004
14.25441  0.00010
14.32515 -0.00014
14.39589 -0.00026
14.46664 -0.00025
14.53738 -0.00034
14.60812 -0.00047
14.67886 -0.00043
14.74960 -0.00063
14.82034 -0.00075
14.89109 -0.00055
14.96183 -0.00068
15.03257 -0.00048
15.10331 -0.00070
15.17405 -0.00065
15.24479 -0.00064
15.31553 -0.00033
15.38628 -0.00014
15.45702 -0.00030
15.52776 -0.00039
15.59850 -0.00022
15.66924 -0.00005
15.73998 -0.00015
15.81072 -0.00012
15.88147  0.00005
15.95221  0.00008
16.02295  0.00002
16.09369  0.00008
16.16443 -0.00002
16.23517  0.00007
16.30592 -0.00003
16.37666  0.00017
16.44740  0.00001
16.51814 -0.00017
16.58888  0.00002
16.65962 -0.00023
16.73036 -0.00037
16.80111 -0.00035
16.87185 -0.00020
16.94259 -0.00025
17.01333 -0.00041
17.08407 -0.00040
17.15481 -0.00039
17.22555 -0.00037
17.29630 -0.00058
17.36704 -0.00050
17.43778 -0.00036
17.50852 -0.00065
17.57926 -0.00051
17.65000 -0.00046
17.72075 -0.00059
17.79149 -0.00057
17.86223 -0.00061
17.93297 -0.00048
18.00371 -0.00044
18.07445 -0.00038
18.14519 -0.00050
18.21594 -0.00040
18.28668 -0.00051
18.35742 -0.00061
18.42816 -0.00047
18.49890 -0.00054
18.56964 -0.00066
18.64038 -0.00057
18.71113 -0.00051
18.78187 -0.00051
18.85261 -0.00060
18.92335 -0.00061
18.99409 -0.00064
19.06483 -0.00054
19.13558 -0.00058
19.20632 -0.00050
19.27706 -0.00046
19.34780 -0.00047
19.41854 -0.00045
19.48928 -0.00048
19.56002 -0.00057
19.63077 -0.00053
19.70151 -0.00041
19.77225 -0.00043
19.84299 -0.00043
19.91373 -0.00030
19.98447 -0.00037
20.05521 -0.00043
20.12596 -0.00027
20.19670 -0.00046
20.26744 -0.00037
20.33818 -0.00034
20.40892 -0.00043
20.47966 -0.00035
20.55041 -0.00065
20.62115 -0.00047
20.69189 -0.00043
20.76263 -0.00048
20.83337 -0.00053
20.90411 -0.00049
20.97485 -0.00048
21.04560 -0.00056
21.11634 -0.00052
21.18708  0.00005
