 0.03537      inf
 0.10611      inf
 0.17685      inf
 0.24760      inf
 0.31834      inf
 0.38908      inf
 0.45982      inf
 0.53056      inf
 0.60130      inf
 0.67204      inf
 0.74279      inf
 0.81353      inf
 0.88427      inf
 0.95501      inf
 1.02575      inf
 1.09649      inf
 1.16723      inf
 1.23798      inf
 1.30872      inf
 1.37946      inf
 1.45020      inf
 1.52094      inf
 1.59168      inf
 1.66243      inf
 1.73317      inf
 1.80391      inf
 1.87465      inf
 1.94539      inf
 2.01613      inf
 2.08687      inf
 2.15762      inf
 2.22836      inf
 2.29910      inf
 2.36984      inf
 2.44058  8.14263
 2.51132  6.61414
 2.58206  5.60057
 2.65281  4.56825
 2.72355  3.71527
 2.79429  3.08425
 2.86503  2.50478
 2.93577  2.00517
 3.00651  1.53091
 3.07726  1.07602
 3.14800  0.64878
 3.21874  0.25344
 3.28948 -0.08721
 3.36022 -0.34670
 3.43096 -0.50403
 3.50170 -0.55763
 3.57245 -0.52206
 3.64319 -0.41920
 3.71393 -0.27456
 3.78467 -0.11477
 3.85541  0.03394
 3.92615  0.15226
 3.99689  0.22935
 4.06764  0.26398
 4.13838  0.26601
 4.20912  0.24529
 4.27986  0.21148
 4.35060  0.17005
 4.42134  0.12545
 4.49209  0.08038
 4.56283  0.03731
 4.63357 -0.00135
 4.70431 -0.03384
 4.77505 -0.05965
 4.84579 -0.07757
 4.91653 -0.08925
 4.98728 -0.09578
 5.05802 -0.09780
 5.12876 -0.09714
 5.19950 -0.09595
 5.27024 -0.09242
 5.34098 -0.08918
 5.41172 -0.08433
 5.48247 -0.07882
 5.55321 -0.07135
 5.62395 -0.06158
 5.69469 -0.04795
 5.76543 -0.03223
 5.83617 -0.01280
 5.90692  0.00780
 5.97766  0.03070
 6.04840  0.05206
 6.11914  0.07153
 6.18988  0.08731
 6.26062  0.09935
 6.33136  0.10542
 6.40211  0.10712
 6.47285  0.10321
 6.54359  0.09541
 6.61433  0.08507
 6.68507  0.07288
 6.75581  0.05895
 6.82655  0.04444
 6.89730  0.02998
 6.96804  0.01564
 7.03878  0.00175
 7.10952 -0.01107
 7.18026 -0.02243
 7.25100 -0.03215
 7.32175 -0.04030
 7.39249 -0.04608
 7.46323 -0.05005
 7.53397 -0.05216
 7.60471 -0.05208
 7.67545 -0.05030
 7.74619 -0.04720
 7.81694 -0.04220
 7.88768 -0.03597
 7.95842 -0.02946
 8.02916 -0.02203
 8.09990 -0.01467
 8.17064 -0.00766
 8.24138 -0.00095
 8.31213  0.00472
 8.38287  0.01012
 8.45361  0.01404
 8.52435  0.01673
 8.59509  0.01845
 8.66583  0.01916
 8.73657  0.01899
 8.80732  0.01760
 8.87806  0.01575
 8.94880  0.01331
 9.01954  0.01062
 9.09028  0.00765
 9.16102  0.00499
 9.23177  0.00267
 9.30251  0.00001
 9.37325 -0.00194
 9.44399 -0.00362
 9.51473 -0.00471
 9.58547 -0.00577
 9.65621 -0.00627
 9.72696 -0.00657
 9.79770 -0.00631
 9.86844 -0.00580
 9.93918 -0.00515
10.00992 -0.00408
10.08066 -0.00300
10.15140 -0.00190
10.22215 -0.00067
10.29289  0.00031
10.36363  0.00125
10.43437  0.00186
10.50511  0.00284
10.57585  0.00295
10.64660  0.00271
10.71734  0.00269
10.78808  0.00234
10.85882  0.00131
10.92956  0.00073
11.00030  0.00010
11.07104 -0.00043
11.14179 -0.00166
11.21253 -0.00232
11.28327 -0.00291
11.35401 -0.00367
11.42475 -0.00401
11.49549 -0.00426
11.56623 -0.00441
11.63698 -0.00445
11.70772 -0.00442
11.77846 -0.00397
11.84920 -0.00391
11.91994 -0.00341
11.99068 -0.00277
12.06143 -0.00200
12.13217 -0.00135
12.20291 -0.00044
12.27365 -0.00017
12.34439  0.00037
12.41513  0.00088
12.48587  0.00122
12.55662  0.00153
12.62736  0.00212
12.69810  0.00211
12.76884  0.00206
12.83958  0.00217
12.91032  0.00197
12.98106  0.00177
13.05181  0.00156
13.12255  0.00113
13.19329  0.00078
13.26403  0.00033
13.33477 -0.00003
13.40551 -0.00035
13.47626 -0.00073
13.54700 -0.00088
13.61774 -0.00135
13.68848 -0.00142
13.75922 -0.00162
13.82996 -0.00165
13.90070 -0.00158
13.97145 -0.00170
14.04219 -0.00138
14.11293 -0.00139
14.18367 -0.00127
14.25441 -0.00124
14.32515 -0.00117
14.39589 -0.00078
14.46664 -0.00050
14.53738 -0.00041
14.60812 -0.00024
14.67886 -0.00025
14.74960 -0.00018
14.82034 -0.00002
14.89109 -0.00000
14.96183  0.00004
15.03257  0.00012
15.10331 -0.00003
15.17405  0.00010
15.24479  0.00008
15.31553 -0.00019
15.38628 -0.00022
15.45702 -0.00022
15.52776 -0.00034
15.59850 -0.00039
15.66924 -0.00076
15.73998 -0.00049
15.81072 -0.00068
15.88147 -0.00058
15.95221 -0.00074
16.02295 -0.00061
16.09369 -0.00066
16.16443 -0.00055
16.23517 -0.00053
16.30592 -0.00050
16.37666 -0.00040
16.44740 -0.00043
16.51814 -0.00034
16.58888 -0.00041
16.65962 -0.00041
16.73036 -0.00044
16.80111 -0.00044
16.87185 -0.00035
16.94259 -0.00047
17.01333 -0.00054
17.08407 -0.00056
17.15481 -0.00078
17.22555 -0.00067
17.29630 -0.00062
17.36704 -0.00078
17.43778 -0.00068
17.50852 -0.00093
17.57926 -0.00083
17.65000 -0.00097
17.72075 -0.00088
17.79149 -0.00092
17.86223 -0.00102
17.93297 -0.00100
18.00371 -0.00090
18.07445 -0.00093
18.14519 -0.00086
18.21594 -0.00098
18.28668 -0.00092
18.35742 -0.00086
18.42816 -0.00074
18.49890 -0.00076
18.56964 -0.00052
18.64038 -0.00061
18.71113 -0.00056
18.78187 -0.00042
18.85261 -0.00052
18.92335 -0.00043
18.99409 -0.00058
19.06483 -0.00042
19.13558 -0.00044
19.20632 -0.00040
19.27706 -0.00044
19.34780 -0.00041
19.41854 -0.00055
19.48928 -0.00050
19.56002 -0.00052
19.63077 -0.00049
19.70151 -0.00054
19.77225 -0.00040
19.84299 -0.00044
19.91373 -0.00053
19.98447 -0.00042
20.05521 -0.00056
20.12596 -0.00045
20.19670 -0.00047
20.26744 -0.00045
20.33818 -0.00044
20.40892 -0.00045
20.47966 -0.00065
20.55041 -0.00070
20.62115 -0.00052
20.69189 -0.00050
20.76263 -0.00041
20.83337 -0.00050
20.90411 -0.00033
20.97485 -0.00032
21.04560 -0.00039
21.11634 -0.00029
21.18708  0.00014
