 0.03537      inf      nan
 0.10611      inf      nan
 0.17685      inf      nan
 0.24760      inf      nan
 0.31834      inf      nan
 0.38908      inf      nan
 0.45982      inf      nan
 0.53056      inf      nan
 0.60130      inf      nan
 0.67204      inf      nan
 0.74279      inf      nan
 0.81353      inf      nan
 0.88427      inf      nan
 0.95501      inf      nan
 1.02575      inf      nan
 1.09649      inf      nan
 1.16723      inf      nan
 1.23798      inf      nan
 1.30872      inf      nan
 1.37946      inf      nan
 1.45020      inf      nan
 1.52094      inf      nan
 1.59168      inf      nan
 1.66243      inf      nan
 1.73317      inf      nan
 1.80391      inf      nan
 1.87465      inf      nan
 1.94539      inf      nan
 2.01613      inf      nan
 2.08687      inf      nan
 2.15762      inf      nan
 2.22836      inf      nan
 2.29910      inf      nan
 2.36984      inf      nan
 2.44058      inf      nan
 2.51132      inf      nan
 2.58206      inf      nan
 2.65281      inf      nan
 2.72355      inf      nan
 2.79429  4.68739  0.28827
 2.86503  3.03973  0.07703
 2.93577  1.96588  0.03677
 3.00651  1.10969  0.02291
 3.07726  0.40613  0.01541
 3.14800 -0.11106  0.01119
 3.21874 -0.51055  0.00850
 3.28948 -0.78838  0.00693
 3.36022 -0.97749  0.00593
 3.43096 -1.07735  0.00544
 3.50170 -1.07554  0.00535
 3.57245 -0.98524  0.00560
 3.64319 -0.80347  0.00599
 3.71393 -0.56508  0.00668
 3.78467 -0.29612  0.00747
 3.85541 -0.04398  0.00839
 3.92615  0.16163  0.00919
 3.99689  0.27783  0.00979
 4.06764  0.32412  0.00998
 4.13838  0.30527  0.00978
 4.20912  0.26428  0.00960
 4.27986  0.20028  0.00897
 4.35060  0.13758  0.00859
 4.42134  0.07048  0.00821
 4.49209  0.01253  0.00780
 4.56283 -0.05189  0.00728
 4.63357 -0.12026  0.00699
 4.70431 -0.17564  0.00661
 4.77505 -0.22670  0.00626
 4.84579 -0.26786  0.00606
 4.91653 -0.30314  0.00576
 4.98728 -0.33466  0.00554
 5.05802 -0.35146  0.00539
 5.12876 -0.37128  0.00528
 5.19950 -0.37961  0.00511
 5.27024 -0.38839  0.00499
 5.34098 -0.38982  0.00493
 5.41172 -0.38677  0.00482
 5.48247 -0.38344  0.00479
 5.55321 -0.37335  0.00473
 5.62395 -0.36260  0.00475
 5.69469 -0.34115  0.00475
 5.76543 -0.31500  0.00472
 5.83617 -0.28977  0.00478
 5.90692 -0.25928  0.00481
 5.97766 -0.22423  0.00486
 6.04840 -0.19493  0.00490
 6.11914 -0.16086  0.00496
 6.18988 -0.12844  0.00497
 6.26062 -0.10715  0.00498
 6.33136 -0.08377  0.00515
 6.40211 -0.06530  0.00502
 6.47285 -0.05633  0.00495
 6.54359 -0.04700  0.00501
 6.61433 -0.04370  0.00493
 6.68507 -0.04930  0.00489
 6.75581 -0.05698  0.00477
 6.82655 -0.06114  0.00473
 6.89730 -0.07540  0.00458
 6.96804 -0.08350  0.00454
 7.03878 -0.09671  0.00443
 7.10952 -0.11135  0.00437
 7.18026 -0.12641  0.00425
 7.25100 -0.12660  0.00425
 7.32175 -0.14063  0.00418
 7.39249 -0.15375  0.00411
 7.46323 -0.15456  0.00412
 7.53397 -0.15898  0.00398
 7.60471 -0.16003  0.00397
 7.67545 -0.15924  0.00395
 7.74619 -0.15831  0.00390
 7.81694 -0.15643  0.00386
 7.88768 -0.14648  0.00381
 7.95842 -0.14639  0.00380
 8.02916 -0.13326  0.00384
 8.09990 -0.13270  0.00380
 8.17064 -0.12086  0.00374
 8.24138 -0.11355  0.00373
 8.31213 -0.10916  0.00373
 8.38287 -0.09827  0.00372
 8.45361 -0.09124  0.00377
 8.52435 -0.08727  0.00377
 8.59509 -0.08237  0.00375
 8.66583 -0.07685  0.00374
 8.73657 -0.07429  0.00373
 8.80732 -0.07692  0.00372
 8.87806 -0.07156  0.00365
 8.94880 -0.06630  0.00363
 9.01954 -0.06916  0.00361
 9.09028 -0.07586  0.00354
 9.16102 -0.07452  0.00355
 9.23177 -0.07508  0.00353
 9.30251 -0.07814  0.00345
 9.37325 -0.07736  0.00346
 9.44399 -0.07408  0.00342
 9.51473 -0.07414  0.00341
 9.58547 -0.07267  0.00338
 9.65621 -0.07408  0.00334
 9.72696 -0.06687  0.00331
 9.79770 -0.06680  0.00333
 9.86844 -0.06291  0.00328
 9.93918 -0.05760  0.00324
10.00992 -0.05321  0.00323
10.08066 -0.05011  0.00321
10.15140 -0.04438  0.00322
10.22215 -0.04698  0.00317
10.29289 -0.04335  0.00317
10.36363 -0.03833  0.00314
10.43437 -0.03348  0.00313
10.50511 -0.03545  0.00313
10.57585 -0.03389  0.00310
10.64660 -0.03012  0.00305
10.71734 -0.02937  0.00306
10.78808 -0.02740  0.00307
10.85882 -0.02987  0.00301
10.92956 -0.02729  0.00301
11.00030 -0.02858  0.00298
11.07104 -0.02971  0.00299
11.14179 -0.02806  0.00299
11.21253 -0.02656  0.00298
11.28327 -0.02915  0.00298
11.35401 -0.02795  0.00294
11.42475 -0.02961  0.00292
11.49549 -0.02928  0.00293
11.56623 -0.02801  0.00291
11.63698 -0.02885  0.00288
11.70772 -0.02852  0.00291
11.77846 -0.02946  0.00288
11.84920 -0.02648  0.00287
11.91994 -0.02510  0.00284
11.99068 -0.02223  0.00282
12.06143 -0.02303  0.00284
12.13217 -0.02177  0.00279
12.20291 -0.02192  0.00280
12.27365 -0.01927  0.00280
12.34439 -0.01817  0.00278
12.41513 -0.01450  0.00279
12.48587 -0.01284  0.00277
12.55662 -0.01095  0.00277
12.62736 -0.00931  0.00277
12.69810 -0.00829  0.00275
12.76884 -0.00684  0.00277
12.83958 -0.00667  0.00270
12.91032 -0.00496  0.00271
12.98106 -0.00435  0.00273
13.05181 -0.00592  0.00269
13.12255 -0.00580  0.00265
13.19329 -0.00621  0.00266
13.26403 -0.00399  0.00263
13.33477 -0.00402  0.00262
13.40551 -0.00447  0.00258
13.47626 -0.00497  0.00260
13.54700 -0.00164  0.00257
13.61774 -0.00229  0.00253
13.68848 -0.00222  0.00251
13.75922 -0.00053  0.00251
13.82996 -0.00067  0.00248
13.90070 -0.00163  0.00247
13.97145 -0.00068  0.00245
14.04219 -0.00125  0.00243
14.11293  0.00029  0.00238
14.18367 -0.00011  0.00240
14.25441  0.00211  0.00238
14.32515  0.00159  0.00238
14.39589  0.00149  0.00235
14.46664  0.00284  0.00231
14.53738  0.00171  0.00231
14.60812  0.00230  0.00233
14.67886  0.00242  0.00229
14.74960  0.00226  0.00228
14.82034  0.00113  0.00228
14.89109 -0.00210  0.00226
14.96183 -0.00166  0.00226
15.03257 -0.00005  0.00223
15.10331 -0.00193  0.00226
15.17405 -0.00232  0.00221
15.24479 -0.00231  0.00224
15.31553 -0.00154  0.00221
15.38628 -0.00254  0.00220
15.45702 -0.00269  0.00223
15.52776 -0.00048  0.00222
15.59850 -0.00076  0.00220
15.66924 -0.00234  0.00218
15.73998 -0.00058  0.00218
15.81072 -0.00017  0.00216
15.88147  0.00085  0.00215
15.95221  0.00024  0.00214
16.02295 -0.00057  0.00212
16.09369  0.00186  0.00212
16.16443 -0.00003  0.00212
16.23517  0.00244  0.00207
16.30592  0.00082  0.00209
16.37666  0.00292  0.00206
16.44740  0.00449  0.00207
16.51814  0.00608  0.00204
16.58888  0.00567  0.00208
16.65962  0.00932  0.00205
16.73036  0.00691  0.00206
16.80111  0.00965  0.00203
16.87185  0.00891  0.00203
16.94259  0.01163  0.00201
17.01333  0.01224  0.00202
17.08407  0.01268  0.00200
17.15481  0.00995  0.00197
17.22555  0.01176  0.00200
17.29630  0.01259  0.00198
17.36704  0.01200  0.00196
17.43778  0.01355  0.00196
17.50852  0.01375  0.00195
17.57926  0.01324  0.00195
17.65000  0.01232  0.00194
17.72075  0.01380  0.00194
17.79149  0.01509  0.00195
17.86223  0.01533  0.00193
17.93297  0.01326  0.00193
18.00371  0.01382  0.00190
18.07445  0.01486  0.00189
18.14519  0.01494  0.00189
18.21594  0.01537  0.00188
18.28668  0.01556  0.00187
18.35742  0.01278  0.00188
18.42816  0.01531  0.00186
18.49890  0.01736  0.00187
18.56964  0.01552  0.00184
18.64038  0.01498  0.00184
18.71113  0.01565  0.00181
18.78187  0.01825  0.00179
18.85261  0.01672  0.00183
18.92335  0.01743  0.00177
18.99409  0.01563  0.00179
19.06483  0.01477  0.00176
19.13558  0.01530  0.00176
19.20632  0.01566  0.00176
19.27706  0.01418  0.00173
19.34780  0.01492  0.00173
19.41854  0.01238  0.00174
19.48928  0.01133  0.00169
19.56002  0.01233  0.00171
19.63077  0.01231  0.00171
19.70151  0.01054  0.00170
19.77225  0.00998  0.00169
19.84299  0.01166  0.00168
19.91373  0.01049  0.00167
19.98447  0.00861  0.00167
20.05521  0.00940  0.00167
20.12596  0.00891  0.00168
20.19670  0.00823  0.00166
20.26744  0.00854  0.00166
20.33818  0.00572  0.00166
20.40892  0.00621  0.00167
20.47966  0.00710  0.00167
20.55041  0.00584  0.00165
20.62115  0.00593  0.00163
20.69189  0.00475  0.00164
20.76263  0.00645  0.00166
20.83337  0.00557  0.00163
20.90411  0.00578  0.00162
20.97485  0.00659  0.00164
21.04560  0.00602  0.00162
21.11634  0.00581  0.00163
21.18708  0.00587  0.00159
