 0.03537      inf      nan
 0.10611      inf      nan
 0.17684      inf      nan
 0.24758      inf      nan
 0.31832      inf      nan
 0.38906      inf      nan
 0.45979      inf      nan
 0.53053      inf      nan
 0.60127      inf      nan
 0.67201      inf      nan
 0.74274      inf      nan
 0.81348      inf      nan
 0.88422      inf      nan
 0.95496      inf      nan
 1.02569      inf      nan
 1.09643      inf      nan
 1.16717      inf      nan
 1.23791      inf      nan
 1.30864      inf      nan
 1.37938      inf      nan
 1.45012      inf      nan
 1.52086      inf      nan
 1.59159      inf      nan
 1.66233      inf      nan
 1.73307      inf      nan
 1.80381      inf      nan
 1.87454      inf      nan
 1.94528      inf      nan
 2.01602      inf      nan
 2.08676      inf      nan
 2.15749      inf      nan
 2.22823      inf      nan
 2.29897  3.99106  0.32965
 2.36971  1.89464  0.06519
 2.44044  0.10546  0.02093
 2.51118 -0.91318  0.01301
 2.58192 -1.32333  0.01157
 2.65266 -1.32625  0.01105
 2.72339 -1.09110  0.01149
 2.79413 -0.73387  0.01281
 2.86487 -0.37580  0.01486
 2.93561 -0.11345  0.01723
 3.00634  0.04103  0.01878
 3.07708  0.10407  0.01914
 3.14782  0.06752  0.01822
 3.21856 -0.02809  0.01704
 3.28929 -0.11120  0.01627
 3.36003 -0.18911  0.01509
 3.43077 -0.26493  0.01417
 3.50151 -0.30934  0.01375
 3.57224 -0.32817  0.01304
 3.64298 -0.33978  0.01254
 3.71372 -0.34002  0.01231
 3.78446 -0.33228  0.01193
 3.85519 -0.30116  0.01165
 3.92593 -0.27533  0.01170
 3.99667 -0.24295  0.01182
 4.06741 -0.23317  0.01150
 4.13814 -0.23700  0.01120
 4.20888 -0.26228  0.01087
 4.27962 -0.28508  0.01093
 4.35036 -0.30652  0.01121
 4.42109 -0.34304  0.01020
 4.49183 -0.35976  0.01003
 4.56257 -0.40070  0.00940
 4.63331 -0.43915  0.00956
 4.70404 -0.46399  0.00935
 4.77478 -0.45707  0.00922
 4.84552 -0.41100  0.00897
 4.91626 -0.35439  0.00893
 4.98699 -0.31064  0.00902
 5.05773 -0.26317  0.00933
 5.12847 -0.22057  0.00910
 5.19921 -0.19012  0.00920
 5.26994 -0.16543  0.00922
 5.34068 -0.14642  0.00900
 5.41142 -0.12167  0.00913
 5.48216 -0.12317  0.00908
 5.55289 -0.11572  0.00886
 5.62363 -0.11834  0.00901
 5.69437 -0.11812  0.00876
 5.76511 -0.11780  0.00872
 5.83584 -0.12313  0.00848
 5.90658 -0.13405  0.00837
 5.97732 -0.14424  0.00819
 6.04806 -0.15305  0.00803
 6.11879 -0.16941  0.00807
 6.18953 -0.17018  0.00791
 6.26027 -0.18142  0.00774
 6.33100 -0.18121  0.00773
 6.40174 -0.18840  0.00759
 6.47248 -0.19253  0.00743
 6.54322 -0.19660  0.00733
 6.61395 -0.20379  0.00747
 6.68469 -0.20062  0.00745
 6.75543 -0.19766  0.00721
 6.82617 -0.19270  0.00713
 6.89690 -0.19156  0.00731
 6.96764 -0.18290  0.00703
 7.03838 -0.17760  0.00705
 7.10912 -0.16425  0.00700
 7.17985 -0.15692  0.00682
 7.25059 -0.14175  0.00680
 7.32133 -0.14455  0.00679
 7.39207 -0.12407  0.00668
 7.46280 -0.12103  0.00667
 7.53354 -0.11790  0.00656
 7.60428 -0.10992  0.00673
 7.67502 -0.10060  0.00646
 7.74575 -0.09561  0.00639
 7.81649 -0.09414  0.00664
 7.88723 -0.09034  0.00650
 7.95797 -0.09286  0.00642
 8.02870 -0.09834  0.00650
 8.09944 -0.09791  0.00645
 8.17018 -0.10198  0.00641
 8.24092 -0.09982  0.00642
 8.31165 -0.10806  0.00642
 8.38239 -0.10712  0.00626
 8.45313 -0.11037  0.00616
 8.52387 -0.10855  0.00613
 8.59460 -0.10224  0.00614
 8.66534 -0.10384  0.00608
 8.73608 -0.10004  0.00591
 8.80682 -0.10096  0.00585
 8.87755 -0.09079  0.00596
 8.94829 -0.09149  0.00596
 9.01903 -0.08770  0.00575
 9.08977 -0.08346  0.00592
 9.16050 -0.07901  0.00569
 9.23124 -0.07853  0.00582
 9.30198 -0.07332  0.00584
 9.37272 -0.07294  0.00598
 9.44345 -0.07076  0.00578
 9.51419 -0.06686  0.00567
 9.58493 -0.06773  0.00581
 9.65567 -0.06018  0.00570
 9.72640 -0.06009  0.00563
 9.79714 -0.05619  0.00568
 9.86788 -0.05328  0.00563
 9.93862 -0.04962  0.00557
10.00935 -0.05053  0.00559
10.08009 -0.05204  0.00557
10.15083 -0.05026  0.00538
10.22157 -0.05346  0.00527
10.29230 -0.04868  0.00529
10.36304 -0.05080  0.00520
10.43378 -0.04886  0.00521
10.50452 -0.04586  0.00534
10.57525 -0.04525  0.00527
10.64599 -0.04098  0.00533
10.71673 -0.03877  0.00520
10.78747 -0.04024  0.00512
10.85820 -0.04223  0.00517
10.92894 -0.03919  0.00509
10.99968 -0.03961  0.00509
11.07042 -0.03556  0.00503
11.14115 -0.03622  0.00502
11.21189 -0.03495  0.00480
11.28263 -0.02885  0.00495
11.35337 -0.03043  0.00483
11.42410 -0.03060  0.00473
11.49484 -0.02420  0.00466
11.56558 -0.02210  0.00475
11.63632 -0.01945  0.00461
11.70705 -0.02004  0.00458
11.77779 -0.02337  0.00459
11.84853 -0.02163  0.00450
11.91927 -0.02249  0.00448
11.99000 -0.01734  0.00447
12.06074 -0.01584  0.00452
12.13148 -0.02219  0.00452
12.20222 -0.01517  0.00440
12.27295 -0.01984  0.00437
12.34369 -0.01641  0.00439
12.41443 -0.01463  0.00450
12.48517 -0.01852  0.00449
12.55590 -0.01697  0.00449
12.62664 -0.01609  0.00433
12.69738 -0.01336  0.00444
12.76812 -0.01606  0.00425
12.83885 -0.02251  0.00420
12.90959 -0.01488  0.00425
12.98033 -0.01578  0.00444
13.05107 -0.01640  0.00428
13.12180 -0.01221  0.00416
13.19254 -0.01458  0.00422
13.26328 -0.01482  0.00426
13.33402 -0.01265  0.00425
13.40475 -0.00837  0.00418
13.47549 -0.01204  0.00415
13.54623 -0.00818  0.00427
13.61697 -0.00982  0.00421
13.68770 -0.01052  0.00426
13.75844 -0.00588  0.00402
13.82918 -0.00843  0.00409
13.89992 -0.00565  0.00404
13.97065 -0.00912  0.00401
14.04139 -0.00414  0.00397
14.11213 -0.00601  0.00400
14.18287 -0.00434  0.00404
14.25360 -0.00706  0.00397
14.32434 -0.00529  0.00399
14.39508 -0.00448  0.00394
14.46582 -0.00381  0.00384
14.53655  0.00060  0.00393
14.60729 -0.00132  0.00382
14.67803  0.00111  0.00383
14.74877 -0.00209  0.00380
14.81950  0.00150  0.00389
14.89024  0.00491  0.00384
14.96098  0.00372  0.00380
15.03172  0.00112  0.00382
15.10245  0.00451  0.00379
15.17319  0.00071  0.00387
15.24393  0.00229  0.00383
15.31467  0.00142  0.00387
15.38540  0.00502  0.00386
15.45614  0.00509  0.00372
15.52688  0.00722  0.00371
15.59762  0.00673  0.00368
15.66835  0.00818  0.00367
15.73909  0.00772  0.00368
15.80983  0.01176  0.00368
15.88057  0.00843  0.00348
15.95130  0.00953  0.00366
16.02204  0.01004  0.00356
16.09278  0.01137  0.00363
16.16352  0.01176  0.00356
16.23425  0.01616  0.00352
16.30499  0.01125  0.00346
16.37573  0.01638  0.00343
16.44647  0.01736  0.00332
16.51720  0.01966  0.00344
16.58794  0.02175  0.00348
16.65868  0.01987  0.00332
16.72942  0.01755  0.00348
16.80015  0.02175  0.00341
16.87089  0.02194  0.00333
16.94163  0.02481  0.00341
17.01237  0.02108  0.00335
17.08310  0.02214  0.00324
17.15384  0.02180  0.00329
17.22458  0.02472  0.00329
17.29532  0.02355  0.00330
17.36605  0.02307  0.00323
17.43679  0.02511  0.00331
17.50753  0.02541  0.00332
17.57827  0.02467  0.00330
17.64900  0.02576  0.00330
17.71974  0.02855  0.00337
17.79048  0.02984  0.00328
17.86122  0.02965  0.00332
17.93195  0.02696  0.00329
18.00269  0.02948  0.00322
18.07343  0.03084  0.00326
18.14417  0.03037  0.00320
18.21490  0.03007  0.00318
18.28564  0.02905  0.00315
18.35638  0.02596  0.00315
18.42712  0.02968  0.00321
18.49785  0.02467  0.00320
18.56859  0.02675  0.00318
18.63933  0.02657  0.00316
18.71006  0.02336  0.00315
18.78080  0.02445  0.00318
18.85154  0.02324  0.00313
18.92228  0.02296  0.00313
18.99301  0.02199  0.00316
19.06375  0.02076  0.00312
19.13449  0.01822  0.00301
19.20523  0.01722  0.00293
19.27596  0.01906  0.00285
19.34670  0.01842  0.00289
19.41744  0.01781  0.00286
19.48818  0.01887  0.00289
19.55891  0.01655  0.00288
19.62965  0.01441  0.00283
19.70039  0.01588  0.00280
19.77113  0.01183  0.00277
19.84186  0.01366  0.00282
19.91260  0.01118  0.00281
19.98334  0.01041  0.00288
20.05408  0.01118  0.00281
20.12481  0.00659  0.00282
20.19555  0.00862  0.00277
20.26629  0.00702  0.00286
20.33703  0.00777  0.00286
20.40776  0.00776  0.00284
20.47850  0.00670  0.00282
20.54924  0.00603  0.00275
20.61998  0.00612  0.00272
20.69071  0.00424  0.00283
20.76145  0.00571  0.00284
20.83219  0.00337  0.00278
20.90293  0.00634  0.00277
20.97366  0.00518  0.00278
21.04440  0.00614  0.00281
21.11514  0.00323  0.00285
21.18588  0.00579  0.00279
