Adding dependency `anaconda/2020.11:python3` to your environment
Adding package `my_py_env/20221129` to your environment
  0.0254   0.0000
  0.1292   0.0008
  0.2971   0.0196
  0.5000   0.1321
  0.7029   0.5253
  0.8708   1.0886
  0.9746   2.2242
  1.0254   2.9116
  1.1292   4.2883
  1.2971   6.9010
  1.5000  10.2352
  1.7029  16.7709
  1.8708  23.9104
  1.9746  29.6410
  2.0254  27.9478
  2.1292  28.8980
  2.2971  44.6572
  2.5000  44.3601
  2.7029  54.2246
  2.8708  61.0703
  2.9746  58.7757
  3.0254  67.0648
  3.1292  64.8787
  3.2971  76.8580
  3.5000  68.3466
  3.7029  80.4460
  3.8708  86.8111
  3.9746  91.8842
  4.0254  93.5756
  4.1292  95.6178
  4.2971  98.2756
  4.5000 107.0733
  4.7029 107.1987
  4.8708 106.8973
  4.9746 121.1111
