 0.03553  0.00000      nan
 0.10660  0.00000      nan
 0.17767  0.00000      nan
 0.24874  0.00000      nan
 0.31981  0.00000      nan
 0.39088  0.00000      nan
 0.46194  0.00000      nan
 0.53301  0.00000      nan
 0.60408  0.00000      nan
 0.67515  0.00000      nan
 0.74622  0.00000      nan
 0.81729  0.00000      nan
 0.88836  0.00000      nan
 0.95942  0.00000      nan
 1.03049  0.00000      nan
 1.10156  0.00000      nan
 1.17263  0.00000      nan
 1.24370  0.00000      nan
 1.31477  0.00000      nan
 1.38583  0.00000      nan
 1.45690  0.00000      nan
 1.52797  0.00000      nan
 1.59904  0.00000      nan
 1.67011  0.00000      nan
 1.74118  0.00000      nan
 1.81224  0.00000      nan
 1.88331  0.00000      nan
 1.95438  0.00000      nan
 2.02545  0.00000      nan
 2.09652  0.00000      nan
 2.16759  0.00000      nan
 2.23865  0.00000      nan
 2.30972  0.00000      nan
 2.38079  0.00000      nan
 2.45186  0.00000      nan
 2.52293  0.00000      nan
 2.59400  0.00000      nan
 2.66507  0.00000      nan
 2.73613  0.00000      nan
 2.80720  0.00000      nan
 2.87827  0.00000      nan
 2.94934  0.00000      nan
 3.02041  0.00000      nan
 3.09148  0.00000      nan
 3.16254  0.00000      nan
 3.23361  0.00000      nan
 3.30468  0.00000      nan
 3.37575  0.00000      nan
 3.44682  0.00000      nan
 3.51789  0.00058  0.00055
 3.58895  0.00390  0.00144
 3.66002  0.02142  0.00340
 3.73109  0.07628  0.00677
 3.80216  0.26304  0.01162
 3.87323  0.78146  0.01996
 3.94430  2.01395  0.03941
 4.01537  4.28930  0.06183
 4.08643  7.55326  0.08920
 4.15750  9.31789  0.11035
 4.22857  8.73648  0.10696
 4.29964  6.58137  0.07724
 4.37071  4.97569  0.05783
 4.44178  4.34135  0.05412
 4.51284  4.24797  0.05673
 4.58391  4.28766  0.05032
 4.65498  4.46766  0.04877
 4.72605  4.42714  0.05307
 4.79712  4.27324  0.05196
 4.86819  3.99499  0.04486
 4.93925  3.64323  0.04291
 5.01032  3.22450  0.03760
 5.08139  2.77510  0.03223
 5.15246  2.41800  0.02977
 5.22353  2.12257  0.03091
 5.29460  1.91599  0.02841
 5.36566  1.76016  0.02573
 5.43673  1.66201  0.02338
 5.50780  1.58865  0.02327
 5.57887  1.53967  0.02198
 5.64994  1.54928  0.02107
 5.72101  1.50950  0.02034
 5.79208  1.52743  0.02279
 5.86314  1.49021  0.01995
 5.93421  1.52910  0.02117
 6.00528  1.56375  0.02090
 6.07635  1.58024  0.02169
 6.14742  1.59176  0.01948
 6.21849  1.60586  0.01935
 6.28955  1.68187  0.02072
 6.36062  1.67925  0.01719
 6.43169  1.70062  0.02052
 6.50276  1.71795  0.02102
 6.57383  1.76933  0.02049
 6.64490  1.75281  0.02016
 6.71596  1.74280  0.02179
 6.78703  1.73951  0.01924
 6.85810  1.67695  0.01794
 6.92917  1.68278  0.01982
 7.00024  1.60764  0.01863
 7.07131  1.59055  0.01787
 7.14237  1.53529  0.01749
 7.21344  1.46410  0.01658
 7.28451  1.42945  0.01604
 7.35558  1.40209  0.01449
 7.42665  1.33103  0.01514
 7.49772  1.27886  0.01451
 7.56879  1.22840  0.01424
 7.63985  1.18525  0.01236
 7.71092  1.15409  0.01328
 7.78199  1.13275  0.01365
 7.85306  1.10664  0.01222
 7.92413  1.08859  0.01271
 7.99520  1.07842  0.01250
 8.06626  1.07384  0.01209
 8.13733  1.08528  0.01257
 8.20840  1.06391  0.01097
 8.27947  1.07618  0.01174
 8.35054  1.09519  0.01191
 8.42161  1.10389  0.01105
 8.49267  1.09276  0.01223
 8.56374  1.11667  0.01207
 8.63481  1.12040  0.01193
 8.70588  1.11032  0.01211
 8.77695  1.12306  0.01269
 8.84802  1.13020  0.01191
 8.91909  1.14464  0.01198
 8.99015  1.13762  0.01223
 9.06122  1.13881  0.01208
 9.13229  1.16176  0.01090
 9.20336  1.14567  0.01147
 9.27443  1.15545  0.01192
 9.34550  1.12538  0.01083
 9.41656  1.12828  0.01151
 9.48763  1.13575  0.01112
 9.55870  1.12120  0.01063
 9.62977  1.10788  0.01169
 9.70084  1.11321  0.01081
 9.77191  1.08190  0.01062
 9.84297  1.08426  0.01028
 9.91404  1.07577  0.01018
 9.98511  1.06491  0.01019
10.05618  1.05785  0.00963
10.12725  1.06384  0.00919
10.19832  1.05313  0.00967
10.26938  1.06922  0.01038
10.34045  1.05887  0.00926
10.41152  1.04909  0.00989
10.48259  1.05855  0.00978
10.55366  1.03984  0.01007
10.62473  1.04809  0.01009
10.69580  1.03490  0.00965
10.76686  1.05155  0.00979
10.83793  1.04018  0.01007
10.90900  1.04374  0.00944
10.98007  1.03259  0.00901
11.05114  1.03398  0.00898
11.12221  1.03740  0.00930
11.19327  1.04780  0.00904
11.26434  1.04458  0.00954
11.33541  1.03615  0.00869
11.40648  1.05201  0.00909
11.47755  1.04894  0.00851
11.54862  1.02084  0.00861
11.61968  1.03326  0.00876
11.69075  1.03591  0.00814
11.76182  1.02224  0.00870
11.83289  1.02029  0.00834
11.90396  1.02769  0.00813
11.97503  1.02804  0.00849
12.04610  1.03721  0.00823
12.11716  1.01530  0.00809
12.18823  1.02344  0.00824
12.25930  1.02498  0.00862
12.33037  0.99758  0.00785
12.40144  1.01711  0.00723
12.47251  1.00444  0.00803
12.54357  1.00727  0.00746
12.61464  1.00277  0.00713
12.68571  1.01087  0.00830
12.75678  0.99452  0.00775
12.82785  1.01013  0.00797
12.89892  1.00433  0.00800
12.96998  1.00496  0.00715
13.04105  0.99758  0.00764
13.11212  1.00774  0.00752
13.18319  1.00132  0.00707
13.25426  0.99401  0.00715
13.32533  1.00408  0.00646
13.39639  1.00137  0.00704
13.46746  1.00084  0.00744
13.53853  0.99051  0.00664
13.60960  0.99875  0.00711
13.68067  1.00140  0.00707
13.75174  0.99286  0.00667
13.82281  0.99311  0.00715
13.89387  0.99253  0.00725
13.96494  0.99147  0.00685
14.03601  0.99427  0.00675
14.10708  0.99012  0.00677
14.17815  0.99086  0.00649
14.24922  0.98983  0.00635
14.32028  1.00228  0.00686
14.39135  0.99532  0.00639
14.46242  0.98782  0.00606
14.53349  0.97924  0.00627
14.60456  0.98844  0.00674
14.67563  0.98881  0.00634
14.74669  0.99290  0.00688
14.81776  0.98219  0.00625
14.88883  0.98798  0.00622
14.95990  0.97387  0.00554
15.03097  0.98628  0.00621
15.10204  0.97026  0.00588
15.17310  0.97431  0.00578
15.24417  0.97868  0.00583
15.31524  0.98020  0.00610
15.38631  0.98104  0.00517
15.45738  0.98141  0.00588
15.52845  0.97989  0.00628
15.59952  0.97546  0.00636
15.67058  0.98332  0.00594
15.74165  0.98048  0.00509
15.81272  0.97657  0.00565
15.88379  0.97328  0.00599
15.95486  0.98117  0.00593
16.02593  0.98123  0.00522
16.09699  0.97170  0.00579
16.16806  0.97309  0.00549
16.23913  0.97585  0.00522
16.31020  0.97074  0.00545
16.38127  0.97707  0.00580
16.45234  0.97683  0.00497
16.52340  0.97095  0.00597
16.59447  0.97409  0.00567
16.66554  0.97879  0.00538
16.73661  0.97464  0.00589
16.80768  0.97333  0.00548
16.87875  0.96883  0.00475
16.94982  0.97493  0.00507
17.02088  0.97750  0.00487
17.09195  0.97971  0.00501
17.16302  0.97261  0.00557
17.23409  0.97861  0.00516
17.30516  0.96642  0.00455
17.37623  0.97591  0.00464
17.44729  0.98591  0.00550
17.51836  0.97830  0.00501
17.58943  0.97231  0.00551
17.66050  0.97007  0.00513
17.73157  0.97755  0.00490
17.80264  0.97271  0.00503
17.87370  0.97635  0.00475
17.94477  0.97563  0.00492
18.01584  0.98024  0.00537
18.08691  0.97119  0.00508
18.15798  0.97381  0.00470
18.22905  0.96869  0.00457
18.30011  0.97541  0.00490
18.37118  0.97242  0.00459
18.44225  0.97264  0.00462
18.51332  0.96733  0.00476
18.58439  0.97093  0.00467
18.65546  0.97666  0.00495
18.72653  0.96812  0.00458
18.79759  0.97131  0.00472
18.86866  0.96021  0.00470
18.93973  0.96780  0.00498
19.01080  0.97287  0.00486
19.08187  0.96386  0.00441
19.15294  0.95934  0.00481
19.22400  0.97032  0.00470
19.29507  0.97122  0.00487
19.36614  0.97159  0.00386
19.43721  0.96520  0.00469
19.50828  0.96668  0.00458
19.57935  0.96559  0.00422
19.65041  0.96969  0.00491
19.72148  0.97164  0.00465
19.79255  0.96763  0.00465
19.86362  0.96988  0.00428
19.93469  0.96791  0.00449
20.00576  0.97083  0.00430
20.07683  0.96406  0.00454
20.14789  0.95962  0.00438
20.21896  0.96445  0.00445
20.29003  0.97146  0.00474
20.36110  0.96675  0.00439
20.43217  0.96241  0.00473
20.50324  0.96119  0.00475
20.57430  0.97007  0.00460
20.64537  0.96448  0.00445
20.71644  0.96973  0.00427
20.78751  0.97050  0.00445
20.85858  0.96089  0.00398
20.92965  0.97313  0.00465
21.00071  0.97147  0.00447
21.07178  0.96268  0.00425
21.14285  0.97102  0.00418
21.21392  0.96862  0.00415
21.28499  0.97116  0.00396
