 0.03553  0.00000
 0.10660  0.00000
 0.17767  0.00000
 0.24874  0.00000
 0.31981  0.00000
 0.39088  0.00000
 0.46194  0.00000
 0.53301  0.00000
 0.60408  0.00000
 0.67515  0.00000
 0.74622  0.00000
 0.81729  0.00000
 0.88836  0.00000
 0.95942  0.00000
 1.03049  0.00000
 1.10156  0.00000
 1.17263  0.00000
 1.24370  0.00000
 1.31477  0.00000
 1.38583  0.00000
 1.45690  0.00000
 1.52797  0.00000
 1.59904  0.00000
 1.67011  0.00000
 1.74118  0.00000
 1.81224  0.00000
 1.88331  0.00000
 1.95438  0.00000
 2.02545  0.00000
 2.09652  0.00000
 2.16759  0.00000
 2.23865  0.00000
 2.30972  0.00000
 2.38079  0.00000
 2.45186  0.00000
 2.52293  0.00000
 2.59400  0.00000
 2.66507  0.00000
 2.73613  0.00000
 2.80720  0.00000
 2.87827  0.00000
 2.94934  0.00011
 3.02041  0.00150
 3.09148  0.01117
 3.16254  0.05821
 3.23361  0.19703
 3.30468  0.46965
 3.37575  0.83365
 3.44682  1.19253
 3.51789  1.48414
 3.58895  1.68250
 3.66002  1.78930
 3.73109  1.81763
 3.80216  1.78017
 3.87323  1.68246
 3.94430  1.52709
 4.01537  1.32975
 4.08643  1.11803
 4.15750  0.91711
 4.22857  0.76652
 4.29964  0.67313
 4.37071  0.63520
 4.44178  0.62548
 4.51284  0.64124
 4.58391  0.66734
 4.65498  0.70691
 4.72605  0.75171
 4.79712  0.79730
 4.86819  0.83979
 4.93925  0.87911
 5.01032  0.92000
 5.08139  0.94795
 5.15246  0.97376
 5.22353  0.99663
 5.29460  1.01377
 5.36566  1.02477
 5.43673  1.03840
 5.50780  1.04723
 5.57887  1.05539
 5.64994  1.05982
 5.72101  1.06604
 5.79208  1.07095
 5.86314  1.07646
 5.93421  1.07526
 6.00528  1.07717
 6.07635  1.07395
 6.14742  1.06750
 6.21849  1.05686
 6.28955  1.03964
 6.36062  1.02324
 6.43169  1.00659
 6.50276  0.98823
 6.57383  0.97187
 6.64490  0.95810
 6.71596  0.94735
 6.78703  0.94035
 6.85810  0.93506
 6.92917  0.93252
 7.00024  0.93630
 7.07131  0.93928
 7.14237  0.94850
 7.21344  0.95425
 7.28451  0.96131
 7.35558  0.97083
 7.42665  0.97943
 7.49772  0.98767
 7.56879  0.99374
 7.63985  0.99999
 7.71092  1.00529
 7.78199  1.00872
 7.85306  1.01116
 7.92413  1.01361
 7.99520  1.01214
 8.06626  1.01297
 8.13733  1.01398
 8.20840  1.01193
 8.27947  1.01121
 8.35054  1.01008
 8.42161  1.00712
 8.49267  1.00485
 8.56374  1.00398
 8.63481  1.00350
 8.70588  1.00046
 8.77695  0.99745
 8.84802  0.99509
 8.91909  0.99439
 8.99015  0.99592
 9.06122  0.99305
 9.13229  0.99209
 9.20336  0.99144
 9.27443  0.99108
 9.34550  0.99210
 9.41656  0.99368
 9.48763  0.99427
 9.55870  0.99495
 9.62977  0.99587
 9.70084  0.99816
 9.77191  0.99917
 9.84297  1.00058
 9.91404  1.00222
 9.98511  1.00223
10.05618  1.00431
10.12725  1.00386
10.19832  1.00265
10.26938  1.00218
10.34045  1.00366
10.41152  1.00180
10.48259  1.00334
10.55366  1.00353
10.62473  1.00192
10.69580  1.00168
10.76686  1.00027
10.83793  1.00033
10.90900  0.99937
10.98007  1.00102
11.05114  0.99904
11.12221  0.99897
11.19327  0.99872
11.26434  0.99931
11.33541  0.99821
11.40648  0.99793
11.47755  0.99975
11.54862  0.99887
11.61968  0.99993
11.69075  1.00056
11.76182  0.99965
11.83289  1.00114
11.90396  1.00027
11.97503  1.00138
12.04610  1.00217
12.11716  1.00029
12.18823  1.00289
12.25930  1.00244
12.33037  1.00184
12.40144  1.00236
12.47251  1.00205
12.54357  1.00306
12.61464  1.00277
12.68571  1.00267
12.75678  1.00291
12.82785  1.00125
12.89892  1.00265
12.96998  1.00184
13.04105  1.00132
13.11212  1.00061
13.18319  1.00088
13.25426  1.00115
13.32533  1.00043
13.39639  1.00051
13.46746  1.00144
13.53853  1.00084
13.60960  1.00176
13.68067  1.00106
13.75174  1.00047
13.82281  1.00133
13.89387  1.00152
13.96494  1.00148
14.03601  1.00101
14.10708  1.00173
14.17815  1.00229
14.24922  1.00131
14.32028  1.00220
14.39135  1.00206
14.46242  1.00129
14.53349  1.00101
14.60456  1.00060
14.67563  1.00236
14.74669  1.00204
14.81776  1.00132
14.88883  1.00198
14.95990  1.00231
15.03097  1.00200
15.10204  1.00180
15.17310  1.00125
15.24417  1.00283
15.31524  1.00230
15.38631  1.00136
15.45738  1.00154
15.52845  1.00168
15.59952  1.00257
15.67058  1.00199
15.74165  1.00197
15.81272  1.00272
15.88379  1.00176
15.95486  1.00268
16.02593  1.00265
16.09699  1.00046
16.16806  1.00121
16.23913  1.00200
16.31020  1.00200
16.38127  1.00218
16.45234  1.00230
16.52340  1.00139
16.59447  1.00180
16.66554  1.00270
16.73661  1.00186
16.80768  1.00120
16.87875  1.00227
16.94982  1.00191
17.02088  1.00202
17.09195  1.00189
17.16302  1.00202
17.23409  1.00309
17.30516  1.00243
17.37623  1.00244
17.44729  1.00163
17.51836  1.00131
17.58943  1.00221
17.66050  1.00244
17.73157  1.00215
17.80264  1.00108
17.87370  1.00197
17.94477  1.00197
18.01584  1.00185
18.08691  1.00268
18.15798  1.00199
18.22905  1.00213
18.30011  1.00223
18.37118  1.00227
18.44225  1.00219
18.51332  1.00151
18.58439  1.00169
18.65546  1.00208
18.72653  1.00229
18.79759  1.00191
18.86866  1.00228
18.93973  1.00252
19.01080  1.00216
19.08187  1.00189
19.15294  1.00139
19.22400  1.00180
19.29507  1.00165
19.36614  1.00190
19.43721  1.00194
19.50828  1.00246
19.57935  1.00217
19.65041  1.00165
19.72148  1.00165
19.79255  1.00216
19.86362  1.00272
19.93469  1.00219
20.00576  1.00255
20.07683  1.00250
20.14789  1.00201
20.21896  1.00188
20.29003  1.00281
20.36110  1.00189
20.43217  1.00213
20.50324  1.00173
20.57430  1.00208
20.64537  1.00168
20.71644  1.00181
20.78751  1.00229
20.85858  1.00170
20.92965  1.00221
21.00071  1.00201
21.07178  1.00169
21.14285  1.00189
21.21392  1.00252
21.28499  1.00143
