 0.03553  0.00000
 0.10660  0.00000
 0.17767  0.00000
 0.24874  0.00000
 0.31981  0.00000
 0.39088  0.00000
 0.46194  0.00000
 0.53301  0.00000
 0.60408  0.00000
 0.67515  0.00000
 0.74622  0.00000
 0.81729  0.00000
 0.88836  0.00000
 0.95942  0.00000
 1.03049  0.00000
 1.10156  0.00000
 1.17263  0.00000
 1.24370  0.00000
 1.31477  0.00000
 1.38583  0.00000
 1.45690  0.00000
 1.52797  0.00000
 1.59904  0.00000
 1.67011  0.00000
 1.74118  0.00000
 1.81224  0.00000
 1.88331  0.00000
 1.95438  0.00000
 2.02545  0.00000
 2.09652  0.00000
 2.16759  0.00000
 2.23865  0.00000
 2.30972  0.00000
 2.38079  0.00000
 2.45186  0.00000
 2.52293  0.00000
 2.59400  0.00000
 2.66507  0.00000
 2.73613  0.00000
 2.80720  0.00010
 2.87827  0.00106
 2.94934  0.00550
 3.02041  0.02005
 3.09148  0.05481
 3.16254  0.14365
 3.23361  0.34933
 3.30468  0.68061
 3.37575  1.05453
 3.44682  1.39637
 3.51789  1.69865
 3.58895  1.92613
 3.66002  2.04152
 3.73109  2.03048
 3.80216  1.90107
 3.87323  1.71933
 3.94430  1.52037
 4.01537  1.35393
 4.08643  1.22970
 4.15750  1.13975
 4.22857  1.07627
 4.29964  1.03113
 4.37071  0.99093
 4.44178  0.95887
 4.51284  0.92732
 4.58391  0.90302
 4.65498  0.87733
 4.72605  0.86376
 4.79712  0.84705
 4.86819  0.83824
 4.93925  0.83044
 5.01032  0.82570
 5.08139  0.82377
 5.15246  0.82817
 5.22353  0.83219
 5.29460  0.84551
 5.36566  0.85702
 5.43673  0.87040
 5.50780  0.88864
 5.57887  0.91042
 5.64994  0.92846
 5.72101  0.94647
 5.79208  0.96352
 5.86314  0.97831
 5.93421  0.99034
 6.00528  1.00067
 6.07635  1.00625
 6.14742  1.01299
 6.21849  1.01227
 6.28955  1.01098
 6.36062  1.00435
 6.43169  0.99926
 6.50276  0.99136
 6.57383  0.98654
 6.64490  0.97970
 6.71596  0.97490
 6.78703  0.97333
 6.85810  0.97333
 6.92917  0.97277
 7.00024  0.97453
 7.07131  0.97463
 7.14237  0.98089
 7.21344  0.98342
 7.28451  0.98518
 7.35558  0.98679
 7.42665  0.99037
 7.49772  0.99373
 7.56879  0.99681
 7.63985  0.99698
 7.71092  0.99980
 7.78199  1.00108
 7.85306  1.00343
 7.92413  1.00340
 7.99520  1.00483
 8.06626  1.00302
 8.13733  1.00356
 8.20840  1.00334
 8.27947  0.99897
 8.35054  0.99754
 8.42161  0.99673
 8.49267  0.99530
 8.56374  0.99232
 8.63481  0.99187
 8.70588  0.99090
 8.77695  0.99113
 8.84802  0.98945
 8.91909  0.98780
 8.99015  0.98823
 9.06122  0.98891
 9.13229  0.98868
 9.20336  0.99106
 9.27443  0.99063
 9.34550  0.99112
 9.41656  0.99318
 9.48763  0.99504
 9.55870  0.99536
 9.62977  0.99591
 9.70084  0.99743
 9.77191  0.99950
 9.84297  0.99974
 9.91404  1.00136
 9.98511  1.00156
10.05618  1.00292
10.12725  1.00170
10.19832  1.00301
10.26938  1.00240
10.34045  1.00227
10.41152  1.00171
10.48259  1.00060
10.55366  1.00203
10.62473  1.00111
10.69580  1.00298
10.76686  1.00099
10.83793  0.99916
10.90900  0.99996
10.98007  0.99937
11.05114  0.99937
11.12221  0.99949
11.19327  0.99821
11.26434  0.99831
11.33541  0.99922
11.40648  0.99777
11.47755  0.99905
11.54862  0.99909
11.61968  0.99853
11.69075  0.99862
11.76182  1.00108
11.83289  1.00132
11.90396  0.99954
11.97503  0.99963
12.04610  1.00127
12.11716  1.00099
12.18823  1.00113
12.25930  1.00162
12.33037  0.99834
12.40144  1.00129
12.47251  1.00025
12.54357  1.00042
12.61464  1.00097
12.68571  1.00081
12.75678  1.00196
12.82785  1.00132
12.89892  1.00227
12.96998  1.00260
13.04105  1.00145
13.11212  1.00018
13.18319  1.00057
13.25426  1.00136
13.32533  1.00122
13.39639  1.00076
13.46746  1.00126
13.53853  1.00074
13.60960  1.00000
13.68067  1.00195
13.75174  1.00040
13.82281  1.00123
13.89387  1.00205
13.96494  1.00147
14.03601  1.00130
14.10708  1.00166
14.17815  1.00036
14.24922  1.00147
14.32028  1.00146
14.39135  1.00168
14.46242  1.00220
14.53349  1.00109
14.60456  1.00286
14.67563  1.00139
14.74669  1.00181
14.81776  1.00205
14.88883  1.00201
14.95990  1.00189
15.03097  1.00118
15.10204  1.00202
15.17310  1.00140
15.24417  1.00158
15.31524  1.00161
15.38631  1.00142
15.45738  1.00172
15.52845  1.00148
15.59952  1.00231
15.67058  1.00079
15.74165  1.00166
15.81272  1.00150
15.88379  1.00185
15.95486  1.00115
16.02593  1.00110
16.09699  1.00152
16.16806  1.00205
16.23913  1.00082
16.31020  1.00252
16.38127  1.00140
16.45234  1.00249
16.52340  1.00156
16.59447  1.00238
16.66554  1.00106
16.73661  1.00136
16.80768  1.00167
16.87875  1.00183
16.94982  1.00228
17.02088  1.00222
17.09195  1.00172
17.16302  1.00097
17.23409  1.00196
17.30516  1.00297
17.37623  1.00190
17.44729  1.00180
17.51836  1.00182
17.58943  1.00102
17.66050  1.00194
17.73157  1.00157
17.80264  1.00135
17.87370  1.00173
17.94477  1.00192
18.01584  1.00256
18.08691  1.00257
18.15798  1.00252
18.22905  1.00117
18.30011  1.00213
18.37118  1.00157
18.44225  1.00179
18.51332  1.00192
18.58439  1.00134
18.65546  1.00257
18.72653  1.00193
18.79759  1.00171
18.86866  1.00304
18.93973  1.00213
19.01080  1.00172
19.08187  1.00284
19.15294  1.00181
19.22400  1.00135
19.29507  1.00251
19.36614  1.00224
19.43721  1.00140
19.50828  1.00160
19.57935  1.00233
19.65041  1.00179
19.72148  1.00222
19.79255  1.00186
19.86362  1.00194
19.93469  1.00156
20.00576  1.00128
20.07683  1.00133
20.14789  1.00153
20.21896  1.00198
20.29003  1.00151
20.36110  1.00188
20.43217  1.00222
20.50324  1.00253
20.57430  1.00240
20.64537  1.00171
20.71644  1.00240
20.78751  1.00261
20.85858  1.00238
20.92965  1.00170
21.00071  1.00158
21.07178  1.00184
21.14285  1.00276
21.21392  1.00255
21.28499  1.00101
