 0.03553      inf      nan
 0.10660      inf      nan
 0.17767      inf      nan
 0.24874      inf      nan
 0.31981      inf      nan
 0.39088      inf      nan
 0.46194      inf      nan
 0.53301      inf      nan
 0.60408      inf      nan
 0.67515      inf      nan
 0.74622      inf      nan
 0.81729      inf      nan
 0.88836      inf      nan
 0.95942      inf      nan
 1.03049      inf      nan
 1.10156      inf      nan
 1.17263      inf      nan
 1.24370      inf      nan
 1.31477      inf      nan
 1.38583      inf      nan
 1.45690      inf      nan
 1.52797      inf      nan
 1.59904      inf      nan
 1.67011      inf      nan
 1.74118      inf      nan
 1.81224      inf      nan
 1.88331      inf      nan
 1.95438      inf      nan
 2.02545      inf      nan
 2.09652      inf      nan
 2.16759      inf      nan
 2.23865      inf      nan
 2.30972      inf      nan
 2.38079      inf      nan
 2.45186      inf      nan
 2.52293      inf      nan
 2.59400      inf      nan
 2.66507      inf      nan
 2.73613      inf      nan
 2.80720      inf      nan
 2.87827      inf      nan
 2.94934      inf      nan
 3.02041      inf      nan
 3.09148      inf      nan
 3.16254      inf      nan
 3.23361      inf      nan
 3.30468      inf      nan
 3.37575      inf      nan
 3.44682      inf      nan
 3.51789  4.41213  0.56180
 3.58895  3.28383  0.21842
 3.66002  2.27521  0.09401
 3.73109  1.52344  0.05256
 3.80216  0.79059  0.02615
 3.87323  0.14598  0.01512
 3.94430 -0.41446  0.01159
 4.01537 -0.86202  0.00853
 4.08643 -1.19701  0.00699
 4.15750 -1.32131  0.00701
 4.22857 -1.28316  0.00725
 4.29964 -1.11547  0.00695
 4.37071 -0.94990  0.00688
 4.44178 -0.86917  0.00738
 4.51284 -0.85629  0.00791
 4.58391 -0.86180  0.00695
 4.65498 -0.88614  0.00646
 4.72605 -0.88075  0.00710
 4.79712 -0.85980  0.00720
 4.86819 -0.81994  0.00665
 4.93925 -0.76538  0.00697
 5.01032 -0.69310  0.00690
 5.08139 -0.60425  0.00688
 5.15246 -0.52270  0.00729
 5.22353 -0.44556  0.00862
 5.29460 -0.38494  0.00878
 5.36566 -0.33472  0.00865
 5.43673 -0.30075  0.00833
 5.50780 -0.27403  0.00867
 5.57887 -0.25549  0.00845
 5.64994 -0.25917  0.00805
 5.72101 -0.24377  0.00798
 5.79208 -0.25076  0.00883
 5.86314 -0.23616  0.00793
 5.93421 -0.25141  0.00820
 6.00528 -0.26467  0.00791
 6.07635 -0.27088  0.00812
 6.14742 -0.27518  0.00725
 6.21849 -0.28041  0.00713
 6.28955 -0.30778  0.00729
 6.36062 -0.30686  0.00606
 6.43169 -0.31435  0.00714
 6.50276 -0.32035  0.00724
 6.57383 -0.33780  0.00686
 6.64490 -0.33224  0.00681
 6.71596 -0.32885  0.00740
 6.78703 -0.32773  0.00655
 6.85810 -0.30605  0.00633
 6.92917 -0.30810  0.00697
 7.00024 -0.28106  0.00686
 7.07131 -0.27474  0.00665
 7.14237 -0.25380  0.00674
 7.21344 -0.22569  0.00670
 7.28451 -0.21151  0.00664
 7.35558 -0.20008  0.00612
 7.42665 -0.16928  0.00673
 7.49772 -0.14561  0.00672
 7.56879 -0.12178  0.00686
 7.63985 -0.10061  0.00617
 7.71092 -0.08484  0.00681
 7.78199 -0.07379  0.00713
 7.85306 -0.05999  0.00654
 7.92413 -0.05025  0.00691
 7.99520 -0.04469  0.00686
 8.06626 -0.04217  0.00667
 8.13733 -0.04845  0.00686
 8.20840 -0.03667  0.00611
 8.27947 -0.04346  0.00646
 8.35054 -0.05383  0.00644
 8.42161 -0.05852  0.00593
 8.49267 -0.05251  0.00662
 8.56374 -0.06533  0.00640
 8.63481 -0.06730  0.00630
 8.70588 -0.06195  0.00646
 8.77695 -0.06870  0.00669
 8.84802 -0.07246  0.00624
 8.91909 -0.07997  0.00620
 8.99015 -0.07633  0.00636
 9.06122 -0.07695  0.00628
 9.13229 -0.08876  0.00555
 9.20336 -0.08050  0.00593
 9.27443 -0.08554  0.00611
 9.34550 -0.06993  0.00570
 9.41656 -0.07145  0.00604
 9.48763 -0.07536  0.00580
 9.55870 -0.06772  0.00561
 9.62977 -0.06065  0.00625
 9.70084 -0.06349  0.00575
 9.77191 -0.04660  0.00581
 9.84297 -0.04789  0.00561
 9.91404 -0.04324  0.00560
 9.98511 -0.03723  0.00566
10.05618 -0.03330  0.00539
10.12725 -0.03663  0.00511
10.19832 -0.03065  0.00544
10.26938 -0.03962  0.00575
10.34045 -0.03386  0.00518
10.41152 -0.02837  0.00558
10.48259 -0.03369  0.00547
10.55366 -0.02313  0.00573
10.62473 -0.02781  0.00570
10.69580 -0.02031  0.00552
10.76686 -0.02976  0.00551
10.83793 -0.02332  0.00573
10.90900 -0.02534  0.00536
10.98007 -0.01899  0.00516
11.05114 -0.01978  0.00514
11.12221 -0.02174  0.00531
11.19327 -0.02764  0.00511
11.26434 -0.02582  0.00541
11.33541 -0.02102  0.00497
11.40648 -0.03002  0.00512
11.47755 -0.02828  0.00480
11.54862 -0.01221  0.00500
11.61968 -0.01937  0.00502
11.69075 -0.02089  0.00465
11.76182 -0.01302  0.00504
11.83289 -0.01189  0.00484
11.90396 -0.01617  0.00468
11.97503 -0.01637  0.00489
12.04610 -0.02163  0.00470
12.11716 -0.00899  0.00472
12.18823 -0.01372  0.00477
12.25930 -0.01461  0.00498
12.33037  0.00144  0.00466
12.40144 -0.01004  0.00421
12.47251 -0.00262  0.00473
12.54357 -0.00429  0.00438
12.61464 -0.00163  0.00421
12.68571 -0.00640  0.00486
12.75678  0.00325  0.00461
12.82785 -0.00597  0.00467
12.89892 -0.00256  0.00472
12.96998 -0.00293  0.00421
13.04105  0.00144  0.00453
13.11212 -0.00457  0.00442
13.18319 -0.00078  0.00418
13.25426  0.00356  0.00426
13.32533 -0.00241  0.00381
13.39639 -0.00081  0.00416
13.46746 -0.00050  0.00440
13.53853  0.00564  0.00397
13.60960  0.00074  0.00421
13.68067 -0.00083  0.00418
13.75174  0.00424  0.00398
13.82281  0.00409  0.00426
13.89387  0.00444  0.00432
13.96494  0.00507  0.00409
14.03601  0.00340  0.00402
14.10708  0.00588  0.00405
14.17815  0.00544  0.00388
14.24922  0.00605  0.00380
14.32028 -0.00135  0.00405
14.39135  0.00278  0.00380
14.46242  0.00725  0.00363
14.53349  0.01242  0.00379
14.60456  0.00689  0.00404
14.67563  0.00666  0.00379
14.74669  0.00422  0.00410
14.81776  0.01064  0.00376
14.88883  0.00716  0.00372
14.95990  0.01567  0.00337
15.03097  0.00818  0.00373
15.10204  0.01788  0.00359
15.17310  0.01541  0.00351
15.24417  0.01276  0.00352
15.31524  0.01184  0.00368
15.38631  0.01133  0.00312
15.45738  0.01111  0.00354
15.52845  0.01203  0.00379
15.59952  0.01471  0.00386
15.67058  0.00996  0.00357
15.74165  0.01167  0.00307
15.81272  0.01404  0.00343
15.88379  0.01603  0.00365
15.95486  0.01125  0.00358
16.02593  0.01122  0.00315
16.09699  0.01699  0.00353
16.16806  0.01615  0.00334
16.23913  0.01447  0.00317
16.31020  0.01758  0.00333
16.38127  0.01373  0.00351
16.45234  0.01388  0.00301
16.52340  0.01745  0.00364
16.59447  0.01554  0.00344
16.66554  0.01269  0.00326
16.73661  0.01520  0.00358
16.80768  0.01600  0.00333
16.87875  0.01875  0.00291
16.94982  0.01503  0.00308
17.02088  0.01347  0.00295
17.09195  0.01214  0.00303
17.16302  0.01644  0.00339
17.23409  0.01280  0.00312
17.30516  0.02022  0.00278
17.37623  0.01444  0.00281
17.44729  0.00840  0.00330
17.51836  0.01299  0.00303
17.58943  0.01662  0.00336
17.66050  0.01799  0.00313
17.73157  0.01344  0.00297
17.80264  0.01638  0.00306
17.87370  0.01417  0.00288
17.94477  0.01461  0.00299
18.01584  0.01182  0.00324
18.08691  0.01731  0.00310
18.15798  0.01571  0.00286
18.22905  0.01883  0.00280
18.30011  0.01474  0.00297
18.37118  0.01655  0.00280
18.44225  0.01642  0.00281
18.51332  0.01967  0.00291
18.58439  0.01746  0.00285
18.65546  0.01398  0.00300
18.72653  0.01918  0.00280
18.79759  0.01723  0.00288
18.86866  0.02403  0.00290
18.93973  0.01937  0.00304
19.01080  0.01628  0.00296
19.08187  0.02179  0.00271
19.15294  0.02457  0.00297
19.22400  0.01784  0.00287
19.29507  0.01729  0.00297
19.36614  0.01706  0.00235
19.43721  0.02097  0.00288
19.50828  0.02006  0.00280
19.57935  0.02073  0.00259
19.65041  0.01822  0.00300
19.72148  0.01703  0.00283
19.79255  0.01948  0.00284
19.86362  0.01810  0.00261
19.93469  0.01931  0.00275
20.00576  0.01752  0.00262
20.07683  0.02167  0.00279
20.14789  0.02440  0.00270
20.21896  0.02143  0.00273
20.29003  0.01714  0.00289
20.36110  0.02002  0.00269
20.43217  0.02268  0.00291
20.50324  0.02343  0.00293
20.57430  0.01799  0.00281
20.64537  0.02141  0.00273
20.71644  0.01820  0.00261
20.78751  0.01773  0.00271
20.85858  0.02361  0.00245
20.92965  0.01612  0.00283
21.00071  0.01713  0.00273
21.07178  0.02251  0.00261
21.14285  0.01741  0.00255
21.21392  0.01887  0.00254
21.28499  0.01732  0.00242
