 0.03553      inf
 0.10660      inf
 0.17767      inf
 0.24874      inf
 0.31981      inf
 0.39088      inf
 0.46194      inf
 0.53301      inf
 0.60408      inf
 0.67515      inf
 0.74622      inf
 0.81729      inf
 0.88836      inf
 0.95942      inf
 1.03049      inf
 1.10156      inf
 1.17263      inf
 1.24370      inf
 1.31477      inf
 1.38583      inf
 1.45690      inf
 1.52797      inf
 1.59904      inf
 1.67011      inf
 1.74118      inf
 1.81224      inf
 1.88331      inf
 1.95438      inf
 2.02545      inf
 2.09652      inf
 2.16759      inf
 2.23865      inf
 2.30972      inf
 2.38079      inf
 2.45186      inf
 2.52293      inf
 2.59400      inf
 2.66507      inf
 2.73613      inf
 2.80720      inf
 2.87827      inf
 2.94934  5.39505
 3.02041  3.84975
 3.09148  2.66096
 3.16254  1.68344
 3.23361  0.96165
 3.30468  0.44742
 3.37575  0.10771
 3.44682 -0.10424
 3.51789 -0.23374
 3.58895 -0.30801
 3.66002 -0.34444
 3.73109 -0.35374
 3.80216 -0.34141
 3.87323 -0.30799
 3.94430 -0.25063
 4.01537 -0.16872
 4.08643 -0.06605
 4.15750  0.05123
 4.22857  0.15741
 4.29964  0.23432
 4.37071  0.26866
 4.44178  0.27778
 4.51284  0.26305
 4.58391  0.23944
 4.65498  0.20533
 4.72605  0.16896
 4.79712  0.13410
 4.86819  0.10337
 4.93925  0.07628
 5.01032  0.04936
 5.08139  0.03164
 5.15246  0.01574
 5.22353  0.00200
 5.29460 -0.00809
 5.36566 -0.01448
 5.43673 -0.02231
 5.50780 -0.02732
 5.57887 -0.03191
 5.64994 -0.03439
 5.72101 -0.03786
 5.79208 -0.04058
 5.86314 -0.04362
 5.93421 -0.04296
 6.00528 -0.04401
 6.07635 -0.04224
 6.14742 -0.03867
 6.21849 -0.03274
 6.28955 -0.02301
 6.36062 -0.01360
 6.43169 -0.00389
 6.50276  0.00701
 6.57383  0.01689
 6.64490  0.02534
 6.71596  0.03202
 6.78703  0.03641
 6.85810  0.03975
 6.92917  0.04136
 7.00024  0.03896
 7.07131  0.03709
 7.14237  0.03130
 7.21344  0.02772
 7.28451  0.02336
 7.35558  0.01753
 7.42665  0.01230
 7.49772  0.00735
 7.56879  0.00372
 7.63985  0.00001
 7.71092 -0.00312
 7.78199 -0.00514
 7.85306 -0.00657
 7.92413 -0.00800
 7.99520 -0.00715
 8.06626 -0.00763
 8.13733 -0.00822
 8.20840 -0.00702
 8.27947 -0.00660
 8.35054 -0.00594
 8.42161 -0.00420
 8.49267 -0.00287
 8.56374 -0.00235
 8.63481 -0.00207
 8.70588 -0.00027
 8.77695  0.00151
 8.84802  0.00291
 8.91909  0.00333
 8.99015  0.00242
 9.06122  0.00413
 9.13229  0.00470
 9.20336  0.00509
 9.27443  0.00530
 9.34550  0.00469
 9.41656  0.00375
 9.48763  0.00340
 9.55870  0.00300
 9.62977  0.00245
 9.70084  0.00109
 9.77191  0.00049
 9.84297 -0.00034
 9.91404 -0.00131
 9.98511 -0.00132
10.05618 -0.00254
10.12725 -0.00228
10.19832 -0.00157
10.26938 -0.00129
10.34045 -0.00216
10.41152 -0.00106
10.48259 -0.00197
10.55366 -0.00209
10.62473 -0.00113
10.69580 -0.00099
10.76686 -0.00016
10.83793 -0.00020
10.90900  0.00037
10.98007 -0.00060
11.05114  0.00057
11.12221  0.00061
11.19327  0.00076
11.26434  0.00041
11.33541  0.00106
11.40648  0.00123
11.47755  0.00015
11.54862  0.00067
11.61968  0.00004
11.69075 -0.00033
11.76182  0.00020
11.83289 -0.00067
11.90396 -0.00016
11.97503 -0.00081
12.04610 -0.00128
12.11716 -0.00017
12.18823 -0.00171
12.25930 -0.00144
12.33037 -0.00109
12.40144 -0.00139
12.47251 -0.00121
12.54357 -0.00181
12.61464 -0.00164
12.68571 -0.00158
12.75678 -0.00172
12.82785 -0.00074
12.89892 -0.00157
12.96998 -0.00109
13.04105 -0.00078
13.11212 -0.00036
13.18319 -0.00052
13.25426 -0.00068
13.32533 -0.00025
13.39639 -0.00030
13.46746 -0.00085
13.53853 -0.00050
13.60960 -0.00104
13.68067 -0.00063
13.75174 -0.00028
13.82281 -0.00078
13.89387 -0.00090
13.96494 -0.00087
14.03601 -0.00060
14.10708 -0.00102
14.17815 -0.00136
14.24922 -0.00078
14.32028 -0.00130
14.39135 -0.00122
14.46242 -0.00076
14.53349 -0.00060
14.60456 -0.00035
14.67563 -0.00140
14.74669 -0.00121
14.81776 -0.00078
14.88883 -0.00117
14.95990 -0.00137
15.03097 -0.00118
15.10204 -0.00106
15.17310 -0.00074
15.24417 -0.00167
15.31524 -0.00136
15.38631 -0.00081
15.45738 -0.00091
15.52845 -0.00100
15.59952 -0.00152
15.67058 -0.00118
15.74165 -0.00116
15.81272 -0.00161
15.88379 -0.00104
15.95486 -0.00159
16.02593 -0.00157
16.09699 -0.00027
16.16806 -0.00072
16.23913 -0.00118
16.31020 -0.00118
16.38127 -0.00129
16.45234 -0.00136
16.52340 -0.00082
16.59447 -0.00106
16.66554 -0.00159
16.73661 -0.00110
16.80768 -0.00071
16.87875 -0.00134
16.94982 -0.00113
17.02088 -0.00119
17.09195 -0.00112
17.16302 -0.00119
17.23409 -0.00182
17.30516 -0.00144
17.37623 -0.00144
17.44729 -0.00096
17.51836 -0.00077
17.58943 -0.00130
17.66050 -0.00144
17.73157 -0.00127
17.80264 -0.00064
17.87370 -0.00116
17.94477 -0.00117
18.01584 -0.00109
18.08691 -0.00158
18.15798 -0.00118
18.22905 -0.00126
18.30011 -0.00132
18.37118 -0.00134
18.44225 -0.00129
18.51332 -0.00089
18.58439 -0.00100
18.65546 -0.00123
18.72653 -0.00135
18.79759 -0.00113
18.86866 -0.00135
18.93973 -0.00149
19.01080 -0.00128
19.08187 -0.00112
19.15294 -0.00082
19.22400 -0.00107
19.29507 -0.00098
19.36614 -0.00112
19.43721 -0.00115
19.50828 -0.00145
19.57935 -0.00128
19.65041 -0.00097
19.72148 -0.00097
19.79255 -0.00128
19.86362 -0.00161
19.93469 -0.00130
20.00576 -0.00150
20.07683 -0.00148
20.14789 -0.00119
20.21896 -0.00111
20.29003 -0.00166
20.36110 -0.00112
20.43217 -0.00126
20.50324 -0.00102
20.57430 -0.00123
20.64537 -0.00099
20.71644 -0.00107
20.78751 -0.00135
20.85858 -0.00100
20.92965 -0.00131
21.00071 -0.00119
21.07178 -0.00100
21.14285 -0.00112
21.21392 -0.00149
21.28499 -0.00085
