 0.03553      inf
 0.10660      inf
 0.17767      inf
 0.24874      inf
 0.31981      inf
 0.39088      inf
 0.46194      inf
 0.53301      inf
 0.60408      inf
 0.67515      inf
 0.74622      inf
 0.81729      inf
 0.88836      inf
 0.95942      inf
 1.03049      inf
 1.10156      inf
 1.17263      inf
 1.24370      inf
 1.31477      inf
 1.38583      inf
 1.45690      inf
 1.52797      inf
 1.59904      inf
 1.67011      inf
 1.74118      inf
 1.81224      inf
 1.88331      inf
 1.95438      inf
 2.02545      inf
 2.09652      inf
 2.16759      inf
 2.23865      inf
 2.30972      inf
 2.38079      inf
 2.45186      inf
 2.52293      inf
 2.59400      inf
 2.66507      inf
 2.73613      inf
 2.80720  5.46867
 2.87827  4.05240
 2.94934  3.07992
 3.02041  2.31431
 3.09148  1.71912
 3.16254  1.14870
 3.23361  0.62263
 3.30468  0.22778
 3.37575 -0.03143
 3.44682 -0.19765
 3.51789 -0.31366
 3.58895 -0.38806
 3.66002 -0.42251
 3.73109 -0.41930
 3.80216 -0.38031
 3.87323 -0.32083
 3.94430 -0.24802
 4.01537 -0.17938
 4.08643 -0.12241
 4.15750 -0.07744
 4.22857 -0.04351
 4.29964 -0.01815
 4.37071  0.00539
 4.44178  0.02487
 4.51284  0.04467
 4.58391  0.06039
 4.65498  0.07748
 4.72605  0.08670
 4.79712  0.09827
 4.86819  0.10446
 4.93925  0.10999
 5.01032  0.11338
 5.08139  0.11477
 5.15246  0.11161
 5.22353  0.10875
 5.29460  0.09935
 5.36566  0.09134
 5.43673  0.08217
 5.50780  0.06989
 5.57887  0.05556
 5.64994  0.04395
 5.72101  0.03257
 5.79208  0.02200
 5.86314  0.01298
 5.93421  0.00575
 6.00528 -0.00040
 6.07635 -0.00369
 6.14742 -0.00764
 6.21849 -0.00722
 6.28955 -0.00646
 6.36062 -0.00257
 6.43169  0.00044
 6.50276  0.00513
 6.57383  0.00802
 6.64490  0.01214
 6.71596  0.01505
 6.78703  0.01600
 6.85810  0.01601
 6.92917  0.01634
 7.00024  0.01527
 7.07131  0.01521
 7.14237  0.01142
 7.21344  0.00990
 7.28451  0.00884
 7.35558  0.00787
 7.42665  0.00573
 7.49772  0.00372
 7.56879  0.00189
 7.63985  0.00179
 7.71092  0.00012
 7.78199 -0.00064
 7.85306 -0.00203
 7.92413 -0.00201
 7.99520 -0.00285
 8.06626 -0.00179
 8.13733 -0.00210
 8.20840 -0.00198
 8.27947  0.00061
 8.35054  0.00146
 8.42161  0.00194
 8.49267  0.00279
 8.56374  0.00457
 8.63481  0.00483
 8.70588  0.00541
 8.77695  0.00527
 8.84802  0.00628
 8.91909  0.00726
 8.99015  0.00701
 9.06122  0.00660
 9.13229  0.00674
 9.20336  0.00532
 9.27443  0.00557
 9.34550  0.00528
 9.41656  0.00405
 9.48763  0.00294
 9.55870  0.00275
 9.62977  0.00243
 9.70084  0.00153
 9.77191  0.00030
 9.84297  0.00015
 9.91404 -0.00081
 9.98511 -0.00092
10.05618 -0.00173
10.12725 -0.00101
10.19832 -0.00178
10.26938 -0.00142
10.34045 -0.00134
10.41152 -0.00101
10.48259 -0.00035
10.55366 -0.00120
10.62473 -0.00066
10.69580 -0.00176
10.76686 -0.00059
10.83793  0.00050
10.90900  0.00003
10.98007  0.00038
11.05114  0.00038
11.12221  0.00030
11.19327  0.00106
11.26434  0.00100
11.33541  0.00046
11.40648  0.00132
11.47755  0.00057
11.54862  0.00054
11.61968  0.00087
11.69075  0.00082
11.76182 -0.00064
11.83289 -0.00078
11.90396  0.00027
11.97503  0.00022
12.04610 -0.00075
12.11716 -0.00058
12.18823 -0.00067
12.25930 -0.00096
12.33037  0.00098
12.40144 -0.00076
12.47251 -0.00015
12.54357 -0.00025
12.61464 -0.00058
12.68571 -0.00048
12.75678 -0.00116
12.82785 -0.00078
12.89892 -0.00134
12.96998 -0.00154
13.04105 -0.00086
13.11212 -0.00011
13.18319 -0.00034
13.25426 -0.00080
13.32533 -0.00072
13.39639 -0.00045
13.46746 -0.00075
13.53853 -0.00044
13.60960 -0.00000
13.68067 -0.00116
13.75174 -0.00024
13.82281 -0.00073
13.89387 -0.00121
13.96494 -0.00087
14.03601 -0.00077
14.10708 -0.00098
14.17815 -0.00022
14.24922 -0.00087
14.32028 -0.00086
14.39135 -0.00099
14.46242 -0.00130
14.53349 -0.00065
14.60456 -0.00169
14.67563 -0.00082
14.74669 -0.00107
14.81776 -0.00121
14.88883 -0.00119
14.95990 -0.00112
15.03097 -0.00070
15.10204 -0.00120
15.17310 -0.00083
15.24417 -0.00093
15.31524 -0.00095
15.38631 -0.00084
15.45738 -0.00102
15.52845 -0.00088
15.59952 -0.00137
15.67058 -0.00047
15.74165 -0.00098
15.81272 -0.00089
15.88379 -0.00109
15.95486 -0.00068
16.02593 -0.00065
16.09699 -0.00090
16.16806 -0.00121
16.23913 -0.00048
16.31020 -0.00149
16.38127 -0.00083
16.45234 -0.00147
16.52340 -0.00092
16.59447 -0.00141
16.66554 -0.00063
16.73661 -0.00080
16.80768 -0.00099
16.87875 -0.00108
16.94982 -0.00135
17.02088 -0.00131
17.09195 -0.00102
17.16302 -0.00057
17.23409 -0.00116
17.30516 -0.00175
17.37623 -0.00113
17.44729 -0.00107
17.51836 -0.00108
17.58943 -0.00060
17.66050 -0.00115
17.73157 -0.00093
17.80264 -0.00080
17.87370 -0.00102
17.94477 -0.00114
18.01584 -0.00151
18.08691 -0.00152
18.15798 -0.00149
18.22905 -0.00069
18.30011 -0.00126
18.37118 -0.00093
18.44225 -0.00106
18.51332 -0.00114
18.58439 -0.00079
18.65546 -0.00152
18.72653 -0.00114
18.79759 -0.00101
18.86866 -0.00180
18.93973 -0.00126
19.01080 -0.00102
19.08187 -0.00168
19.15294 -0.00107
19.22400 -0.00080
19.29507 -0.00149
19.36614 -0.00133
19.43721 -0.00083
19.50828 -0.00095
19.57935 -0.00138
19.65041 -0.00106
19.72148 -0.00131
19.79255 -0.00110
19.86362 -0.00115
19.93469 -0.00092
20.00576 -0.00076
20.07683 -0.00079
20.14789 -0.00090
20.21896 -0.00117
20.29003 -0.00089
20.36110 -0.00111
20.43217 -0.00131
20.50324 -0.00149
20.57430 -0.00142
20.64537 -0.00101
20.71644 -0.00142
20.78751 -0.00154
20.85858 -0.00141
20.92965 -0.00101
21.00071 -0.00093
21.07178 -0.00109
21.14285 -0.00163
21.21392 -0.00151
21.28499 -0.00060
