 0.03559  0.00000      nan
 0.10676  0.00000      nan
 0.17793  0.00000      nan
 0.24910  0.00000      nan
 0.32027  0.00000      nan
 0.39144  0.00000      nan
 0.46261  0.00000      nan
 0.53378  0.00000      nan
 0.60495  0.00000      nan
 0.67612  0.00000      nan
 0.74729  0.00000      nan
 0.81846  0.00000      nan
 0.88964  0.00000      nan
 0.96081  0.00000      nan
 1.03198  0.00000      nan
 1.10315  0.00000      nan
 1.17432  0.00000      nan
 1.24549  0.00000      nan
 1.31666  0.00000      nan
 1.38783  0.00000      nan
 1.45900  0.00000      nan
 1.53017  0.00000      nan
 1.60134  0.00000      nan
 1.67251  0.00000      nan
 1.74368  0.00000      nan
 1.81486  0.00000      nan
 1.88603  0.00000      nan
 1.95720  0.00000      nan
 2.02837  0.00000      nan
 2.09954  0.00000      nan
 2.17071  0.00000      nan
 2.24188  0.00000      nan
 2.31305  0.00000      nan
 2.38422  0.00000      nan
 2.45539  0.00000      nan
 2.52656  0.00000      nan
 2.59773  0.00000      nan
 2.66891  0.00000      nan
 2.74008  0.00000      nan
 2.81125  0.00000      nan
 2.88242  0.00000      nan
 2.95359  0.00000      nan
 3.02476  0.00000      nan
 3.09593  0.00225  0.00134
 3.16710  0.01004  0.00244
 3.23827  0.07891  0.00687
 3.30944  0.24373  0.01231
 3.38061  0.67429  0.02135
 3.45178  1.39984  0.03172
 3.52296  2.02679  0.03393
 3.59413  2.74273  0.04510
 3.66530  2.88149  0.04561
 3.73647  2.96397  0.04398
 3.80764  2.96885  0.04198
 3.87881  2.96804  0.03855
 3.94998  2.96350  0.03923
 4.02115  2.86042  0.04129
 4.09232  2.74375  0.04048
 4.16349  2.61589  0.03780
 4.23466  2.32968  0.03393
 4.30583  2.00686  0.02704
 4.37700  1.78138  0.02796
 4.44818  1.57064  0.02434
 4.51935  1.40389  0.02316
 4.59052  1.30641  0.02059
 4.66169  1.26285  0.01936
 4.73286  1.20749  0.02083
 4.80403  1.20222  0.02144
 4.87520  1.20098  0.02000
 4.94637  1.24872  0.02014
 5.01754  1.27757  0.01997
 5.08871  1.34351  0.02115
 5.15988  1.37427  0.02126
 5.23105  1.40260  0.02048
 5.30223  1.47910  0.02004
 5.37340  1.47257  0.02215
 5.44457  1.51880  0.02041
 5.51574  1.48955  0.02108
 5.58691  1.53345  0.01824
 5.65808  1.51017  0.01833
 5.72925  1.48626  0.01747
 5.80042  1.50540  0.01888
 5.87159  1.51338  0.01762
 5.94276  1.47877  0.01916
 6.01393  1.47283  0.01629
 6.08510  1.42808  0.01826
 6.15628  1.44955  0.01757
 6.22745  1.41290  0.01811
 6.29862  1.39711  0.01768
 6.36979  1.37121  0.01712
 6.44096  1.36432  0.01486
 6.51213  1.32329  0.01511
 6.58330  1.32754  0.01656
 6.65447  1.28646  0.01571
 6.72564  1.23218  0.01286
 6.79681  1.21725  0.01470
 6.86798  1.19048  0.01499
 6.93915  1.18322  0.01418
 7.01032  1.15507  0.01244
 7.08150  1.13570  0.01284
 7.15267  1.11321  0.01330
 7.22384  1.10311  0.01303
 7.29501  1.10765  0.01335
 7.36618  1.07746  0.01356
 7.43735  1.08582  0.01132
 7.50852  1.10120  0.01174
 7.57969  1.07310  0.01156
 7.65086  1.08691  0.01150
 7.72203  1.09279  0.01183
 7.79320  1.10538  0.01142
 7.86437  1.11932  0.01157
 7.93555  1.09751  0.01137
 8.00672  1.13039  0.01207
 8.07789  1.09732  0.01199
 8.14906  1.11508  0.01127
 8.22023  1.10736  0.01131
 8.29140  1.12056  0.01167
 8.36257  1.12029  0.01014
 8.43374  1.12190  0.01057
 8.50491  1.11564  0.01133
 8.57608  1.12792  0.01056
 8.64725  1.12713  0.01054
 8.71842  1.11127  0.01027
 8.78960  1.11467  0.01064
 8.86077  1.10151  0.00994
 8.93194  1.10658  0.00980
 9.00311  1.09448  0.00805
 9.07428  1.08253  0.01079
 9.14545  1.08691  0.01023
 9.21662  1.09095  0.01014
 9.28779  1.06678  0.00894
 9.35896  1.06951  0.00975
 9.43013  1.06395  0.00941
 9.50130  1.06728  0.00893
 9.57247  1.06458  0.00927
 9.64364  1.05535  0.00946
 9.71482  1.05123  0.00999
 9.78599  1.06252  0.00877
 9.85716  1.03612  0.00893
 9.92833  1.05621  0.00919
 9.99950  1.05015  0.00955
10.07067  1.04373  0.00840
10.14184  1.06398  0.00910
10.21301  1.04644  0.00916
10.28418  1.03684  0.00925
10.35535  1.05759  0.00864
10.42652  1.04506  0.00776
10.49769  1.04158  0.00876
10.56887  1.02586  0.00909
10.64004  1.03544  0.00794
10.71121  1.03653  0.00913
10.78238  1.05489  0.00844
10.85355  1.05155  0.00873
10.92472  1.03602  0.00751
10.99589  1.04937  0.00803
11.06706  1.03710  0.00819
11.13823  1.02690  0.00665
11.20940  1.04288  0.00853
11.28057  1.05436  0.00786
11.35174  1.02917  0.00691
11.42292  1.04027  0.00790
11.49409  1.05281  0.00737
11.56526  1.03015  0.00790
11.63643  1.01833  0.00745
11.70760  1.02258  0.00698
11.77877  1.01752  0.00795
11.84994  1.01538  0.00738
11.92111  1.01671  0.00683
11.99228  1.01863  0.00712
12.06345  1.02860  0.00754
12.13462  1.01980  0.00716
12.20579  1.02523  0.00661
12.27696  1.02159  0.00736
12.34814  1.01825  0.00688
12.41931  1.02919  0.00775
12.49048  1.01325  0.00670
12.56165  1.00796  0.00710
12.63282  1.01819  0.00748
12.70399  1.00904  0.00654
12.77516  1.02380  0.00637
12.84633  1.00830  0.00700
12.91750  1.00964  0.00683
12.98867  1.02253  0.00630
13.05984  1.00264  0.00712
13.13101  1.01409  0.00664
13.20219  1.01107  0.00646
13.27336  1.01014  0.00706
13.34453  1.01891  0.00607
13.41570  1.01220  0.00697
13.48687  1.00543  0.00658
13.55804  1.00876  0.00643
13.62921  1.01564  0.00596
13.70038  1.01244  0.00638
13.77155  1.01012  0.00608
13.84272  0.99841  0.00679
13.91389  0.99432  0.00637
13.98506  1.00986  0.00573
14.05624  0.99737  0.00591
14.12741  0.99084  0.00617
14.19858  1.01584  0.00666
14.26975  1.00973  0.00579
14.34092  1.00480  0.00574
14.41209  1.00412  0.00624
14.48326  0.99218  0.00604
14.55443  1.00108  0.00444
14.62560  1.00939  0.00596
14.69677  0.99491  0.00585
14.76794  0.99610  0.00602
14.83911  0.98948  0.00555
14.91028  0.99938  0.00589
14.98146  1.00516  0.00589
15.05263  0.99682  0.00553
15.12380  1.00949  0.00599
15.19497  1.01012  0.00593
15.26614  0.99180  0.00603
15.33731  0.99081  0.00554
15.40848  1.00608  0.00579
15.47965  1.00327  0.00533
15.55082  0.99941  0.00572
15.62199  1.00282  0.00476
15.69316  1.00140  0.00526
15.76433  0.99256  0.00572
15.83551  1.00188  0.00560
15.90668  0.98912  0.00506
15.97785  1.00437  0.00586
16.04902  1.00126  0.00521
16.12019  0.99906  0.00485
16.19136  0.99686  0.00592
16.26253  0.99367  0.00528
16.33370  1.00688  0.00481
16.40487  0.99137  0.00513
16.47604  0.99311  0.00486
16.54721  0.99465  0.00496
16.61838  0.99962  0.00504
16.68956  1.00336  0.00532
16.76073  0.99296  0.00493
16.83190  0.98577  0.00486
16.90307  0.99313  0.00549
16.97424  0.98427  0.00530
17.04541  0.99907  0.00475
17.11658  0.99417  0.00484
17.18775  0.98815  0.00515
17.25892  0.99258  0.00477
17.33009  0.99522  0.00431
17.40126  0.99511  0.00471
17.47243  0.99058  0.00517
17.54360  0.99284  0.00502
17.61478  0.99613  0.00493
17.68595  0.98192  0.00493
17.75712  0.99433  0.00389
17.82829  0.98812  0.00478
17.89946  0.99153  0.00495
17.97063  0.98848  0.00494
18.04180  0.98106  0.00454
18.11297  0.99727  0.00422
18.18414  0.98980  0.00479
18.25531  0.99380  0.00472
18.32648  0.99253  0.00437
18.39765  0.98437  0.00493
18.46883  0.99385  0.00501
18.54000  0.99322  0.00474
18.61117  0.99067  0.00475
18.68234  0.99163  0.00423
18.75351  0.99302  0.00384
18.82468  0.98832  0.00451
18.89585  0.98799  0.00469
18.96702  0.98825  0.00469
19.03819  0.98909  0.00422
19.10936  0.98702  0.00426
19.18053  0.98632  0.00431
19.25170  0.99045  0.00416
19.32288  0.99670  0.00418
19.39405  0.99047  0.00450
19.46522  0.98922  0.00440
19.53639  0.98964  0.00476
19.60756  0.99015  0.00473
19.67873  0.99112  0.00414
19.74990  0.99000  0.00430
19.82107  0.99074  0.00426
19.89224  0.98568  0.00379
19.96341  0.98475  0.00406
20.03458  0.98252  0.00369
20.10575  0.98716  0.00406
20.17692  0.98940  0.00416
20.24810  0.98987  0.00433
20.31927  0.99216  0.00414
20.39044  0.98975  0.00430
20.46161  0.98654  0.00433
20.53278  0.98818  0.00444
20.60395  0.98495  0.00445
20.67512  0.98729  0.00363
20.74629  0.97894  0.00431
20.81746  0.98808  0.00375
20.88863  0.98212  0.00373
20.95980  0.99037  0.00424
21.03097  0.98899  0.00431
21.10215  0.98191  0.00436
21.17332  0.98219  0.00421
21.24449  0.98431  0.00368
21.31566  0.98401  0.00400
