 0.03559  0.00000
 0.10676  0.00000
 0.17793  0.00000
 0.24910  0.00000
 0.32027  0.00000
 0.39144  0.00000
 0.46261  0.00000
 0.53378  0.00000
 0.60495  0.00000
 0.67612  0.00000
 0.74729  0.00000
 0.81846  0.00000
 0.88964  0.00000
 0.96081  0.00000
 1.03198  0.00000
 1.10315  0.00000
 1.17432  0.00000
 1.24549  0.00000
 1.31666  0.00000
 1.38783  0.00000
 1.45900  0.00000
 1.53017  0.00000
 1.60134  0.00000
 1.67251  0.00000
 1.74368  0.00000
 1.81486  0.00000
 1.88603  0.00000
 1.95720  0.00000
 2.02837  0.00000
 2.09954  0.00000
 2.17071  0.00000
 2.24188  0.00000
 2.31305  0.00000
 2.38422  0.00000
 2.45539  0.00000
 2.52656  0.00000
 2.59773  0.00000
 2.66891  0.00000
 2.74008  0.00000
 2.81125  0.00000
 2.88242  0.00000
 2.95359  0.00006
 3.02476  0.00114
 3.09593  0.00847
 3.16710  0.04102
 3.23827  0.13723
 3.30944  0.32905
 3.38061  0.59803
 3.45178  0.88033
 3.52296  1.10373
 3.59413  1.27019
 3.66530  1.35991
 3.73647  1.40479
 3.80764  1.41937
 3.87881  1.41005
 3.94998  1.38554
 4.02115  1.33276
 4.09232  1.25216
 4.16349  1.14434
 4.23466  1.03360
 4.30583  0.94758
 4.37700  0.89310
 4.44818  0.86068
 4.51935  0.84837
 4.59052  0.85322
 4.66169  0.86709
 4.73286  0.88675
 4.80403  0.90816
 4.87520  0.93501
 4.94637  0.95774
 5.01754  0.97069
 5.08871  0.98380
 5.15988  0.99211
 5.23105  1.00399
 5.30223  1.01138
 5.37340  1.00966
 5.44457  1.01376
 5.51574  1.01627
 5.58691  1.01547
 5.65808  1.01900
 5.72925  1.02026
 5.80042  1.02454
 5.87159  1.02559
 5.94276  1.02799
 6.01393  1.03278
 6.08510  1.03708
 6.15628  1.03543
 6.22745  1.03096
 6.29862  1.02499
 6.36979  1.01867
 6.44096  1.00746
 6.51213  1.00154
 6.58330  0.98956
 6.65447  0.98282
 6.72564  0.97299
 6.79681  0.96879
 6.86798  0.96422
 6.93915  0.96270
 7.01032  0.96331
 7.08150  0.96518
 7.15267  0.96813
 7.22384  0.97193
 7.29501  0.97763
 7.36618  0.98310
 7.43735  0.98858
 7.50852  0.99480
 7.57969  0.99959
 7.65086  1.00480
 7.72203  1.00840
 7.79320  1.01158
 7.86437  1.01464
 7.93555  1.01577
 8.00672  1.01854
 8.07789  1.01610
 8.14906  1.01907
 8.22023  1.01641
 8.29140  1.01520
 8.36257  1.01532
 8.43374  1.01338
 8.50491  1.01096
 8.57608  1.00868
 8.64725  1.00760
 8.71842  1.00238
 8.78960  1.00258
 8.86077  1.00145
 8.93194  1.00068
 9.00311  0.99961
 9.07428  0.99722
 9.14545  0.99577
 9.21662  0.99707
 9.28779  0.99534
 9.35896  0.99557
 9.43013  0.99530
 9.50130  0.99539
 9.57247  0.99611
 9.64364  0.99740
 9.71482  0.99937
 9.78599  0.99895
 9.85716  0.99900
 9.92833  1.00133
 9.99950  1.00380
10.07067  1.00328
10.14184  1.00429
10.21301  1.00686
10.28418  1.00628
10.35535  1.00654
10.42652  1.00614
10.49769  1.00643
10.56887  1.00731
10.64004  1.00676
10.71121  1.00543
10.78238  1.00622
10.85355  1.00405
10.92472  1.00666
10.99589  1.00507
11.06706  1.00434
11.13823  1.00372
11.20940  1.00210
11.28057  1.00318
11.35174  1.00221
11.42292  1.00264
11.49409  1.00213
11.56526  1.00338
11.63643  1.00137
11.70760  1.00179
11.77877  1.00301
11.84994  1.00244
11.92111  1.00133
11.99228  1.00210
12.06345  1.00138
12.13462  1.00092
12.20579  1.00380
12.27696  1.00166
12.34814  1.00290
12.41931  1.00292
12.49048  1.00264
12.56165  1.00379
12.63282  1.00270
12.70399  1.00386
12.77516  1.00362
12.84633  1.00402
12.91750  1.00254
12.98867  1.00359
13.05984  1.00329
13.13101  1.00228
13.20219  1.00225
13.27336  1.00205
13.34453  1.00336
13.41570  1.00135
13.48687  1.00151
13.55804  1.00271
13.62921  1.00243
13.70038  1.00314
13.77155  1.00061
13.84272  1.00256
13.91389  1.00211
13.98506  1.00277
14.05624  1.00247
14.12741  1.00257
14.19858  1.00186
14.26975  1.00158
14.34092  1.00220
14.41209  1.00224
14.48326  1.00250
14.55443  1.00241
14.62560  1.00251
14.69677  1.00221
14.76794  1.00251
14.83911  1.00197
14.91028  1.00253
14.98146  1.00136
15.05263  1.00303
15.12380  1.00201
15.19497  1.00214
15.26614  1.00185
15.33731  1.00277
15.40848  1.00149
15.47965  1.00254
15.55082  1.00248
15.62199  1.00223
15.69316  1.00266
15.76433  1.00233
15.83551  1.00224
15.90668  1.00202
15.97785  1.00204
16.04902  1.00190
16.12019  1.00207
16.19136  1.00161
16.26253  1.00133
16.33370  1.00163
16.40487  1.00152
16.47604  1.00209
16.54721  1.00232
16.61838  1.00179
16.68956  1.00210
16.76073  1.00246
16.83190  1.00221
16.90307  1.00217
16.97424  1.00202
17.04541  1.00144
17.11658  1.00143
17.18775  1.00219
17.25892  1.00257
17.33009  1.00213
17.40126  1.00167
17.47243  1.00145
17.54360  1.00154
17.61478  1.00244
17.68595  1.00194
17.75712  1.00124
17.82829  1.00207
17.89946  1.00201
17.97063  1.00148
18.04180  1.00261
18.11297  1.00220
18.18414  1.00171
18.25531  1.00221
18.32648  1.00160
18.39765  1.00128
18.46883  1.00130
18.54000  1.00166
18.61117  1.00189
18.68234  1.00078
18.75351  1.00193
18.82468  1.00137
18.89585  1.00192
18.96702  1.00226
19.03819  1.00165
19.10936  1.00171
19.18053  1.00187
19.25170  1.00196
19.32288  1.00194
19.39405  1.00140
19.46522  1.00200
19.53639  1.00172
19.60756  1.00228
19.67873  1.00131
19.74990  1.00175
19.82107  1.00176
19.89224  1.00231
19.96341  1.00126
20.03458  1.00119
20.10575  1.00167
20.17692  1.00193
20.24810  1.00163
20.31927  1.00130
20.39044  1.00159
20.46161  1.00187
20.53278  1.00245
20.60395  1.00231
20.67512  1.00120
20.74629  1.00277
20.81746  1.00197
20.88863  1.00167
20.95980  1.00198
21.03097  1.00170
21.10215  1.00106
21.17332  1.00191
21.24449  1.00135
21.31566  1.00073
