 0.03559  0.00000
 0.10676  0.00000
 0.17793  0.00000
 0.24910  0.00000
 0.32027  0.00000
 0.39144  0.00000
 0.46261  0.00000
 0.53378  0.00000
 0.60495  0.00000
 0.67612  0.00000
 0.74729  0.00000
 0.81846  0.00000
 0.88964  0.00000
 0.96081  0.00000
 1.03198  0.00000
 1.10315  0.00000
 1.17432  0.00000
 1.24549  0.00000
 1.31666  0.00000
 1.38783  0.00000
 1.45900  0.00000
 1.53017  0.00000
 1.60134  0.00000
 1.67251  0.00000
 1.74368  0.00000
 1.81486  0.00000
 1.88603  0.00000
 1.95720  0.00000
 2.02837  0.00000
 2.09954  0.00000
 2.17071  0.00000
 2.24188  0.00000
 2.31305  0.00000
 2.38422  0.00000
 2.45539  0.00000
 2.52656  0.00034
 2.59773  0.02200
 2.66891  0.23921
 2.74008  0.88584
 2.81125  1.67890
 2.88242  2.10442
 2.95359  2.06555
 3.02476  1.81382
 3.09593  1.52001
 3.16710  1.26409
 3.23827  1.08532
 3.30944  0.94579
 3.38061  0.85364
 3.45178  0.79975
 3.52296  0.76785
 3.59413  0.74874
 3.66530  0.74152
 3.73647  0.74953
 3.80764  0.76224
 3.87881  0.77923
 3.94998  0.80310
 4.02115  0.83318
 4.09232  0.85395
 4.16349  0.88531
 4.23466  0.92059
 4.30583  0.95450
 4.37700  0.99020
 4.44818  1.03168
 4.51935  1.07258
 4.59052  1.10965
 4.66169  1.13889
 4.73286  1.15500
 4.80403  1.15809
 4.87520  1.15552
 4.94637  1.14406
 5.01754  1.13012
 5.08871  1.11440
 5.15988  1.09615
 5.23105  1.07962
 5.30223  1.06038
 5.37340  1.05044
 5.44457  1.03593
 5.51574  1.01728
 5.58691  1.00096
 5.65808  0.98458
 5.72925  0.97103
 5.80042  0.95684
 5.87159  0.94725
 5.94276  0.93852
 6.01393  0.93244
 6.08510  0.92829
 6.15628  0.92994
 6.22745  0.92936
 6.29862  0.93279
 6.36979  0.93544
 6.44096  0.94088
 6.51213  0.94582
 6.58330  0.95009
 6.65447  0.96071
 6.72564  0.96569
 6.79681  0.96958
 6.86798  0.97629
 6.93915  0.98336
 7.01032  0.98985
 7.08150  0.99939
 7.15267  1.00371
 7.22384  1.00758
 7.29501  1.01286
 7.36618  1.01662
 7.43735  1.01800
 7.50852  1.01922
 7.57969  1.01799
 7.65086  1.01609
 7.72203  1.01452
 7.79320  1.01309
 7.86437  1.01080
 7.93555  1.00895
 8.00672  1.00411
 8.07789  1.00336
 8.14906  1.00130
 8.22023  0.99941
 8.29140  0.99521
 8.36257  0.99496
 8.43374  0.99764
 8.50491  0.99450
 8.57608  0.99343
 8.64725  0.99273
 8.71842  0.99452
 8.78960  0.99354
 8.86077  0.99519
 8.93194  0.99454
 9.00311  0.99314
 9.07428  0.99577
 9.14545  0.99482
 9.21662  0.99604
 9.28779  0.99811
 9.35896  0.99770
 9.43013  0.99782
 9.50130  0.99896
 9.57247  0.99613
 9.64364  0.99619
 9.71482  0.99908
 9.78599  0.99827
 9.85716  0.99833
 9.92833  0.99760
 9.99950  0.99815
10.07067  0.99892
10.14184  0.99859
10.21301  0.99946
10.28418  0.99885
10.35535  0.99983
10.42652  0.99948
10.49769  0.99930
10.56887  1.00002
10.64004  0.99966
10.71121  0.99943
10.78238  0.99936
10.85355  1.00108
10.92472  1.00047
10.99589  1.00059
11.06706  1.00183
11.13823  1.00171
11.20940  1.00166
11.28057  1.00197
11.35174  1.00158
11.42292  1.00249
11.49409  1.00213
11.56526  1.00235
11.63643  1.00006
11.70760  1.00197
11.77877  1.00058
11.84994  1.00017
11.92111  1.00039
11.99228  0.99837
12.06345  1.00148
12.13462  0.99981
12.20579  0.99921
12.27696  0.99928
12.34814  0.99923
12.41931  1.00100
12.49048  0.99974
12.56165  1.00019
12.63282  0.99962
12.70399  0.99972
12.77516  0.99961
12.84633  0.99977
12.91750  0.99942
12.98867  1.00068
13.05984  1.00005
13.13101  1.00045
13.20219  1.00121
13.27336  1.00087
13.34453  0.99926
13.41570  1.00169
13.48687  0.99977
13.55804  1.00081
13.62921  1.00133
13.70038  1.00195
13.77155  1.00143
13.84272  1.00113
13.91389  1.00108
13.98506  1.00061
14.05624  1.00121
14.12741  1.00148
14.19858  1.00127
14.26975  1.00115
14.34092  1.00108
14.41209  1.00178
14.48326  1.00090
14.55443  1.00029
14.62560  1.00141
14.69677  1.00017
14.76794  1.00184
14.83911  1.00072
14.91028  0.99990
14.98146  1.00046
15.05263  1.00058
15.12380  1.00050
15.19497  1.00102
15.26614  1.00128
15.33731  1.00100
15.40848  1.00072
15.47965  1.00168
15.55082  1.00038
15.62199  1.00067
15.69316  1.00105
15.76433  1.00073
15.83551  1.00127
15.90668  1.00053
15.97785  1.00127
16.04902  1.00065
16.12019  0.99976
16.19136  1.00145
16.26253  1.00033
16.33370  1.00150
16.40487  1.00103
16.47604  1.00120
16.54721  1.00077
16.61838  1.00027
16.68956  1.00162
16.76073  1.00099
16.83190  1.00109
16.90307  1.00106
16.97424  1.00171
17.04541  1.00129
17.11658  1.00143
17.18775  1.00080
17.25892  1.00105
17.33009  1.00063
17.40126  1.00060
17.47243  1.00082
17.54360  1.00164
17.61478  1.00058
17.68595  1.00086
17.75712  1.00066
17.82829  1.00100
17.89946  1.00116
17.97063  1.00111
18.04180  1.00150
18.11297  1.00023
18.18414  1.00096
18.25531  1.00105
18.32648  1.00123
18.39765  1.00114
18.46883  1.00131
18.54000  1.00133
18.61117  1.00146
18.68234  1.00009
18.75351  1.00108
18.82468  1.00085
18.89585  1.00116
18.96702  1.00037
19.03819  1.00157
19.10936  1.00081
19.18053  1.00063
19.25170  1.00070
19.32288  1.00142
19.39405  1.00180
19.46522  1.00142
19.53639  1.00121
19.60756  1.00156
19.67873  1.00054
19.74990  1.00014
19.82107  1.00027
19.89224  1.00155
19.96341  1.00127
20.03458  1.00113
20.10575  1.00072
20.17692  1.00081
20.24810  1.00137
20.31927  1.00140
20.39044  1.00106
20.46161  1.00111
20.53278  1.00121
20.60395  1.00095
20.67512  1.00069
20.74629  1.00073
20.81746  1.00103
20.88863  1.00161
20.95980  1.00081
21.03097  1.00022
21.10215  1.00161
21.17332  1.00144
21.24449  1.00072
21.31566  1.00061
