 0.03559      inf      nan
 0.10676      inf      nan
 0.17793      inf      nan
 0.24910      inf      nan
 0.32027      inf      nan
 0.39144      inf      nan
 0.46261      inf      nan
 0.53378      inf      nan
 0.60495      inf      nan
 0.67612      inf      nan
 0.74729      inf      nan
 0.81846      inf      nan
 0.88964      inf      nan
 0.96081      inf      nan
 1.03198      inf      nan
 1.10315      inf      nan
 1.17432      inf      nan
 1.24549      inf      nan
 1.31666      inf      nan
 1.38783      inf      nan
 1.45900      inf      nan
 1.53017      inf      nan
 1.60134      inf      nan
 1.67251      inf      nan
 1.74368      inf      nan
 1.81486      inf      nan
 1.88603      inf      nan
 1.95720      inf      nan
 2.02837      inf      nan
 2.09954      inf      nan
 2.17071      inf      nan
 2.24188      inf      nan
 2.31305      inf      nan
 2.38422      inf      nan
 2.45539      inf      nan
 2.52656      inf      nan
 2.59773      inf      nan
 2.66891      inf      nan
 2.74008      inf      nan
 2.81125      inf      nan
 2.88242      inf      nan
 2.95359      inf      nan
 3.02476      inf      nan
 3.09593  3.60877  0.35224
 3.16710  2.72374  0.14405
 3.23827  1.50337  0.05152
 3.30944  0.83572  0.02990
 3.38061  0.23330  0.01874
 3.45178 -0.19912  0.01342
 3.52296 -0.41822  0.00991
 3.59413 -0.59730  0.00973
 3.66530 -0.62652  0.00937
 3.73647 -0.64323  0.00878
 3.80764 -0.64420  0.00837
 3.87881 -0.64404  0.00769
 3.94998 -0.64313  0.00784
 4.02115 -0.62217  0.00855
 4.09232 -0.59752  0.00873
 4.16349 -0.56927  0.00855
 4.23466 -0.50067  0.00862
 4.30583 -0.41237  0.00798
 4.37700 -0.34181  0.00929
 4.44818 -0.26728  0.00918
 4.51935 -0.20084  0.00976
 4.59052 -0.15823  0.00933
 4.66169 -0.13816  0.00907
 4.73286 -0.11162  0.01021
 4.80403 -0.10903  0.01056
 4.87520 -0.10842  0.00986
 4.94637 -0.13150  0.00955
 5.01754 -0.14502  0.00925
 5.08871 -0.17481  0.00932
 5.15988 -0.18821  0.00916
 5.23105 -0.20029  0.00864
 5.30223 -0.23173  0.00802
 5.37340 -0.22911  0.00890
 5.44457 -0.24741  0.00795
 5.51574 -0.23590  0.00838
 5.58691 -0.25309  0.00704
 5.65808 -0.24404  0.00719
 5.72925 -0.23459  0.00696
 5.80042 -0.24216  0.00742
 5.87159 -0.24529  0.00689
 5.94276 -0.23160  0.00767
 6.01393 -0.22921  0.00655
 6.08510 -0.21095  0.00757
 6.15628 -0.21978  0.00717
 6.22745 -0.20462  0.00759
 6.29862 -0.19797  0.00749
 6.36979 -0.18689  0.00739
 6.44096 -0.18391  0.00645
 6.51213 -0.16583  0.00676
 6.58330 -0.16773  0.00738
 6.65447 -0.14912  0.00723
 6.72564 -0.12360  0.00618
 6.79681 -0.11639  0.00715
 6.86798 -0.10322  0.00745
 6.93915 -0.09960  0.00710
 7.01032 -0.08534  0.00638
 7.08150 -0.07533  0.00669
 7.15267 -0.06349  0.00707
 7.22384 -0.05809  0.00699
 7.29501 -0.06052  0.00714
 7.36618 -0.04417  0.00745
 7.43735 -0.04874  0.00617
 7.50852 -0.05707  0.00631
 7.57969 -0.04177  0.00638
 7.65086 -0.04934  0.00626
 7.72203 -0.05253  0.00641
 7.79320 -0.05931  0.00611
 7.86437 -0.06673  0.00612
 7.93555 -0.05508  0.00613
 8.00672 -0.07256  0.00632
 8.07789 -0.05498  0.00647
 8.14906 -0.06448  0.00598
 8.22023 -0.06037  0.00605
 8.29140 -0.06739  0.00617
 8.36257 -0.06725  0.00536
 8.43374 -0.06809  0.00558
 8.50491 -0.06478  0.00601
 8.57608 -0.07126  0.00554
 8.64725 -0.07085  0.00554
 8.71842 -0.06246  0.00547
 8.78960 -0.06427  0.00565
 8.86077 -0.05724  0.00534
 8.93194 -0.05995  0.00524
 9.00311 -0.05344  0.00435
 9.07428 -0.04695  0.00590
 9.14545 -0.04934  0.00557
 9.21662 -0.05153  0.00550
 9.28779 -0.03827  0.00496
 9.35896 -0.03979  0.00540
 9.43013 -0.03670  0.00524
 9.50130 -0.03855  0.00496
 9.57247 -0.03705  0.00516
 9.64364 -0.03189  0.00531
 9.71482 -0.02958  0.00563
 9.78599 -0.03590  0.00489
 9.85716 -0.02101  0.00510
 9.92833 -0.03238  0.00515
 9.99950 -0.02897  0.00538
10.07067 -0.02534  0.00476
10.14184 -0.03671  0.00506
10.21301 -0.02687  0.00518
10.28418 -0.02141  0.00528
10.35535 -0.03315  0.00484
10.42652 -0.02609  0.00440
10.49769 -0.02412  0.00498
10.56887 -0.01511  0.00525
10.64004 -0.02062  0.00454
10.71121 -0.02124  0.00522
10.78238 -0.03163  0.00474
10.85355 -0.02975  0.00491
10.92472 -0.02095  0.00429
10.99589 -0.02853  0.00453
11.06706 -0.02156  0.00467
11.13823 -0.01571  0.00383
11.20940 -0.02486  0.00484
11.28057 -0.03134  0.00441
11.35174 -0.01702  0.00397
11.42292 -0.02337  0.00450
11.49409 -0.03046  0.00415
11.56526 -0.01759  0.00454
11.63643 -0.01075  0.00433
11.70760 -0.01322  0.00404
11.77877 -0.01028  0.00462
11.84994 -0.00903  0.00430
11.92111 -0.00981  0.00398
11.99228 -0.01093  0.00414
12.06345 -0.01670  0.00434
12.13462 -0.01161  0.00415
12.20579 -0.01475  0.00382
12.27696 -0.01265  0.00426
12.34814 -0.01071  0.00400
12.41931 -0.01703  0.00446
12.49048 -0.00779  0.00391
12.56165 -0.00469  0.00417
12.63282 -0.01067  0.00435
12.70399 -0.00533  0.00384
12.77516 -0.01392  0.00369
12.84633 -0.00489  0.00411
12.91750 -0.00568  0.00400
12.98867 -0.01319  0.00365
13.05984 -0.00156  0.00420
13.13101 -0.00828  0.00387
13.20219 -0.00652  0.00378
13.27336 -0.00597  0.00414
13.34453 -0.01109  0.00353
13.41570 -0.00718  0.00408
13.48687 -0.00320  0.00387
13.55804 -0.00516  0.00377
13.62921 -0.00919  0.00347
13.70038 -0.00732  0.00373
13.77155 -0.00596  0.00356
13.84272  0.00094  0.00403
13.91389  0.00337  0.00379
13.98506 -0.00581  0.00336
14.05624  0.00156  0.00351
14.12741  0.00545  0.00368
14.19858 -0.00930  0.00388
14.26975 -0.00573  0.00340
14.34092 -0.00284  0.00338
14.41209 -0.00243  0.00368
14.48326  0.00465  0.00361
14.55443 -0.00064  0.00262
14.62560 -0.00554  0.00350
14.69677  0.00302  0.00348
14.76794  0.00231  0.00358
14.83911  0.00626  0.00332
14.91028  0.00037  0.00349
14.98146 -0.00305  0.00347
15.05263  0.00188  0.00328
15.12380 -0.00559  0.00352
15.19497 -0.00596  0.00347
15.26614  0.00488  0.00360
15.33731  0.00546  0.00331
15.40848 -0.00359  0.00341
15.47965 -0.00194  0.00315
15.55082  0.00035  0.00339
15.62199 -0.00167  0.00281
15.69316 -0.00083  0.00311
15.76433  0.00442  0.00341
15.83551 -0.00111  0.00331
15.90668  0.00648  0.00303
15.97785 -0.00258  0.00345
16.04902 -0.00075  0.00308
16.12019  0.00056  0.00287
16.19136  0.00186  0.00351
16.26253  0.00376  0.00315
16.33370 -0.00406  0.00283
16.40487  0.00513  0.00306
16.47604  0.00409  0.00290
16.54721  0.00318  0.00295
16.61838  0.00023  0.00299
16.68956 -0.00198  0.00314
16.76073  0.00418  0.00294
16.83190  0.00848  0.00292
16.90307  0.00408  0.00327
16.97424  0.00939  0.00319
17.04541  0.00055  0.00281
17.11658  0.00346  0.00288
17.18775  0.00706  0.00308
17.25892  0.00441  0.00285
17.33009  0.00284  0.00256
17.40126  0.00290  0.00280
17.47243  0.00561  0.00309
17.54360  0.00425  0.00300
17.61478  0.00230  0.00293
17.68595  0.01080  0.00297
17.75712  0.00337  0.00231
17.82829  0.00707  0.00286
17.89946  0.00503  0.00295
17.97063  0.00686  0.00296
18.04180  0.01132  0.00274
18.11297  0.00162  0.00250
18.18414  0.00607  0.00287
18.25531  0.00368  0.00281
18.32648  0.00444  0.00260
18.39765  0.00932  0.00296
18.46883  0.00365  0.00298
18.54000  0.00403  0.00283
18.61117  0.00555  0.00284
18.68234  0.00498  0.00253
18.75351  0.00415  0.00229
18.82468  0.00695  0.00270
18.89585  0.00716  0.00281
18.96702  0.00700  0.00281
19.03819  0.00649  0.00253
19.10936  0.00774  0.00256
19.18053  0.00816  0.00259
19.25170  0.00568  0.00249
19.32288  0.00196  0.00248
19.39405  0.00567  0.00269
19.46522  0.00642  0.00263
19.53639  0.00616  0.00285
19.60756  0.00586  0.00283
19.67873  0.00528  0.00248
19.74990  0.00595  0.00257
19.82107  0.00551  0.00255
19.89224  0.00854  0.00228
19.96341  0.00910  0.00244
20.03458  0.01044  0.00222
20.10575  0.00765  0.00243
20.17692  0.00631  0.00249
20.24810  0.00603  0.00259
20.31927  0.00466  0.00247
20.39044  0.00610  0.00257
20.46161  0.00802  0.00260
20.53278  0.00704  0.00266
20.60395  0.00897  0.00268
20.67512  0.00757  0.00218
20.74629  0.01260  0.00260
20.81746  0.00710  0.00225
20.88863  0.01068  0.00225
20.95980  0.00573  0.00253
21.03097  0.00655  0.00258
21.10215  0.01080  0.00263
21.17332  0.01064  0.00254
21.24449  0.00936  0.00221
21.31566  0.00954  0.00241
