 0.03559      inf
 0.10676      inf
 0.17793      inf
 0.24910      inf
 0.32027      inf
 0.39144      inf
 0.46261      inf
 0.53378      inf
 0.60495      inf
 0.67612      inf
 0.74729      inf
 0.81846      inf
 0.88964      inf
 0.96081      inf
 1.03198      inf
 1.10315      inf
 1.17432      inf
 1.24549      inf
 1.31666      inf
 1.38783      inf
 1.45900      inf
 1.53017      inf
 1.60134      inf
 1.67251      inf
 1.74368      inf
 1.81486      inf
 1.88603      inf
 1.95720      inf
 2.02837      inf
 2.09954      inf
 2.17071      inf
 2.24188      inf
 2.31305      inf
 2.38422      inf
 2.45539      inf
 2.52656      inf
 2.59773      inf
 2.66891      inf
 2.74008      inf
 2.81125      inf
 2.88242      inf
 2.95359  5.76719
 3.02476  4.01090
 3.09593  2.82445
 3.16710  1.89068
 3.23827  1.17575
 3.30944  0.65803
 3.38061  0.30435
 3.45178  0.07546
 3.52296 -0.05843
 3.59413 -0.14159
 3.66530 -0.18199
 3.73647 -0.20121
 3.80764 -0.20733
 3.87881 -0.20342
 3.94998 -0.19304
 4.02115 -0.17005
 4.09232 -0.13312
 4.16349 -0.07982
 4.23466 -0.01957
 4.30583  0.03188
 4.37700  0.06693
 4.44818  0.08882
 4.51935  0.09734
 4.59052  0.09397
 4.66169  0.08443
 4.73286  0.07115
 4.80403  0.05703
 4.87520  0.03978
 4.94637  0.02556
 5.01754  0.01761
 5.08871  0.00967
 5.15988  0.00469
 5.23105 -0.00236
 5.30223 -0.00670
 5.37340 -0.00569
 5.44457 -0.00809
 5.51574 -0.00955
 5.58691 -0.00909
 5.65808 -0.01114
 5.72925 -0.01187
 5.80042 -0.01435
 5.87159 -0.01496
 5.94276 -0.01634
 6.01393 -0.01909
 6.08510 -0.02155
 6.15628 -0.02061
 6.22745 -0.01805
 6.29862 -0.01461
 6.36979 -0.01095
 6.44096 -0.00440
 6.51213 -0.00091
 6.58330  0.00621
 6.65447  0.01026
 6.72564  0.01621
 6.79681  0.01877
 6.86798  0.02157
 6.93915  0.02250
 7.01032  0.02213
 7.08150  0.02098
 7.15267  0.01917
 7.22384  0.01686
 7.29501  0.01339
 7.36618  0.01009
 7.43735  0.00680
 7.50852  0.00309
 7.57969  0.00024
 7.65086 -0.00283
 7.72203 -0.00495
 7.79320 -0.00682
 7.86437 -0.00861
 7.93555 -0.00926
 8.00672 -0.01087
 8.07789 -0.00945
 8.14906 -0.01118
 8.22023 -0.00964
 8.29140 -0.00893
 8.36257 -0.00900
 8.43374 -0.00787
 8.50491 -0.00645
 8.57608 -0.00511
 8.64725 -0.00448
 8.71842 -0.00141
 8.78960 -0.00153
 8.86077 -0.00086
 8.93194 -0.00040
 9.00311  0.00023
 9.07428  0.00165
 9.14545  0.00251
 9.21662  0.00174
 9.28779  0.00276
 9.35896  0.00263
 9.43013  0.00279
 9.50130  0.00273
 9.57247  0.00231
 9.64364  0.00154
 9.71482  0.00037
 9.78599  0.00062
 9.85716  0.00059
 9.92833 -0.00079
 9.99950 -0.00224
10.07067 -0.00194
10.14184 -0.00254
10.21301 -0.00405
10.28418 -0.00371
10.35535 -0.00386
10.42652 -0.00362
10.49769 -0.00380
10.56887 -0.00431
10.64004 -0.00399
10.71121 -0.00321
10.78238 -0.00367
10.85355 -0.00239
10.92472 -0.00393
10.99589 -0.00299
11.06706 -0.00256
11.13823 -0.00220
11.20940 -0.00124
11.28057 -0.00188
11.35174 -0.00131
11.42292 -0.00156
11.49409 -0.00126
11.56526 -0.00200
11.63643 -0.00081
11.70760 -0.00106
11.77877 -0.00178
11.84994 -0.00144
11.92111 -0.00078
11.99228 -0.00124
12.06345 -0.00082
12.13462 -0.00055
12.20579 -0.00225
12.27696 -0.00098
12.34814 -0.00172
12.41931 -0.00173
12.49048 -0.00156
12.56165 -0.00224
12.63282 -0.00159
12.70399 -0.00228
12.77516 -0.00214
12.84633 -0.00238
12.91750 -0.00150
12.98867 -0.00212
13.05984 -0.00194
13.13101 -0.00135
13.20219 -0.00133
13.27336 -0.00121
13.34453 -0.00199
13.41570 -0.00080
13.48687 -0.00089
13.55804 -0.00160
13.62921 -0.00144
13.70038 -0.00186
13.77155 -0.00036
13.84272 -0.00152
13.91389 -0.00125
13.98506 -0.00164
14.05624 -0.00146
14.12741 -0.00152
14.19858 -0.00110
14.26975 -0.00093
14.34092 -0.00130
14.41209 -0.00132
14.48326 -0.00148
14.55443 -0.00143
14.62560 -0.00148
14.69677 -0.00131
14.76794 -0.00149
14.83911 -0.00116
14.91028 -0.00149
14.98146 -0.00081
15.05263 -0.00179
15.12380 -0.00119
15.19497 -0.00126
15.26614 -0.00110
15.33731 -0.00164
15.40848 -0.00088
15.47965 -0.00150
15.55082 -0.00146
15.62199 -0.00132
15.69316 -0.00157
15.76433 -0.00138
15.83551 -0.00132
15.90668 -0.00120
15.97785 -0.00121
16.04902 -0.00112
16.12019 -0.00123
16.19136 -0.00095
16.26253 -0.00078
16.33370 -0.00096
16.40487 -0.00090
16.47604 -0.00124
16.54721 -0.00137
16.61838 -0.00106
16.68956 -0.00124
16.76073 -0.00145
16.83190 -0.00131
16.90307 -0.00128
16.97424 -0.00119
17.04541 -0.00085
17.11658 -0.00085
17.18775 -0.00129
17.25892 -0.00152
17.33009 -0.00126
17.40126 -0.00099
17.47243 -0.00086
17.54360 -0.00091
17.61478 -0.00144
17.68595 -0.00115
17.75712 -0.00073
17.82829 -0.00122
17.89946 -0.00119
17.97063 -0.00088
18.04180 -0.00154
18.11297 -0.00130
18.18414 -0.00101
18.25531 -0.00130
18.32648 -0.00095
18.39765 -0.00075
18.46883 -0.00077
18.54000 -0.00098
18.61117 -0.00112
18.68234 -0.00046
18.75351 -0.00114
18.82468 -0.00081
18.89585 -0.00114
18.96702 -0.00133
19.03819 -0.00097
19.10936 -0.00101
19.18053 -0.00110
19.25170 -0.00116
19.32288 -0.00115
19.39405 -0.00083
19.46522 -0.00119
19.53639 -0.00102
19.60756 -0.00135
19.67873 -0.00077
19.74990 -0.00104
19.82107 -0.00104
19.89224 -0.00137
19.96341 -0.00075
20.03458 -0.00071
20.10575 -0.00099
20.17692 -0.00114
20.24810 -0.00096
20.31927 -0.00077
20.39044 -0.00094
20.46161 -0.00110
20.53278 -0.00145
20.60395 -0.00137
20.67512 -0.00071
20.74629 -0.00164
20.81746 -0.00117
20.88863 -0.00099
20.95980 -0.00117
21.03097 -0.00100
21.10215 -0.00063
21.17332 -0.00113
21.24449 -0.00080
21.31566 -0.00043
