 0.03559      inf
 0.10676      inf
 0.17793      inf
 0.24910      inf
 0.32027      inf
 0.39144      inf
 0.46261      inf
 0.53378      inf
 0.60495      inf
 0.67612      inf
 0.74729      inf
 0.81846      inf
 0.88964      inf
 0.96081      inf
 1.03198      inf
 1.10315      inf
 1.17432      inf
 1.24549      inf
 1.31666      inf
 1.38783      inf
 1.45900      inf
 1.53017      inf
 1.60134      inf
 1.67251      inf
 1.74368      inf
 1.81486      inf
 1.88603      inf
 1.95720      inf
 2.02837      inf
 2.09954      inf
 2.17071      inf
 2.24188      inf
 2.31305      inf
 2.38422      inf
 2.45539      inf
 2.52656  4.72573
 2.59773  2.25939
 2.66891  0.84680
 2.74008  0.07176
 2.81125 -0.30674
 2.88242 -0.44047
 2.95359 -0.42943
 3.02476 -0.35250
 3.09593 -0.24788
 3.16710 -0.13874
 3.23827 -0.04847
 3.30944  0.03300
 3.38061  0.09368
 3.45178  0.13229
 3.52296  0.15638
 3.59413  0.17131
 3.66530  0.17704
 3.73647  0.17068
 3.80764  0.16072
 3.87881  0.14767
 3.94998  0.12981
 4.02115  0.10804
 4.09232  0.09346
 4.16349  0.07212
 4.23466  0.04898
 4.30583  0.02757
 4.37700  0.00583
 4.44818 -0.01847
 4.51935 -0.04148
 4.59052 -0.06160
 4.66169 -0.07699
 4.73286 -0.08531
 4.80403 -0.08689
 4.87520 -0.08557
 4.94637 -0.07967
 5.01754 -0.07242
 5.08871 -0.06412
 5.15988 -0.05435
 5.23105 -0.04535
 5.30223 -0.03471
 5.37340 -0.02913
 5.44457 -0.02090
 5.51574 -0.01014
 5.58691 -0.00057
 5.65808  0.00920
 5.72925  0.01741
 5.80042  0.02612
 5.87159  0.03208
 5.94276  0.03756
 6.01393  0.04141
 6.08510  0.04405
 6.15628  0.04300
 6.22745  0.04337
 6.29862  0.04119
 6.36979  0.03951
 6.44096  0.03608
 6.51213  0.03298
 6.58330  0.03031
 6.65447  0.02373
 6.72564  0.02067
 6.79681  0.01829
 6.86798  0.01420
 6.93915  0.00993
 7.01032  0.00604
 7.08150  0.00036
 7.15267 -0.00219
 7.22384 -0.00447
 7.29501 -0.00757
 7.36618 -0.00976
 7.43735 -0.01056
 7.50852 -0.01127
 7.57969 -0.01056
 7.65086 -0.00945
 7.72203 -0.00853
 7.79320 -0.00770
 7.86437 -0.00636
 7.93555 -0.00527
 8.00672 -0.00243
 8.07789 -0.00199
 8.14906 -0.00077
 8.22023  0.00035
 8.29140  0.00284
 8.36257  0.00299
 8.43374  0.00140
 8.50491  0.00326
 8.57608  0.00390
 8.64725  0.00432
 8.71842  0.00325
 8.78960  0.00384
 8.86077  0.00286
 8.93194  0.00324
 9.00311  0.00408
 9.07428  0.00251
 9.14545  0.00307
 9.21662  0.00235
 9.28779  0.00112
 9.35896  0.00136
 9.43013  0.00129
 9.50130  0.00062
 9.57247  0.00230
 9.64364  0.00226
 9.71482  0.00054
 9.78599  0.00103
 9.85716  0.00099
 9.92833  0.00142
 9.99950  0.00110
10.07067  0.00064
10.14184  0.00084
10.21301  0.00032
10.28418  0.00068
10.35535  0.00010
10.42652  0.00031
10.49769  0.00041
10.56887 -0.00001
10.64004  0.00020
10.71121  0.00034
10.78238  0.00038
10.85355 -0.00064
10.92472 -0.00028
10.99589 -0.00035
11.06706 -0.00108
11.13823 -0.00101
11.20940 -0.00098
11.28057 -0.00117
11.35174 -0.00093
11.42292 -0.00147
11.49409 -0.00126
11.56526 -0.00139
11.63643 -0.00003
11.70760 -0.00117
11.77877 -0.00034
11.84994 -0.00010
11.92111 -0.00023
11.99228  0.00096
12.06345 -0.00087
12.13462  0.00011
12.20579  0.00047
12.27696  0.00043
12.34814  0.00045
12.41931 -0.00059
12.49048  0.00016
12.56165 -0.00011
12.63282  0.00022
12.70399  0.00016
12.77516  0.00023
12.84633  0.00014
12.91750  0.00035
12.98867 -0.00040
13.05984 -0.00003
13.13101 -0.00027
13.20219 -0.00072
13.27336 -0.00052
13.34453  0.00044
13.41570 -0.00100
13.48687  0.00013
13.55804 -0.00048
13.62921 -0.00079
13.70038 -0.00115
13.77155 -0.00085
13.84272 -0.00067
13.91389 -0.00064
13.98506 -0.00036
14.05624 -0.00071
14.12741 -0.00088
14.19858 -0.00075
14.26975 -0.00068
14.34092 -0.00064
14.41209 -0.00105
14.48326 -0.00053
14.55443 -0.00017
14.62560 -0.00083
14.69677 -0.00010
14.76794 -0.00109
14.83911 -0.00043
14.91028  0.00006
14.98146 -0.00027
15.05263 -0.00035
15.12380 -0.00030
15.19497 -0.00060
15.26614 -0.00076
15.33731 -0.00059
15.40848 -0.00043
15.47965 -0.00100
15.55082 -0.00023
15.62199 -0.00040
15.69316 -0.00062
15.76433 -0.00043
15.83551 -0.00075
15.90668 -0.00031
15.97785 -0.00075
16.04902 -0.00039
16.12019  0.00014
16.19136 -0.00086
16.26253 -0.00020
16.33370 -0.00089
16.40487 -0.00061
16.47604 -0.00071
16.54721 -0.00046
16.61838 -0.00016
16.68956 -0.00096
16.76073 -0.00058
16.83190 -0.00065
16.90307 -0.00063
16.97424 -0.00101
17.04541 -0.00076
17.11658 -0.00085
17.18775 -0.00047
17.25892 -0.00062
17.33009 -0.00037
17.40126 -0.00036
17.47243 -0.00048
17.54360 -0.00097
17.61478 -0.00034
17.68595 -0.00051
17.75712 -0.00039
17.82829 -0.00059
17.89946 -0.00069
17.97063 -0.00066
18.04180 -0.00089
18.11297 -0.00014
18.18414 -0.00057
18.25531 -0.00062
18.32648 -0.00073
18.39765 -0.00067
18.46883 -0.00078
18.54000 -0.00079
18.61117 -0.00086
18.68234 -0.00005
18.75351 -0.00064
18.82468 -0.00050
18.89585 -0.00069
18.96702 -0.00022
19.03819 -0.00093
19.10936 -0.00048
19.18053 -0.00037
19.25170 -0.00042
19.32288 -0.00084
19.39405 -0.00106
19.46522 -0.00084
19.53639 -0.00071
19.60756 -0.00093
19.67873 -0.00032
19.74990 -0.00008
19.82107 -0.00016
19.89224 -0.00092
19.96341 -0.00075
20.03458 -0.00067
20.10575 -0.00043
20.17692 -0.00048
20.24810 -0.00081
20.31927 -0.00083
20.39044 -0.00063
20.46161 -0.00066
20.53278 -0.00072
20.60395 -0.00056
20.67512 -0.00041
20.74629 -0.00043
20.81746 -0.00061
20.88863 -0.00095
20.95980 -0.00048
21.03097 -0.00013
21.10215 -0.00095
21.17332 -0.00085
21.24449 -0.00043
21.31566 -0.00036
