 0.03546  0.00000
 0.10638  0.00000
 0.17731  0.00000
 0.24823  0.00000
 0.31915  0.00000
 0.39008  0.00000
 0.46100  0.00000
 0.53192  0.00000
 0.60284  0.00000
 0.67377  0.00000
 0.74469  0.00000
 0.81561  0.00000
 0.88654  0.00000
 0.95746  0.00000
 1.02838  0.00000
 1.09930  0.00000
 1.17023  0.00000
 1.24115  0.00000
 1.31207  0.00000
 1.38300  0.00000
 1.45392  0.00000
 1.52484  0.00000
 1.59576  0.00000
 1.66669  0.00000
 1.73761  0.00000
 1.80853  0.00000
 1.87946  0.00000
 1.95038  0.00000
 2.02130  0.00000
 2.09222  0.00000
 2.16315  0.00017
 2.23407  0.00064
 2.30499  0.00628
 2.37592  0.03249
 2.44684  0.09866
 2.51776  0.22455
 2.58868  0.38124
 2.65961  0.54210
 2.73053  0.71918
 2.80145  0.85459
 2.87238  0.97332
 2.94330  1.04346
 3.01422  1.13177
 3.08514  1.13998
 3.15607  1.16711
 3.22699  1.20512
 3.29791  1.21326
 3.36884  1.19699
 3.43976  1.21934
 3.51068  1.21843
 3.58161  1.21386
 3.65253  1.23133
 3.72345  1.22157
 3.79437  1.23777
 3.86530  1.22369
 3.93622  1.23574
 4.00714  1.26448
 4.07807  1.26757
 4.14899  1.31265
 4.21991  1.35164
 4.29083  1.40397
 4.36176  1.44924
 4.43268  1.47484
 4.50360  1.52732
 4.57453  1.53484
 4.64545  1.54010
 4.71637  1.54117
 4.78729  1.56846
 4.85822  1.56424
 4.92914  1.56608
 5.00006  1.59202
 5.07099  1.60986
 5.14191  1.63477
 5.21283  1.65799
 5.28375  1.65561
 5.35468  1.66510
 5.42560  1.66376
 5.49652  1.61793
 5.56745  1.58604
 5.63837  1.53487
 5.70929  1.48616
 5.78021  1.44048
 5.85114  1.40369
 5.92206  1.35680
 5.99298  1.32512
 6.06391  1.30341
 6.13483  1.29273
 6.20575  1.26451
 6.27667  1.27180
 6.34760  1.26151
 6.41852  1.25921
 6.48944  1.25612
 6.56037  1.26106
 6.63129  1.25430
 6.70221  1.25252
 6.77313  1.25585
 6.84406  1.25667
 6.91498  1.25860
 6.98590  1.27012
 7.05683  1.27581
 7.12775  1.28749
 7.19867  1.30133
 7.26959  1.30400
 7.34052  1.30017
 7.41144  1.29371
 7.48236  1.27429
 7.55329  1.25906
 7.62421  1.24458
 7.69513  1.22767
 7.76605  1.21026
 7.83698  1.19644
 7.90790  1.18936
 7.97882  1.17314
 8.04975  1.15688
 8.12067  1.15589
 8.19159  1.14195
 8.26251  1.14544
 8.33344  1.13103
 8.40436  1.12784
 8.47528  1.11719
 8.54621  1.11753
 8.61713  1.11686
 8.68805  1.11235
 8.75897  1.10732
 8.82990  1.10912
 8.90082  1.10848
 8.97174  1.10224
 9.04267  1.10109
 9.11359  1.09417
 9.18451  1.10264
 9.25543  1.09824
 9.32636  1.09998
 9.39728  1.09162
 9.46820  1.08871
 9.53913  1.09601
 9.61005  1.08644
 9.68097  1.08276
 9.75189  1.08382
 9.82282  1.07934
 9.89374  1.07747
 9.96466  1.07903
10.03559  1.06937
10.10651  1.06810
10.17743  1.06705
10.24836  1.06336
10.31928  1.06494
10.39020  1.05261
10.46112  1.05383
10.53205  1.05767
10.60297  1.05197
10.67389  1.05150
10.74482  1.04847
10.81574  1.04366
10.88666  1.05093
10.95758  1.04511
11.02851  1.04394
11.09943  1.03991
11.17035  1.03584
11.24128  1.03978
11.31220  1.04059
11.38312  1.03870
11.45404  1.03579
11.52497  1.03919
11.59589  1.03097
11.66681  1.03128
11.73774  1.03225
11.80866  1.03011
11.87958  1.03118
11.95050  1.02757
12.02143  1.03275
12.09235  1.02968
12.16327  1.02942
12.23420  1.02713
12.30512  1.02591
12.37604  1.03063
12.44696  1.02870
12.51789  1.02387
12.58881  1.02590
12.65973  1.02523
12.73066  1.02142
12.80158  1.02027
12.87250  1.02145
12.94342  1.01853
13.01435  1.02156
13.08527  1.02006
13.15619  1.01599
13.22712  1.01663
13.29804  1.01409
13.36896  1.01212
13.43988  1.01488
13.51081  1.01460
13.58173  1.01426
13.65265  1.01158
13.72358  1.01130
13.79450  1.01010
13.86542  1.01081
13.93634  1.00760
14.00727  1.01203
14.07819  1.00786
14.14911  1.00669
14.22004  1.01048
14.29096  1.00931
14.36188  1.00962
14.43280  1.00839
14.50373  1.00184
14.57465  1.00560
14.64557  1.00942
14.71650  1.00551
14.78742  1.00449
14.85834  1.00377
14.92926  1.00497
15.00019  1.00119
15.07111  1.00420
15.14203  1.00280
15.21296  1.00199
15.28388  1.00421
15.35480  1.00144
15.42572  1.00150
15.49665  1.00211
15.56757  0.99841
15.63849  0.99950
15.70942  1.00032
15.78034  0.99862
15.85126  0.99599
15.92218  1.00094
15.99311  1.00072
16.06403  0.99487
16.13495  0.99829
16.20588  0.99480
16.27680  0.99775
16.34772  0.99512
16.41864  0.99539
16.48957  0.99632
16.56049  0.99837
16.63141  0.99224
16.70234  0.99740
16.77326  0.99351
16.84418  0.99274
16.91511  0.99482
16.98603  0.99383
17.05695  0.99103
17.12787  0.99241
17.19880  0.99238
17.26972  0.99184
17.34064  0.99012
17.41157  0.99114
17.48249  0.99202
17.55341  0.99084
17.62433  0.99046
17.69526  0.99088
17.76618  0.99106
17.83710  0.98769
17.90803  0.98924
17.97895  0.98651
18.04987  0.98986
18.12079  0.98736
18.19172  0.98702
18.26264  0.98886
18.33356  0.98757
18.40449  0.98695
18.47541  0.98377
18.54633  0.98921
18.61725  0.98649
18.68818  0.98348
18.75910  0.98838
18.83002  0.98653
18.90095  0.98586
18.97187  0.98478
19.04279  0.98661
19.11371  0.98567
19.18464  0.98331
19.25556  0.98473
19.32648  0.98515
19.39741  0.98378
19.46833  0.98374
19.53925  0.98560
19.61017  0.98294
19.68110  0.98478
19.75202  0.98437
19.82294  0.98371
19.89387  0.98266
19.96479  0.98536
20.03571  0.98532
20.10663  0.98337
20.17756  0.98241
20.24848  0.98452
20.31940  0.98466
20.39033  0.98305
20.46125  0.98243
20.53217  0.98614
20.60309  0.98288
20.67402  0.98377
20.74494  0.98569
20.81586  0.98321
20.88679  0.98404
20.95771  0.98120
21.02863  0.98305
21.09955  0.98399
21.17048  0.98205
21.24140  0.98040
