 0.03546  0.00000      nan
 0.10638  0.00000      nan
 0.17731  0.00000      nan
 0.24823  0.00000      nan
 0.31915  0.00000      nan
 0.39008  0.00000      nan
 0.46100  0.00000      nan
 0.53192  0.00000      nan
 0.60284  0.00000      nan
 0.67377  0.00000      nan
 0.74469  0.00000      nan
 0.81561  0.00000      nan
 0.88654  0.00000      nan
 0.95746  0.00000      nan
 1.02838  0.00000      nan
 1.09930  0.00000      nan
 1.17023  0.00000      nan
 1.24115  0.00000      nan
 1.31207  0.00000      nan
 1.38300  0.00000      nan
 1.45392  0.00000      nan
 1.52484  0.00000      nan
 1.59576  0.00000      nan
 1.66669  0.00000      nan
 1.73761  0.00000      nan
 1.80853  0.00000      nan
 1.87946  0.00000      nan
 1.95038  0.00000      nan
 2.02130  0.00000      nan
 2.09222  0.00000      nan
 2.16315  0.00000      nan
 2.23407  0.00000      nan
 2.30499  0.00000      nan
 2.37592  0.00000      nan
 2.44684  0.00000      nan
 2.51776  0.00000      nan
 2.58868  0.00000      nan
 2.65961  0.00000      nan
 2.73053  0.00000      nan
 2.80145  0.00000      nan
 2.87238  0.00000      nan
 2.94330  0.00000      nan
 3.01422  0.00000      nan
 3.08514  0.00000      nan
 3.15607  0.00000      nan
 3.22699  0.00206  0.00119
 3.29791  0.00920  0.00240
 3.36884  0.02581  0.00383
 3.43976  0.05918  0.00557
 3.51068  0.12523  0.00832
 3.58161  0.27294  0.01223
 3.65253  0.50667  0.01557
 3.72345  0.89213  0.02374
 3.79437  1.41693  0.02678
 3.86530  1.99910  0.03519
 3.93622  2.66328  0.03756
 4.00714  3.13187  0.04736
 4.07807  3.23398  0.04288
 4.14899  3.25014  0.04194
 4.21991  3.14542  0.03910
 4.29083  3.11061  0.03865
 4.36176  3.10492  0.03829
 4.43268  3.02491  0.03980
 4.50360  3.03713  0.03673
 4.57453  2.87062  0.03749
 4.64545  2.76013  0.03574
 4.71637  2.63245  0.03659
 4.78729  2.47989  0.03285
 4.85822  2.32658  0.03030
 4.92914  2.09748  0.02824
 5.00006  2.01953  0.02863
 5.07099  1.86646  0.02558
 5.14191  1.76884  0.02359
 5.21283  1.66266  0.02367
 5.28375  1.54769  0.02196
 5.35468  1.47706  0.01978
 5.42560  1.38772  0.02256
 5.49652  1.34457  0.01979
 5.56745  1.27688  0.01820
 5.63837  1.25102  0.01841
 5.70929  1.23767  0.01776
 5.78021  1.19615  0.01773
 5.85114  1.17088  0.01496
 5.92206  1.15645  0.01484
 5.99298  1.13720  0.01633
 6.06391  1.19062  0.01645
 6.13483  1.14028  0.01626
 6.20575  1.14071  0.01495
 6.27667  1.15462  0.01566
 6.34760  1.16354  0.01620
 6.41852  1.21325  0.01499
 6.48944  1.20757  0.01568
 6.56037  1.20169  0.01436
 6.63129  1.20846  0.01465
 6.70221  1.23647  0.01587
 6.77313  1.21865  0.01560
 6.84406  1.25226  0.01525
 6.91498  1.21281  0.01355
 6.98590  1.21481  0.01399
 7.05683  1.21691  0.01381
 7.12775  1.21223  0.01538
 7.19867  1.20762  0.01317
 7.26959  1.16971  0.01068
 7.34052  1.18501  0.01256
 7.41144  1.18052  0.01443
 7.48236  1.17331  0.01325
 7.55329  1.15075  0.01368
 7.62421  1.14677  0.01237
 7.69513  1.14045  0.01342
 7.76605  1.13133  0.01177
 7.83698  1.12758  0.01251
 7.90790  1.13556  0.01064
 7.97882  1.12298  0.01177
 8.04975  1.12853  0.01129
 8.12067  1.13827  0.01110
 8.19159  1.13227  0.01113
 8.26251  1.14306  0.01064
 8.33344  1.11947  0.01050
 8.40436  1.12706  0.01173
 8.47528  1.13086  0.01238
 8.54621  1.13721  0.01182
 8.61713  1.14465  0.01118
 8.68805  1.12566  0.01135
 8.75897  1.13116  0.01112
 8.82990  1.12305  0.01033
 8.90082  1.12471  0.01046
 8.97174  1.13372  0.01049
 9.04267  1.11530  0.01186
 9.11359  1.12184  0.01055
 9.18451  1.09942  0.01076
 9.25543  1.09648  0.00938
 9.32636  1.09580  0.00907
 9.39728  1.07811  0.01024
 9.46820  1.06577  0.00974
 9.53913  1.07668  0.01012
 9.61005  1.06580  0.01031
 9.68097  1.05405  0.00906
 9.75189  1.05463  0.00972
 9.82282  1.04382  0.01010
 9.89374  1.04132  0.01026
 9.96466  1.05145  0.00952
10.03559  1.03707  0.00861
10.10651  1.02606  0.00850
10.17743  1.04699  0.00898
10.24836  1.03752  0.00943
10.31928  1.02377  0.00888
10.39020  1.03718  0.00875
10.46112  1.02610  0.00844
10.53205  1.05620  0.00969
10.60297  1.03290  0.00793
10.67389  1.03760  0.00903
10.74482  1.02487  0.00876
10.81574  1.04275  0.00877
10.88666  1.04000  0.00745
10.95758  1.02974  0.00801
11.02851  1.04185  0.00869
11.09943  1.05874  0.00849
11.17035  1.04282  0.00784
11.24128  1.04446  0.00814
11.31220  1.05106  0.00879
11.38312  1.03233  0.00742
11.45404  1.03004  0.00847
11.52497  1.04102  0.00773
11.59589  1.04889  0.00806
11.66681  1.04179  0.00824
11.73774  1.03609  0.00771
11.80866  1.01784  0.00781
11.87958  1.04136  0.00737
11.95050  1.02579  0.00715
12.02143  1.03834  0.00727
12.09235  1.03470  0.00757
12.16327  1.03281  0.00772
12.23420  1.02154  0.00725
12.30512  1.02429  0.00694
12.37604  1.02896  0.00740
12.44696  1.02225  0.00786
12.51789  1.02027  0.00699
12.58881  1.02941  0.00725
12.65973  1.02442  0.00739
12.73066  1.01577  0.00664
12.80158  1.01192  0.00656
12.87250  1.01365  0.00672
12.94342  1.01797  0.00690
13.01435  1.00121  0.00696
13.08527  1.01400  0.00714
13.15619  1.01858  0.00705
13.22712  1.00940  0.00645
13.29804  1.00945  0.00733
13.36896  1.01093  0.00664
13.43988  1.02066  0.00696
13.51081  1.00578  0.00602
13.58173  0.99941  0.00615
13.65265  1.01861  0.00610
13.72358  1.01577  0.00637
13.79450  1.03033  0.00639
13.86542  0.99699  0.00629
13.93634  1.00192  0.00623
14.00727  1.00458  0.00688
14.07819  1.01824  0.00624
14.14911  0.99596  0.00686
14.22004  1.01874  0.00644
14.29096  0.99763  0.00555
14.36188  1.00332  0.00652
14.43280  1.01242  0.00627
14.50373  1.00462  0.00574
14.57465  1.00637  0.00581
14.64557  1.00657  0.00634
14.71650  1.00055  0.00566
14.78742  1.01199  0.00649
14.85834  1.00831  0.00608
14.92926  1.00209  0.00599
15.00019  1.00594  0.00519
15.07111  1.00156  0.00551
15.14203  1.00794  0.00583
15.21296  1.00415  0.00578
15.28388  0.99473  0.00517
15.35480  1.00314  0.00599
15.42572  1.00724  0.00553
15.49665  1.00619  0.00599
15.56757  1.00126  0.00509
15.63849  1.00102  0.00560
15.70942  0.99794  0.00519
15.78034  0.99473  0.00535
15.85126  1.00994  0.00537
15.92218  0.99436  0.00438
15.99311  0.99283  0.00557
16.06403  0.99787  0.00535
16.13495  0.99949  0.00512
16.20588  0.99650  0.00542
16.27680  1.00011  0.00498
16.34772  0.99212  0.00506
16.41864  0.98964  0.00514
16.48957  0.99113  0.00495
16.56049  0.98761  0.00497
16.63141  0.98917  0.00521
16.70234  0.98730  0.00560
16.77326  0.98976  0.00532
16.84418  0.99399  0.00515
16.91511  0.99306  0.00502
16.98603  0.99402  0.00524
17.05695  0.98219  0.00444
17.12787  0.99577  0.00501
17.19880  0.99560  0.00520
17.26972  0.98188  0.00532
17.34064  0.98508  0.00537
17.41157  0.99074  0.00498
17.48249  0.99712  0.00476
17.55341  0.99031  0.00486
17.62433  0.98339  0.00491
17.69526  0.98223  0.00514
17.76618  0.98815  0.00472
17.83710  0.99254  0.00455
17.90803  0.98318  0.00466
17.97895  0.98901  0.00467
18.04987  0.98573  0.00460
18.12079  0.98486  0.00378
18.19172  0.98355  0.00506
18.26264  0.99081  0.00450
18.33356  0.98994  0.00490
18.40449  0.98273  0.00454
18.47541  0.98931  0.00463
18.54633  0.98574  0.00451
18.61725  0.98682  0.00452
18.68818  0.98186  0.00481
18.75910  0.98463  0.00435
18.83002  0.98879  0.00481
18.90095  0.98243  0.00487
18.97187  0.97472  0.00414
19.04279  0.98264  0.00450
19.11371  0.98591  0.00436
19.18464  0.98508  0.00450
19.25556  0.98259  0.00403
19.32648  0.99062  0.00401
19.39741  0.98468  0.00406
19.46833  0.97960  0.00435
19.53925  0.98653  0.00421
19.61017  0.98214  0.00434
19.68110  0.99105  0.00337
19.75202  0.98343  0.00380
19.82294  0.98370  0.00424
19.89387  0.98286  0.00414
19.96479  0.98403  0.00434
20.03571  0.97527  0.00317
20.10663  0.99068  0.00417
20.17756  0.98107  0.00385
20.24848  0.98371  0.00418
20.31940  0.98297  0.00451
20.39033  0.98800  0.00416
20.46125  0.97887  0.00413
20.53217  0.98104  0.00407
20.60309  0.98246  0.00420
20.67402  0.98743  0.00404
20.74494  0.98626  0.00425
20.81586  0.98322  0.00438
20.88679  0.98224  0.00388
20.95771  0.97743  0.00366
21.02863  0.97812  0.00381
21.09955  0.97905  0.00400
21.17048  0.97389  0.00440
21.24140  0.98534  0.00398
