 0.03546  0.00000
 0.10638  0.00000
 0.17731  0.00000
 0.24823  0.00000
 0.31915  0.00000
 0.39008  0.00000
 0.46100  0.00000
 0.53192  0.00000
 0.60284  0.00000
 0.67377  0.00000
 0.74469  0.00000
 0.81561  0.00000
 0.88654  0.00000
 0.95746  0.00000
 1.02838  0.00000
 1.09930  0.00000
 1.17023  0.00000
 1.24115  0.00000
 1.31207  0.00000
 1.38300  0.00000
 1.45392  0.00000
 1.52484  0.00000
 1.59576  0.00000
 1.66669  0.00000
 1.73761  0.00000
 1.80853  0.00000
 1.87946  0.00000
 1.95038  0.00000
 2.02130  0.00000
 2.09222  0.00000
 2.16315  0.00000
 2.23407  0.00000
 2.30499  0.00000
 2.37592  0.00000
 2.44684  0.00000
 2.51776  0.00000
 2.58868  0.00000
 2.65961  0.00000
 2.73053  0.00000
 2.80145  0.00008
 2.87238  0.00090
 2.94330  0.00466
 3.01422  0.01716
 3.08514  0.04489
 3.15607  0.09981
 3.22699  0.20923
 3.29791  0.41391
 3.36884  0.71389
 3.43976  1.04377
 3.51068  1.33412
 3.58161  1.56002
 3.65253  1.70410
 3.72345  1.78145
 3.79437  1.79390
 3.86530  1.75814
 3.93622  1.68933
 4.00714  1.61467
 4.07807  1.53045
 4.14899  1.46339
 4.21991  1.39812
 4.29083  1.32977
 4.36176  1.26699
 4.43268  1.21421
 4.50360  1.15544
 4.57453  1.10407
 4.64545  1.05626
 4.71637  1.01157
 4.78729  0.97470
 4.85822  0.94157
 4.92914  0.91505
 5.00006  0.89097
 5.07099  0.87298
 5.14191  0.85997
 5.21283  0.85035
 5.28375  0.83955
 5.35468  0.84062
 5.42560  0.84017
 5.49652  0.84205
 5.56745  0.85002
 5.63837  0.85989
 5.70929  0.87144
 5.78021  0.88343
 5.85114  0.90053
 5.92206  0.91860
 5.99298  0.93432
 6.06391  0.95180
 6.13483  0.96869
 6.20575  0.98210
 6.27667  0.99661
 6.34760  1.00760
 6.41852  1.01567
 6.48944  1.02231
 6.56037  1.02387
 6.63129  1.02700
 6.70221  1.02995
 6.77313  1.03465
 6.84406  1.03268
 6.91498  1.03289
 6.98590  1.03131
 7.05683  1.03218
 7.12775  1.03291
 7.19867  1.02762
 7.26959  1.02653
 7.34052  1.02649
 7.41144  1.02414
 7.48236  1.02122
 7.55329  1.01721
 7.62421  1.01461
 7.69513  1.01461
 7.76605  1.01093
 7.83698  1.00705
 7.90790  1.00628
 7.97882  1.00235
 8.04975  1.00187
 8.12067  1.00112
 8.19159  0.99874
 8.26251  0.99545
 8.33344  0.99506
 8.40436  0.99427
 8.47528  0.99259
 8.54621  0.99003
 8.61713  0.99050
 8.68805  0.99064
 8.75897  0.98904
 8.82990  0.98934
 8.90082  0.98984
 8.97174  0.98994
 9.04267  0.99050
 9.11359  0.99070
 9.18451  0.99133
 9.25543  0.99340
 9.32636  0.99497
 9.39728  0.99629
 9.46820  0.99481
 9.53913  0.99666
 9.61005  0.99790
 9.68097  0.99954
 9.75189  1.00061
 9.82282  1.00138
 9.89374  1.00306
 9.96466  1.00227
10.03559  1.00301
10.10651  1.00591
10.17743  1.00429
10.24836  1.00550
10.31928  1.00373
10.39020  1.00681
10.46112  1.00503
10.53205  1.00624
10.60297  1.00522
10.67389  1.00502
10.74482  1.00525
10.81574  1.00403
10.88666  1.00268
10.95758  1.00400
11.02851  1.00351
11.09943  1.00186
11.17035  1.00121
11.24128  1.00121
11.31220  1.00083
11.38312  1.00045
11.45404  0.99975
11.52497  1.00120
11.59589  0.99885
11.66681  0.99993
11.73774  1.00020
11.80866  0.99975
11.87958  0.99965
11.95050  0.99894
12.02143  0.99984
12.09235  0.99942
12.16327  0.99771
12.23420  1.00037
12.30512  1.00009
12.37604  1.00039
12.44696  0.99996
12.51789  0.99965
12.58881  0.99923
12.65973  0.99973
12.73066  1.00043
12.80158  1.00175
12.87250  1.00078
12.94342  1.00215
13.01435  1.00107
13.08527  1.00192
13.15619  1.00027
13.22712  1.00151
13.29804  1.00099
13.36896  1.00179
13.43988  1.00154
13.51081  1.00176
13.58173  1.00190
13.65265  1.00246
13.72358  1.00068
13.79450  1.00124
13.86542  1.00191
13.93634  1.00143
14.00727  1.00122
14.07819  1.00135
14.14911  1.00148
14.22004  1.00155
14.29096  1.00124
14.36188  1.00090
14.43280  1.00109
14.50373  1.00074
14.57465  1.00095
14.64557  1.00121
14.71650  1.00058
14.78742  1.00015
14.85834  1.00122
14.92926  1.00072
15.00019  1.00138
15.07111  1.00054
15.14203  1.00168
15.21296  1.00019
15.28388  1.00069
15.35480  1.00110
15.42572  1.00067
15.49665  1.00143
15.56757  0.99999
15.63849  1.00068
15.70942  1.00071
15.78034  1.00064
15.85126  1.00096
15.92218  1.00011
15.99311  1.00041
16.06403  1.00061
16.13495  1.00122
16.20588  1.00156
16.27680  1.00107
16.34772  1.00156
16.41864  1.00130
16.48957  1.00126
16.56049  1.00083
16.63141  1.00073
16.70234  1.00089
16.77326  1.00108
16.84418  1.00096
16.91511  1.00163
16.98603  1.00057
17.05695  1.00066
17.12787  1.00224
17.19880  1.00104
17.26972  1.00116
17.34064  1.00088
17.41157  1.00175
17.48249  1.00068
17.55341  1.00232
17.62433  1.00111
17.69526  1.00068
17.76618  1.00059
17.83710  1.00104
17.90803  1.00089
17.97895  1.00088
18.04987  1.00027
18.12079  1.00085
18.19172  1.00111
18.26264  1.00070
18.33356  1.00181
18.40449  1.00098
18.47541  1.00120
18.54633  1.00147
18.61725  1.00132
18.68818  1.00137
18.75910  1.00064
18.83002  1.00058
18.90095  1.00184
18.97187  1.00069
19.04279  1.00112
19.11371  1.00134
19.18464  1.00154
19.25556  1.00137
19.32648  1.00130
19.39741  1.00085
19.46833  1.00103
19.53925  1.00121
19.61017  1.00169
19.68110  1.00088
19.75202  1.00147
19.82294  1.00160
19.89387  1.00094
19.96479  1.00085
20.03571  1.00107
20.10663  1.00149
20.17756  1.00104
20.24848  1.00192
20.31940  1.00191
20.39033  1.00107
20.46125  1.00134
20.53217  1.00119
20.60309  1.00090
20.67402  1.00023
20.74494  1.00147
20.81586  1.00041
20.88679  1.00110
20.95771  1.00050
21.02863  1.00104
21.09955  1.00046
21.17048  1.00181
21.24140  1.00055
