 0.03546  0.00000
 0.10638  0.00000
 0.17731  0.00000
 0.24823  0.00000
 0.31915  0.00000
 0.39008  0.00000
 0.46100  0.00000
 0.53192  0.00000
 0.60284  0.00000
 0.67377  0.00000
 0.74469  0.00000
 0.81561  0.00000
 0.88654  0.00000
 0.95746  0.00000
 1.02838  0.00000
 1.09930  0.00000
 1.17023  0.00000
 1.24115  0.00000
 1.31207  0.00000
 1.38300  0.00000
 1.45392  0.00000
 1.52484  0.00000
 1.59576  0.00000
 1.66669  0.00000
 1.73761  0.00000
 1.80853  0.00000
 1.87946  0.00000
 1.95038  0.00000
 2.02130  0.00000
 2.09222  0.00000
 2.16315  0.00000
 2.23407  0.00000
 2.30499  0.00000
 2.37592  0.00000
 2.44684  0.00000
 2.51776  0.00000
 2.58868  0.00000
 2.65961  0.00002
 2.73053  0.00061
 2.80145  0.00543
 2.87238  0.03078
 2.94330  0.11346
 3.01422  0.28162
 3.08514  0.53700
 3.15607  0.83440
 3.22699  1.11624
 3.29791  1.34254
 3.36884  1.51677
 3.43976  1.63427
 3.51068  1.67372
 3.58161  1.63817
 3.65253  1.54574
 3.72345  1.41951
 3.79437  1.28115
 3.86530  1.12898
 3.93622  0.98557
 4.00714  0.87421
 4.07807  0.80494
 4.14899  0.77414
 4.21991  0.77685
 4.29083  0.79987
 4.36176  0.84120
 4.43268  0.89020
 4.50360  0.94296
 4.57453  0.99825
 4.64545  1.04173
 4.71637  1.07866
 4.78729  1.09458
 4.85822  1.10362
 4.92914  1.10607
 5.00006  1.09992
 5.07099  1.09264
 5.14191  1.08072
 5.21283  1.07146
 5.28375  1.05977
 5.35468  1.04778
 5.42560  1.03832
 5.49652  1.03008
 5.56745  1.02231
 5.63837  1.01305
 5.70929  1.00570
 5.78021  1.00220
 5.85114  0.99285
 5.92206  0.98445
 5.99298  0.97925
 6.06391  0.97028
 6.13483  0.96409
 6.20575  0.95332
 6.27667  0.94755
 6.34760  0.93905
 6.41852  0.93430
 6.48944  0.93016
 6.56037  0.93160
 6.63129  0.93201
 6.70221  0.93894
 6.77313  0.94297
 6.84406  0.95547
 6.91498  0.96313
 6.98590  0.97532
 7.05683  0.98561
 7.12775  0.99636
 7.19867  1.00806
 7.26959  1.01778
 7.34052  1.02609
 7.41144  1.03198
 7.48236  1.03473
 7.55329  1.03808
 7.62421  1.04003
 7.69513  1.04029
 7.76605  1.03670
 7.83698  1.03518
 7.90790  1.03062
 7.97882  1.02726
 8.04975  1.02243
 8.12067  1.01843
 8.19159  1.01535
 8.26251  1.01054
 8.33344  1.00515
 8.40436  1.00177
 8.47528  0.99865
 8.54621  0.99573
 8.61713  0.99210
 8.68805  0.98858
 8.75897  0.98958
 8.82990  0.98724
 8.90082  0.98767
 8.97174  0.98782
 9.04267  0.98740
 9.11359  0.98808
 9.18451  0.98840
 9.25543  0.98974
 9.32636  0.99258
 9.39728  0.99227
 9.46820  0.99666
 9.53913  0.99572
 9.61005  0.99841
 9.68097  0.99883
 9.75189  1.00154
 9.82282  1.00354
 9.89374  1.00209
 9.96466  1.00413
10.03559  1.00541
10.10651  1.00467
10.17743  1.00645
10.24836  1.00607
10.31928  1.00270
10.39020  1.00458
10.46112  1.00416
10.53205  1.00233
10.60297  1.00314
10.67389  1.00290
10.74482  1.00267
10.81574  1.00239
10.88666  1.00154
10.95758  1.00094
11.02851  1.00183
11.09943  1.00198
11.17035  0.99936
11.24128  0.99959
11.31220  1.00063
11.38312  0.99969
11.45404  1.00068
11.52497  1.00084
11.59589  1.00063
11.66681  1.00140
11.73774  1.00037
11.80866  1.00127
11.87958  1.00140
11.95050  1.00027
12.02143  1.00061
12.09235  1.00140
12.16327  1.00089
12.23420  1.00093
12.30512  1.00111
12.37604  1.00158
12.44696  1.00121
12.51789  1.00137
12.58881  1.00088
12.65973  1.00135
12.73066  1.00191
12.80158  1.00063
12.87250  1.00128
12.94342  1.00041
13.01435  1.00085
13.08527  1.00010
13.15619  0.99992
13.22712  1.00101
13.29804  1.00099
13.36896  1.00008
13.43988  1.00107
13.51081  0.99930
13.58173  1.00201
13.65265  1.00081
13.72358  1.00144
13.79450  1.00063
13.86542  1.00093
13.93634  1.00106
14.00727  1.00082
14.07819  1.00152
14.14911  1.00077
14.22004  1.00151
14.29096  1.00012
14.36188  1.00141
14.43280  1.00109
14.50373  1.00162
14.57465  1.00130
14.64557  1.00120
14.71650  1.00140
14.78742  1.00203
14.85834  1.00076
14.92926  1.00146
15.00019  1.00141
15.07111  1.00115
15.14203  1.00075
15.21296  1.00079
15.28388  1.00080
15.35480  1.00128
15.42572  1.00089
15.49665  1.00084
15.56757  1.00119
15.63849  1.00098
15.70942  1.00110
15.78034  1.00130
15.85126  1.00262
15.92218  1.00053
15.99311  1.00154
16.06403  1.00101
16.13495  1.00046
16.20588  1.00140
16.27680  1.00090
16.34772  1.00135
16.41864  1.00116
16.48957  1.00000
16.56049  1.00120
16.63141  1.00089
16.70234  1.00140
16.77326  1.00057
16.84418  1.00093
16.91511  1.00156
16.98603  1.00104
17.05695  1.00013
17.12787  1.00096
17.19880  1.00096
17.26972  1.00140
17.34064  1.00099
17.41157  1.00117
17.48249  1.00093
17.55341  1.00085
17.62433  1.00119
17.69526  1.00099
17.76618  1.00185
17.83710  1.00151
17.90803  1.00124
17.97895  1.00048
18.04987  1.00163
18.12079  1.00161
18.19172  1.00166
18.26264  1.00104
18.33356  1.00207
18.40449  1.00103
18.47541  1.00097
18.54633  1.00209
18.61725  1.00136
18.68818  1.00083
18.75910  1.00133
18.83002  1.00056
18.90095  1.00066
18.97187  1.00135
19.04279  1.00124
19.11371  1.00182
19.18464  1.00178
19.25556  1.00057
19.32648  1.00151
19.39741  1.00137
19.46833  1.00190
19.53925  1.00109
19.61017  1.00065
19.68110  1.00087
19.75202  1.00058
19.82294  1.00111
19.89387  1.00069
19.96479  1.00169
20.03571  1.00135
20.10663  1.00132
20.17756  1.00152
20.24848  1.00093
20.31940  1.00229
20.39033  1.00107
20.46125  1.00149
20.53217  1.00151
20.60309  1.00141
20.67402  1.00169
20.74494  1.00106
20.81586  1.00081
20.88679  1.00168
20.95771  1.00166
21.02863  1.00080
21.09955  1.00122
21.17048  1.00129
21.24140  1.00098
