 0.03546      inf
 0.10638      inf
 0.17731      inf
 0.24823      inf
 0.31915      inf
 0.39008      inf
 0.46100      inf
 0.53192      inf
 0.60284      inf
 0.67377      inf
 0.74469      inf
 0.81561      inf
 0.88654      inf
 0.95746      inf
 1.02838      inf
 1.09930      inf
 1.17023      inf
 1.24115      inf
 1.31207      inf
 1.38300      inf
 1.45392      inf
 1.52484      inf
 1.59576      inf
 1.66669      inf
 1.73761      inf
 1.80853      inf
 1.87946      inf
 1.95038      inf
 2.02130      inf
 2.09222      inf
 2.16315      inf
 2.23407      inf
 2.30499      inf
 2.37592      inf
 2.44684      inf
 2.51776      inf
 2.58868      inf
 2.65961      inf
 2.73053      inf
 2.80145  5.57661
 2.87238  4.15013
 2.94330  3.17860
 3.01422  2.40653
 3.08514  1.83735
 3.15607  1.36428
 3.22699  0.92607
 3.29791  0.52221
 3.36884  0.19952
 3.43976 -0.02536
 3.51068 -0.17066
 3.58161 -0.26326
 3.65253 -0.31556
 3.72345 -0.34184
 3.79437 -0.34596
 3.86530 -0.33404
 3.93622 -0.31040
 4.00714 -0.28364
 4.07807 -0.25193
 4.14899 -0.22541
 4.21991 -0.19840
 4.29083 -0.16872
 4.36176 -0.14009
 4.43268 -0.11490
 4.50360 -0.08553
 4.57453 -0.05861
 4.64545 -0.03240
 4.71637 -0.00681
 4.78729  0.01517
 4.85822  0.03564
 4.92914  0.05255
 5.00006  0.06834
 5.07099  0.08042
 5.14191  0.08931
 5.21283  0.09597
 5.28375  0.10353
 5.35468  0.10278
 5.42560  0.10310
 5.49652  0.10178
 5.56745  0.09619
 5.63837  0.08936
 5.70929  0.08146
 5.78021  0.07337
 5.85114  0.06202
 5.92206  0.05027
 5.99298  0.04022
 6.06391  0.02925
 6.13483  0.01883
 6.20575  0.01069
 6.27667  0.00201
 6.34760 -0.00448
 6.41852 -0.00920
 6.48944 -0.01306
 6.56037 -0.01397
 6.63129 -0.01577
 6.70221 -0.01747
 6.77313 -0.02017
 6.84406 -0.01904
 6.91498 -0.01916
 6.98590 -0.01825
 7.05683 -0.01875
 7.12775 -0.01917
 7.19867 -0.01613
 7.26959 -0.01550
 7.34052 -0.01548
 7.41144 -0.01412
 7.48236 -0.01243
 7.55329 -0.01010
 7.62421 -0.00859
 7.69513 -0.00859
 7.76605 -0.00644
 7.83698 -0.00416
 7.90790 -0.00371
 7.97882 -0.00139
 8.04975 -0.00111
 8.12067 -0.00066
 8.19159  0.00075
 8.26251  0.00270
 8.33344  0.00293
 8.40436  0.00340
 8.47528  0.00440
 8.54621  0.00593
 8.61713  0.00565
 8.68805  0.00557
 8.75897  0.00653
 8.82990  0.00634
 8.90082  0.00604
 8.97174  0.00598
 9.04267  0.00565
 9.11359  0.00553
 9.18451  0.00516
 9.25543  0.00392
 9.32636  0.00298
 9.39728  0.00220
 9.46820  0.00308
 9.53913  0.00198
 9.61005  0.00124
 9.68097  0.00027
 9.75189 -0.00036
 9.82282 -0.00082
 9.89374 -0.00181
 9.96466 -0.00134
10.03559 -0.00178
10.10651 -0.00349
10.17743 -0.00253
10.24836 -0.00325
10.31928 -0.00221
10.39020 -0.00402
10.46112 -0.00297
10.53205 -0.00368
10.60297 -0.00308
10.67389 -0.00297
10.74482 -0.00310
10.81574 -0.00238
10.88666 -0.00158
10.95758 -0.00237
11.02851 -0.00208
11.09943 -0.00110
11.17035 -0.00072
11.24128 -0.00072
11.31220 -0.00049
11.38312 -0.00027
11.45404  0.00015
11.52497 -0.00071
11.59589  0.00068
11.66681  0.00004
11.73774 -0.00012
11.80866  0.00015
11.87958  0.00021
11.95050  0.00063
12.02143  0.00010
12.09235  0.00034
12.16327  0.00136
12.23420 -0.00022
12.30512 -0.00005
12.37604 -0.00023
12.44696  0.00002
12.51789  0.00021
12.58881  0.00046
12.65973  0.00016
12.73066 -0.00026
12.80158 -0.00103
12.87250 -0.00046
12.94342 -0.00127
13.01435 -0.00063
13.08527 -0.00113
13.15619 -0.00016
13.22712 -0.00089
13.29804 -0.00058
13.36896 -0.00106
13.43988 -0.00091
13.51081 -0.00104
13.58173 -0.00112
13.65265 -0.00145
13.72358 -0.00040
13.79450 -0.00073
13.86542 -0.00113
13.93634 -0.00085
14.00727 -0.00072
14.07819 -0.00080
14.14911 -0.00087
14.22004 -0.00092
14.29096 -0.00073
14.36188 -0.00053
14.43280 -0.00065
14.50373 -0.00044
14.57465 -0.00056
14.64557 -0.00072
14.71650 -0.00034
14.78742 -0.00009
14.85834 -0.00072
14.92926 -0.00043
15.00019 -0.00081
15.07111 -0.00032
15.14203 -0.00099
15.21296 -0.00011
15.28388 -0.00041
15.35480 -0.00065
15.42572 -0.00040
15.49665 -0.00084
15.56757  0.00001
15.63849 -0.00040
15.70942 -0.00042
15.78034 -0.00038
15.85126 -0.00057
15.92218 -0.00007
15.99311 -0.00024
16.06403 -0.00036
16.13495 -0.00072
16.20588 -0.00093
16.27680 -0.00063
16.34772 -0.00092
16.41864 -0.00077
16.48957 -0.00074
16.56049 -0.00049
16.63141 -0.00043
16.70234 -0.00053
16.77326 -0.00064
16.84418 -0.00057
16.91511 -0.00097
16.98603 -0.00034
17.05695 -0.00039
17.12787 -0.00133
17.19880 -0.00061
17.26972 -0.00069
17.34064 -0.00052
17.41157 -0.00103
17.48249 -0.00040
17.55341 -0.00137
17.62433 -0.00066
17.69526 -0.00040
17.76618 -0.00035
17.83710 -0.00061
17.90803 -0.00053
17.97895 -0.00052
18.04987 -0.00016
18.12079 -0.00050
18.19172 -0.00066
18.26264 -0.00041
18.33356 -0.00107
18.40449 -0.00058
18.47541 -0.00071
18.54633 -0.00087
18.61725 -0.00078
18.68818 -0.00081
18.75910 -0.00038
18.83002 -0.00035
18.90095 -0.00109
18.97187 -0.00041
19.04279 -0.00066
19.11371 -0.00079
19.18464 -0.00091
19.25556 -0.00081
19.32648 -0.00077
19.39741 -0.00050
19.46833 -0.00061
19.53925 -0.00071
19.61017 -0.00100
19.68110 -0.00052
19.75202 -0.00087
19.82294 -0.00094
19.89387 -0.00056
19.96479 -0.00050
20.03571 -0.00063
20.10663 -0.00088
20.17756 -0.00061
20.24848 -0.00113
20.31940 -0.00113
20.39033 -0.00063
20.46125 -0.00079
20.53217 -0.00070
20.60309 -0.00053
20.67402 -0.00014
20.74494 -0.00087
20.81586 -0.00024
20.88679 -0.00065
20.95771 -0.00030
21.02863 -0.00061
21.09955 -0.00027
21.17048 -0.00107
21.24140 -0.00033
