 0.03546      inf      nan
 0.10638      inf      nan
 0.17731      inf      nan
 0.24823      inf      nan
 0.31915      inf      nan
 0.39008      inf      nan
 0.46100      inf      nan
 0.53192      inf      nan
 0.60284      inf      nan
 0.67377      inf      nan
 0.74469      inf      nan
 0.81561      inf      nan
 0.88654      inf      nan
 0.95746      inf      nan
 1.02838      inf      nan
 1.09930      inf      nan
 1.17023      inf      nan
 1.24115      inf      nan
 1.31207      inf      nan
 1.38300      inf      nan
 1.45392      inf      nan
 1.52484      inf      nan
 1.59576      inf      nan
 1.66669      inf      nan
 1.73761      inf      nan
 1.80853      inf      nan
 1.87946      inf      nan
 1.95038      inf      nan
 2.02130      inf      nan
 2.09222      inf      nan
 2.16315      inf      nan
 2.23407      inf      nan
 2.30499      inf      nan
 2.37592      inf      nan
 2.44684      inf      nan
 2.51776      inf      nan
 2.58868      inf      nan
 2.65961      inf      nan
 2.73053      inf      nan
 2.80145      inf      nan
 2.87238      inf      nan
 2.94330      inf      nan
 3.01422      inf      nan
 3.08514      inf      nan
 3.15607      inf      nan
 3.22699  3.66199  0.34242
 3.29791  2.77579  0.15465
 3.36884  2.16486  0.08788
 3.43976  1.67367  0.05573
 3.51068  1.22996  0.03933
 3.58161  0.76872  0.02652
 3.65253  0.40250  0.01819
 3.72345  0.06757  0.01576
 3.79437 -0.20631  0.01119
 3.86530 -0.41008  0.01042
 3.93622 -0.57990  0.00835
 4.00714 -0.67585  0.00895
 4.07807 -0.69484  0.00785
 4.14899 -0.69779  0.00764
 4.21991 -0.67840  0.00736
 4.29083 -0.67181  0.00736
 4.36176 -0.67073  0.00730
 4.43268 -0.65527  0.00779
 4.50360 -0.65766  0.00716
 4.57453 -0.62428  0.00773
 4.64545 -0.60104  0.00767
 4.71637 -0.57301  0.00823
 4.78729 -0.53766  0.00784
 4.85822 -0.49988  0.00771
 4.92914 -0.43851  0.00797
 5.00006 -0.41610  0.00839
 5.07099 -0.36943  0.00811
 5.14191 -0.33763  0.00790
 5.21283 -0.30099  0.00843
 5.28375 -0.25856  0.00840
 5.35468 -0.23091  0.00793
 5.42560 -0.19398  0.00962
 5.49652 -0.17528  0.00871
 5.56745 -0.14469  0.00844
 5.63837 -0.13259  0.00871
 5.70929 -0.12623  0.00850
 5.78021 -0.10603  0.00878
 5.85114 -0.09339  0.00757
 5.92206 -0.08605  0.00759
 5.99298 -0.07611  0.00850
 6.06391 -0.10329  0.00818
 6.13483 -0.07771  0.00844
 6.20575 -0.07794  0.00776
 6.27667 -0.08511  0.00803
 6.34760 -0.08967  0.00824
 6.41852 -0.11443  0.00731
 6.48944 -0.11166  0.00769
 6.56037 -0.10877  0.00707
 6.63129 -0.11209  0.00718
 6.70221 -0.12566  0.00760
 6.77313 -0.11707  0.00758
 6.84406 -0.13317  0.00721
 6.91498 -0.11422  0.00662
 6.98590 -0.11519  0.00682
 7.05683 -0.11622  0.00672
 7.12775 -0.11394  0.00751
 7.19867 -0.11168  0.00646
 7.26959 -0.09280  0.00541
 7.34052 -0.10049  0.00628
 7.41144 -0.09825  0.00723
 7.48236 -0.09462  0.00668
 7.55329 -0.08313  0.00704
 7.62421 -0.08108  0.00638
 7.69513 -0.07780  0.00697
 7.76605 -0.07305  0.00616
 7.83698 -0.07109  0.00657
 7.90790 -0.07526  0.00555
 7.97882 -0.06866  0.00621
 8.04975 -0.07158  0.00592
 8.12067 -0.07667  0.00577
 8.19159 -0.07354  0.00582
 8.26251 -0.07916  0.00551
 8.33344 -0.06681  0.00555
 8.40436 -0.07081  0.00616
 8.47528 -0.07280  0.00648
 8.54621 -0.07612  0.00615
 8.61713 -0.07998  0.00578
 8.68805 -0.07007  0.00597
 8.75897 -0.07296  0.00582
 8.82990 -0.06870  0.00545
 8.90082 -0.06957  0.00550
 8.97174 -0.07430  0.00548
 9.04267 -0.06460  0.00630
 9.11359 -0.06806  0.00557
 9.18451 -0.05611  0.00580
 9.25543 -0.05453  0.00506
 9.32636 -0.05416  0.00490
 9.39728 -0.04452  0.00562
 9.46820 -0.03771  0.00541
 9.53913 -0.04374  0.00557
 9.61005 -0.03772  0.00573
 9.68097 -0.03116  0.00509
 9.75189 -0.03149  0.00546
 9.82282 -0.02539  0.00573
 9.89374 -0.02397  0.00583
 9.96466 -0.02970  0.00536
10.03559 -0.02155  0.00492
10.10651 -0.01523  0.00490
10.17743 -0.02718  0.00508
10.24836 -0.02180  0.00538
10.31928 -0.01391  0.00513
10.39020 -0.02161  0.00499
10.46112 -0.01526  0.00487
10.53205 -0.03237  0.00543
10.60297 -0.01916  0.00455
10.67389 -0.02185  0.00515
10.74482 -0.01454  0.00506
10.81574 -0.02478  0.00498
10.88666 -0.02322  0.00424
10.95758 -0.01735  0.00460
11.02851 -0.02427  0.00494
11.09943 -0.03379  0.00475
11.17035 -0.02482  0.00445
11.24128 -0.02575  0.00462
11.31220 -0.02948  0.00495
11.38312 -0.01883  0.00425
11.45404 -0.01752  0.00487
11.52497 -0.02380  0.00439
11.59589 -0.02826  0.00455
11.66681 -0.02424  0.00468
11.73774 -0.02099  0.00441
11.80866 -0.01047  0.00454
11.87958 -0.02399  0.00419
11.95050 -0.01507  0.00412
12.02143 -0.02228  0.00415
12.09235 -0.02020  0.00433
12.16327 -0.01911  0.00442
12.23420 -0.01262  0.00420
12.30512 -0.01421  0.00401
12.37604 -0.01690  0.00425
12.44696 -0.01303  0.00455
12.51789 -0.01188  0.00405
12.58881 -0.01716  0.00417
12.65973 -0.01428  0.00427
12.73066 -0.00926  0.00387
12.80158 -0.00701  0.00384
12.87250 -0.00802  0.00392
12.94342 -0.01054  0.00401
13.01435 -0.00071  0.00412
13.08527 -0.00823  0.00417
13.15619 -0.01090  0.00410
13.22712 -0.00554  0.00378
13.29804 -0.00557  0.00430
13.36896 -0.00643  0.00389
13.43988 -0.01210  0.00404
13.51081 -0.00341  0.00354
13.58173  0.00035  0.00364
13.65265 -0.01092  0.00355
13.72358 -0.00926  0.00371
13.79450 -0.01769  0.00367
13.86542  0.00178  0.00373
13.93634 -0.00113  0.00368
14.00727 -0.00271  0.00405
14.07819 -0.01070  0.00363
14.14911  0.00240  0.00408
14.22004 -0.01099  0.00374
14.29096  0.00140  0.00329
14.36188 -0.00196  0.00384
14.43280 -0.00731  0.00366
14.50373 -0.00273  0.00338
14.57465 -0.00376  0.00342
14.64557 -0.00388  0.00373
14.71650 -0.00033  0.00335
14.78742 -0.00706  0.00380
14.85834 -0.00490  0.00357
14.92926 -0.00123  0.00354
15.00019 -0.00351  0.00305
15.07111 -0.00092  0.00326
15.14203 -0.00468  0.00343
15.21296 -0.00245  0.00341
15.28388  0.00313  0.00307
15.35480 -0.00186  0.00354
15.42572 -0.00427  0.00325
15.49665 -0.00365  0.00352
15.56757 -0.00075  0.00301
15.63849 -0.00061  0.00331
15.70942  0.00122  0.00308
15.78034  0.00313  0.00318
15.85126 -0.00585  0.00315
15.92218  0.00335  0.00261
15.99311  0.00426  0.00332
16.06403  0.00126  0.00318
16.13495  0.00030  0.00303
16.20588  0.00207  0.00322
16.27680 -0.00007  0.00295
16.34772  0.00468  0.00302
16.41864  0.00617  0.00308
16.48957  0.00528  0.00296
16.56049  0.00738  0.00298
16.63141  0.00644  0.00312
16.70234  0.00757  0.00336
16.77326  0.00609  0.00318
16.84418  0.00357  0.00307
16.91511  0.00412  0.00299
16.98603  0.00355  0.00312
17.05695  0.01064  0.00268
17.12787  0.00251  0.00298
17.19880  0.00261  0.00309
17.26972  0.01083  0.00320
17.34064  0.00890  0.00323
17.41157  0.00551  0.00298
17.48249  0.00171  0.00283
17.55341  0.00577  0.00291
17.62433  0.00992  0.00295
17.69526  0.01061  0.00310
17.76618  0.00706  0.00283
17.83710  0.00443  0.00272
17.90803  0.01004  0.00281
17.97895  0.00654  0.00280
18.04987  0.00851  0.00276
18.12079  0.00903  0.00227
18.19172  0.00982  0.00305
18.26264  0.00546  0.00269
18.33356  0.00598  0.00293
18.40449  0.01031  0.00273
18.47541  0.00636  0.00277
18.54633  0.00850  0.00271
18.61725  0.00785  0.00271
18.68818  0.01083  0.00290
18.75910  0.00917  0.00262
18.83002  0.00667  0.00288
18.90095  0.01050  0.00293
18.97187  0.01516  0.00251
19.04279  0.01037  0.00271
19.11371  0.00840  0.00262
19.18464  0.00890  0.00270
19.25556  0.01040  0.00243
19.32648  0.00558  0.00240
19.39741  0.00914  0.00244
19.46833  0.01220  0.00263
19.53925  0.00803  0.00253
19.61017  0.01067  0.00262
19.68110  0.00532  0.00202
19.75202  0.00989  0.00229
19.82294  0.00973  0.00255
19.89387  0.01024  0.00250
19.96479  0.00953  0.00261
20.03571  0.01482  0.00192
20.10663  0.00555  0.00249
20.17756  0.01131  0.00232
20.24848  0.00972  0.00252
20.31940  0.01017  0.00271
20.39033  0.00715  0.00249
20.46125  0.01264  0.00250
20.53217  0.01133  0.00246
20.60309  0.01048  0.00253
20.67402  0.00749  0.00242
20.74494  0.00819  0.00255
20.81586  0.01002  0.00264
20.88679  0.01061  0.00234
20.95771  0.01352  0.00222
21.02863  0.01310  0.00231
21.09955  0.01254  0.00242
21.17048  0.01566  0.00268
21.24140  0.00874  0.00239
