 0.03546      inf
 0.10638      inf
 0.17731      inf
 0.24823      inf
 0.31915      inf
 0.39008      inf
 0.46100      inf
 0.53192      inf
 0.60284      inf
 0.67377      inf
 0.74469      inf
 0.81561      inf
 0.88654      inf
 0.95746      inf
 1.02838      inf
 1.09930      inf
 1.17023      inf
 1.24115      inf
 1.31207      inf
 1.38300      inf
 1.45392      inf
 1.52484      inf
 1.59576      inf
 1.66669      inf
 1.73761      inf
 1.80853      inf
 1.87946      inf
 1.95038      inf
 2.02130      inf
 2.09222      inf
 2.16315      inf
 2.23407      inf
 2.30499      inf
 2.37592      inf
 2.44684      inf
 2.51776      inf
 2.58868      inf
 2.65961  6.46788
 2.73053  4.38587
 2.80145  3.08743
 2.87238  2.06059
 2.94330  1.28839
 3.01422  0.75017
 3.08514  0.36808
 3.15607  0.10718
 3.22699 -0.06510
 3.29791 -0.17438
 3.36884 -0.24662
 3.43976 -0.29079
 3.51068 -0.30491
 3.58161 -0.29220
 3.65253 -0.25782
 3.72345 -0.20738
 3.79437 -0.14667
 3.86530 -0.07182
 3.93622  0.00860
 4.00714  0.07958
 4.07807  0.12845
 4.14899  0.15155
 4.21991  0.14949
 4.29083  0.13220
 4.36176  0.10237
 4.43268  0.06886
 4.50360  0.03477
 4.57453  0.00104
 4.64545 -0.02420
 4.71637 -0.04483
 4.78729 -0.05350
 4.85822 -0.05837
 4.92914 -0.05968
 5.00006 -0.05638
 5.07099 -0.05245
 5.14191 -0.04595
 5.21283 -0.04086
 5.28375 -0.03437
 5.35468 -0.02763
 5.42560 -0.02226
 5.49652 -0.01754
 5.56745 -0.01306
 5.63837 -0.00768
 5.70929 -0.00336
 5.78021 -0.00130
 5.85114  0.00425
 5.92206  0.00928
 5.99298  0.01241
 6.06391  0.01786
 6.13483  0.02165
 6.20575  0.02830
 6.27667  0.03189
 6.34760  0.03723
 6.41852  0.04023
 6.48944  0.04286
 6.56037  0.04195
 6.63129  0.04169
 6.70221  0.03730
 6.77313  0.03476
 6.84406  0.02697
 6.91498  0.02224
 6.98590  0.01479
 7.05683  0.00858
 7.12775  0.00216
 7.19867 -0.00476
 7.26959 -0.01043
 7.34052 -0.01525
 7.41144 -0.01864
 7.48236 -0.02021
 7.55329 -0.02212
 7.62421 -0.02324
 7.69513 -0.02338
 7.76605 -0.02134
 7.83698 -0.02047
 7.90790 -0.01785
 7.97882 -0.01592
 8.04975 -0.01313
 8.12067 -0.01081
 8.19159 -0.00902
 8.26251 -0.00621
 8.33344 -0.00304
 8.40436 -0.00105
 8.47528  0.00080
 8.54621  0.00253
 8.61713  0.00469
 8.68805  0.00680
 8.75897  0.00620
 8.82990  0.00760
 8.90082  0.00735
 8.97174  0.00725
 9.04267  0.00751
 9.11359  0.00710
 9.18451  0.00691
 9.25543  0.00610
 9.32636  0.00441
 9.39728  0.00459
 9.46820  0.00198
 9.53913  0.00254
 9.61005  0.00094
 9.68097  0.00069
 9.75189 -0.00091
 9.82282 -0.00209
 9.89374 -0.00123
 9.96466 -0.00244
10.03559 -0.00319
10.10651 -0.00276
10.17743 -0.00381
10.24836 -0.00358
10.31928 -0.00159
10.39020 -0.00270
10.46112 -0.00246
10.53205 -0.00138
10.60297 -0.00186
10.67389 -0.00172
10.74482 -0.00158
10.81574 -0.00141
10.88666 -0.00091
10.95758 -0.00055
11.02851 -0.00108
11.09943 -0.00117
11.17035  0.00038
11.24128  0.00024
11.31220 -0.00037
11.38312  0.00019
11.45404 -0.00040
11.52497 -0.00050
11.59589 -0.00037
11.66681 -0.00083
11.73774 -0.00022
11.80866 -0.00075
11.87958 -0.00083
11.95050 -0.00016
12.02143 -0.00036
12.09235 -0.00083
12.16327 -0.00053
12.23420 -0.00055
12.30512 -0.00066
12.37604 -0.00093
12.44696 -0.00072
12.51789 -0.00081
12.58881 -0.00052
12.65973 -0.00080
12.73066 -0.00113
12.80158 -0.00037
12.87250 -0.00076
12.94342 -0.00024
13.01435 -0.00050
13.08527 -0.00006
13.15619  0.00005
13.22712 -0.00060
13.29804 -0.00059
13.36896 -0.00005
13.43988 -0.00063
13.51081  0.00042
13.58173 -0.00119
13.65265 -0.00048
13.72358 -0.00085
13.79450 -0.00037
13.86542 -0.00055
13.93634 -0.00063
14.00727 -0.00049
14.07819 -0.00090
14.14911 -0.00046
14.22004 -0.00089
14.29096 -0.00007
14.36188 -0.00084
14.43280 -0.00064
14.50373 -0.00096
14.57465 -0.00077
14.64557 -0.00071
14.71650 -0.00083
14.78742 -0.00120
14.85834 -0.00045
14.92926 -0.00086
15.00019 -0.00083
15.07111 -0.00068
15.14203 -0.00044
15.21296 -0.00047
15.28388 -0.00047
15.35480 -0.00076
15.42572 -0.00053
15.49665 -0.00050
15.56757 -0.00070
15.63849 -0.00058
15.70942 -0.00065
15.78034 -0.00077
15.85126 -0.00155
15.92218 -0.00031
15.99311 -0.00091
16.06403 -0.00060
16.13495 -0.00027
16.20588 -0.00083
16.27680 -0.00053
16.34772 -0.00080
16.41864 -0.00068
16.48957  0.00000
16.56049 -0.00071
16.63141 -0.00053
16.70234 -0.00083
16.77326 -0.00034
16.84418 -0.00055
16.91511 -0.00092
16.98603 -0.00062
17.05695 -0.00007
17.12787 -0.00057
17.19880 -0.00057
17.26972 -0.00083
17.34064 -0.00059
17.41157 -0.00069
17.48249 -0.00055
17.55341 -0.00050
17.62433 -0.00070
17.69526 -0.00059
17.76618 -0.00109
17.83710 -0.00089
17.90803 -0.00073
17.97895 -0.00028
18.04987 -0.00096
18.12079 -0.00095
18.19172 -0.00098
18.26264 -0.00062
18.33356 -0.00123
18.40449 -0.00061
18.47541 -0.00058
18.54633 -0.00124
18.61725 -0.00081
18.68818 -0.00049
18.75910 -0.00079
18.83002 -0.00033
18.90095 -0.00039
18.97187 -0.00080
19.04279 -0.00073
19.11371 -0.00108
19.18464 -0.00105
19.25556 -0.00034
19.32648 -0.00089
19.39741 -0.00081
19.46833 -0.00113
19.53925 -0.00065
19.61017 -0.00038
19.68110 -0.00051
19.75202 -0.00034
19.82294 -0.00066
19.89387 -0.00041
19.96479 -0.00100
20.03571 -0.00080
20.10663 -0.00078
20.17756 -0.00090
20.24848 -0.00055
20.31940 -0.00136
20.39033 -0.00064
20.46125 -0.00088
20.53217 -0.00089
20.60309 -0.00084
20.67402 -0.00100
20.74494 -0.00063
20.81586 -0.00048
20.88679 -0.00099
20.95771 -0.00098
21.02863 -0.00047
21.09955 -0.00072
21.17048 -0.00076
21.24140 -0.00058
