 0.03546      inf
 0.10638      inf
 0.17731      inf
 0.24823      inf
 0.31915      inf
 0.39008      inf
 0.46100      inf
 0.53192      inf
 0.60284      inf
 0.67377      inf
 0.74469      inf
 0.81561      inf
 0.88654      inf
 0.95746      inf
 1.02838      inf
 1.09930      inf
 1.17023      inf
 1.24115      inf
 1.31207      inf
 1.38300      inf
 1.45392      inf
 1.52484      inf
 1.59576      inf
 1.66669      inf
 1.73761      inf
 1.80853      inf
 1.87946      inf
 1.95038      inf
 2.02130      inf
 2.09222      inf
 2.16315  5.13957
 2.23407  4.35708
 2.30499  3.00207
 2.37592  2.02873
 2.44684  1.37114
 2.51776  0.88424
 2.58868  0.57089
 2.65961  0.36249
 2.73053  0.19515
 2.80145  0.09302
 2.87238  0.01601
 2.94330 -0.02518
 3.01422 -0.07328
 3.08514 -0.07756
 3.15607 -0.09148
 3.22699 -0.11045
 3.29791 -0.11444
 3.36884 -0.10645
 3.43976 -0.11740
 3.51068 -0.11696
 3.58161 -0.11473
 3.65253 -0.12319
 3.72345 -0.11848
 3.79437 -0.12628
 3.86530 -0.11951
 3.93622 -0.12531
 4.00714 -0.13892
 4.07807 -0.14036
 4.14899 -0.16105
 4.21991 -0.17838
 4.29083 -0.20087
 4.36176 -0.21965
 4.43268 -0.23002
 4.50360 -0.25072
 4.57453 -0.25363
 4.64545 -0.25565
 4.71637 -0.25607
 4.78729 -0.26645
 4.85822 -0.26486
 4.92914 -0.26556
 5.00006 -0.27528
 5.07099 -0.28188
 5.14191 -0.29097
 5.21283 -0.29932
 5.28375 -0.29847
 5.35468 -0.30185
 5.42560 -0.30138
 5.49652 -0.28484
 5.56745 -0.27305
 5.63837 -0.25364
 5.70929 -0.23455
 5.78021 -0.21607
 5.85114 -0.20075
 5.92206 -0.18064
 5.99298 -0.16665
 6.06391 -0.15687
 6.13483 -0.15200
 6.20575 -0.13893
 6.27667 -0.14234
 6.34760 -0.13753
 6.41852 -0.13645
 6.48944 -0.13499
 6.56037 -0.13731
 6.63129 -0.13414
 6.70221 -0.13329
 6.77313 -0.13486
 6.84406 -0.13525
 6.91498 -0.13616
 6.98590 -0.14155
 7.05683 -0.14420
 7.12775 -0.14959
 7.19867 -0.15592
 7.26959 -0.15714
 7.34052 -0.15540
 7.41144 -0.15245
 7.48236 -0.14349
 7.55329 -0.13638
 7.62421 -0.12953
 7.69513 -0.12143
 7.76605 -0.11298
 7.83698 -0.10618
 7.90790 -0.10266
 7.97882 -0.09453
 8.04975 -0.08627
 8.12067 -0.08577
 8.19159 -0.07858
 8.26251 -0.08039
 8.33344 -0.07289
 8.40436 -0.07122
 8.47528 -0.06560
 8.54621 -0.06578
 8.61713 -0.06543
 8.68805 -0.06303
 8.75897 -0.06035
 8.82990 -0.06131
 8.90082 -0.06097
 8.97174 -0.05763
 9.04267 -0.05701
 9.11359 -0.05328
 9.18451 -0.05784
 9.25543 -0.05548
 9.32636 -0.05641
 9.39728 -0.05190
 9.46820 -0.05032
 9.53913 -0.05427
 9.61005 -0.04908
 9.68097 -0.04707
 9.75189 -0.04765
 9.82282 -0.04520
 9.89374 -0.04417
 9.96466 -0.04503
10.03559 -0.03971
10.10651 -0.03900
10.17743 -0.03842
10.24836 -0.03637
10.31928 -0.03725
10.39020 -0.03035
10.46112 -0.03104
10.53205 -0.03319
10.60297 -0.02999
10.67389 -0.02973
10.74482 -0.02802
10.81574 -0.02530
10.88666 -0.02941
10.95758 -0.02612
11.02851 -0.02546
11.09943 -0.02317
11.17035 -0.02084
11.24128 -0.02309
11.31220 -0.02355
11.38312 -0.02248
11.45404 -0.02082
11.52497 -0.02276
11.59589 -0.01806
11.66681 -0.01823
11.73774 -0.01879
11.80866 -0.01756
11.87958 -0.01818
11.95050 -0.01610
12.02143 -0.01907
12.09235 -0.01731
12.16327 -0.01716
12.23420 -0.01585
12.30512 -0.01514
12.37604 -0.01786
12.44696 -0.01675
12.51789 -0.01397
12.58881 -0.01514
12.65973 -0.01475
12.73066 -0.01255
12.80158 -0.01188
12.87250 -0.01257
12.94342 -0.01087
13.01435 -0.01263
13.08527 -0.01176
13.15619 -0.00939
13.22712 -0.00977
13.29804 -0.00828
13.36896 -0.00713
13.43988 -0.00874
13.51081 -0.00858
13.58173 -0.00838
13.65265 -0.00682
13.72358 -0.00665
13.79450 -0.00595
13.86542 -0.00636
13.93634 -0.00448
14.00727 -0.00708
14.07819 -0.00464
14.14911 -0.00395
14.22004 -0.00617
14.29096 -0.00549
14.36188 -0.00567
14.43280 -0.00495
14.50373 -0.00109
14.57465 -0.00330
14.64557 -0.00555
14.71650 -0.00325
14.78742 -0.00265
14.85834 -0.00223
14.92926 -0.00294
15.00019 -0.00070
15.07111 -0.00248
15.14203 -0.00166
15.21296 -0.00118
15.28388 -0.00249
15.35480 -0.00085
15.42572 -0.00089
15.49665 -0.00125
15.56757  0.00094
15.63849  0.00029
15.70942 -0.00019
15.78034  0.00082
15.85126  0.00238
15.92218 -0.00055
15.99311 -0.00043
16.06403  0.00305
16.13495  0.00101
16.20588  0.00309
16.27680  0.00133
16.34772  0.00289
16.41864  0.00274
16.48957  0.00218
16.56049  0.00097
16.63141  0.00461
16.70234  0.00154
16.77326  0.00385
16.84418  0.00431
16.91511  0.00308
16.98603  0.00366
17.05695  0.00533
17.12787  0.00451
17.19880  0.00453
17.26972  0.00485
17.34064  0.00588
17.41157  0.00527
17.48249  0.00475
17.55341  0.00545
17.62433  0.00568
17.69526  0.00542
17.76618  0.00531
17.83710  0.00733
17.90803  0.00640
17.97895  0.00804
18.04987  0.00604
18.12079  0.00753
18.19172  0.00773
18.26264  0.00663
18.33356  0.00740
18.40449  0.00778
18.47541  0.00969
18.54633  0.00642
18.61725  0.00805
18.68818  0.00986
18.75910  0.00692
18.83002  0.00803
18.90095  0.00843
18.97187  0.00908
19.04279  0.00798
19.11371  0.00855
19.18464  0.00997
19.25556  0.00911
19.32648  0.00886
19.39741  0.00968
19.46833  0.00970
19.53925  0.00859
19.61017  0.01019
19.68110  0.00908
19.75202  0.00932
19.82294  0.00972
19.89387  0.01036
19.96479  0.00873
20.03571  0.00876
20.10663  0.00993
20.17756  0.01051
20.24848  0.00923
20.31940  0.00915
20.39033  0.01012
20.46125  0.01049
20.53217  0.00826
20.60309  0.01022
20.67402  0.00969
20.74494  0.00853
20.81586  0.01003
20.88679  0.00952
20.95771  0.01124
21.02863  0.01012
21.09955  0.00955
21.17048  0.01073
21.24140  0.01172
