 0.03557  0.00000      nan
 0.10672  0.00000      nan
 0.17787  0.00000      nan
 0.24902  0.00000      nan
 0.32017  0.00000      nan
 0.39132  0.00000      nan
 0.46247  0.00000      nan
 0.53362  0.00000      nan
 0.60476  0.00000      nan
 0.67591  0.00000      nan
 0.74706  0.00000      nan
 0.81821  0.00000      nan
 0.88936  0.00000      nan
 0.96051  0.00000      nan
 1.03166  0.00000      nan
 1.10281  0.00000      nan
 1.17396  0.00000      nan
 1.24510  0.00000      nan
 1.31625  0.00000      nan
 1.38740  0.00000      nan
 1.45855  0.00000      nan
 1.52970  0.00000      nan
 1.60085  0.00000      nan
 1.67200  0.00000      nan
 1.74315  0.00000      nan
 1.81429  0.00000      nan
 1.88544  0.00000      nan
 1.95659  0.00000      nan
 2.02774  0.00000      nan
 2.09889  0.00000      nan
 2.17004  0.00000      nan
 2.24119  0.00000      nan
 2.31234  0.00000      nan
 2.38348  0.00000      nan
 2.45463  0.00000      nan
 2.52578  0.00000      nan
 2.59693  0.00000      nan
 2.66808  0.00000      nan
 2.73923  0.00000      nan
 2.81038  0.00000      nan
 2.88153  0.00000      nan
 2.95267  0.00000      nan
 3.02382  0.00000      nan
 3.09497  0.00000      nan
 3.16612  0.00000      nan
 3.23727  0.00007  0.00007
 3.30842  0.00053  0.00020
 3.37957  0.00309  0.00044
 3.45072  0.01280  0.00101
 3.52187  0.04499  0.00231
 3.59301  0.10160  0.00361
 3.66416  0.21188  0.00569
 3.73531  0.37845  0.00846
 3.80646  0.61452  0.01154
 3.87761  0.92848  0.01460
 3.94876  1.31988  0.01774
 4.01991  1.83169  0.02141
 4.09106  2.52597  0.02563
 4.16220  3.40456  0.03059
 4.23335  4.40259  0.03538
 4.30450  5.45881  0.03993
 4.37565  6.38957  0.04374
 4.44680  6.91293  0.04541
 4.51795  6.93564  0.04424
 4.58910  6.53335  0.04019
 4.66025  6.05507  0.03716
 4.73139  5.62449  0.03408
 4.80254  5.29190  0.03277
 4.87369  4.95863  0.03092
 4.94484  4.63110  0.02944
 5.01599  4.28064  0.02754
 5.08714  3.94730  0.02617
 5.15829  3.56320  0.02397
 5.22944  3.27808  0.02268
 5.30059  2.98225  0.02135
 5.37173  2.70870  0.01979
 5.44288  2.47452  0.01868
 5.51403  2.25354  0.01733
 5.58518  2.06057  0.01630
 5.65633  1.86973  0.01511
 5.72748  1.71258  0.01422
 5.79863  1.55797  0.01333
 5.86978  1.42841  0.01244
 5.94092  1.33522  0.01180
 6.01207  1.24724  0.01111
 6.08322  1.17784  0.01059
 6.15437  1.13529  0.01029
 6.22552  1.11349  0.01027
 6.29667  1.08720  0.00994
 6.36782  1.08571  0.00991
 6.43897  1.07029  0.00980
 6.51011  1.08829  0.00975
 6.58126  1.10145  0.00961
 6.65241  1.11758  0.00972
 6.72356  1.13599  0.00974
 6.79471  1.16593  0.00979
 6.86586  1.18169  0.00973
 6.93701  1.20182  0.00986
 7.00816  1.20884  0.00976
 7.07930  1.22695  0.00966
 7.15045  1.23392  0.00949
 7.22160  1.23824  0.00939
 7.29275  1.23888  0.00941
 7.36390  1.25324  0.00929
 7.43505  1.24949  0.00924
 7.50620  1.24479  0.00905
 7.57735  1.23810  0.00901
 7.64850  1.23091  0.00903
 7.71964  1.22085  0.00891
 7.79079  1.21439  0.00872
 7.86194  1.20183  0.00860
 7.93309  1.18492  0.00837
 8.00424  1.17393  0.00829
 8.07539  1.15249  0.00814
 8.14654  1.15145  0.00809
 8.21769  1.13900  0.00807
 8.28883  1.13366  0.00785
 8.35998  1.12719  0.00780
 8.43113  1.11757  0.00775
 8.50228  1.11601  0.00773
 8.57343  1.11210  0.00767
 8.64458  1.10785  0.00755
 8.71573  1.10589  0.00749
 8.78688  1.10611  0.00734
 8.85802  1.10419  0.00737
 8.92917  1.10198  0.00725
 9.00032  1.10514  0.00727
 9.07147  1.10002  0.00714
 9.14262  1.09685  0.00707
 9.21377  1.09681  0.00714
 9.28492  1.10022  0.00706
 9.35607  1.08828  0.00688
 9.42722  1.09619  0.00696
 9.49836  1.08919  0.00689
 9.56951  1.08459  0.00679
 9.64066  1.08159  0.00686
 9.71181  1.07844  0.00674
 9.78296  1.07028  0.00659
 9.85411  1.06705  0.00649
 9.92526  1.06153  0.00639
 9.99641  1.05344  0.00629
10.06755  1.05334  0.00627
10.13870  1.05104  0.00615
10.20985  1.05126  0.00614
10.28100  1.04942  0.00608
10.35215  1.04370  0.00592
10.42330  1.04064  0.00592
10.49445  1.04155  0.00586
10.56560  1.03977  0.00585
10.63674  1.03444  0.00580
10.70789  1.03816  0.00577
10.77904  1.03983  0.00573
10.85019  1.03850  0.00565
10.92134  1.03263  0.00556
10.99249  1.03740  0.00559
11.06364  1.03963  0.00553
11.13479  1.04071  0.00554
11.20593  1.03920  0.00550
11.27708  1.04273  0.00549
11.34823  1.04421  0.00545
11.41938  1.04238  0.00539
11.49053  1.03948  0.00535
11.56168  1.04067  0.00532
11.63283  1.03982  0.00531
11.70398  1.04259  0.00532
11.77513  1.03802  0.00526
11.84627  1.03636  0.00519
11.91742  1.03363  0.00508
11.98857  1.03449  0.00517
12.05972  1.03261  0.00509
12.13087  1.02982  0.00505
12.20202  1.03381  0.00505
12.27317  1.02887  0.00504
12.34432  1.02747  0.00495
12.41546  1.02839  0.00491
12.48661  1.02185  0.00490
12.55776  1.02046  0.00488
12.62891  1.01487  0.00486
12.70006  1.01586  0.00478
12.77121  1.01685  0.00475
12.84236  1.00687  0.00475
12.91351  1.00913  0.00476
12.98465  1.01378  0.00471
13.05580  1.00716  0.00466
13.12695  1.00936  0.00461
13.19810  1.00770  0.00456
13.26925  1.00298  0.00455
13.34040  1.00345  0.00458
13.41155  1.00440  0.00457
13.48270  0.99963  0.00455
13.55385  1.00261  0.00450
13.62499  0.99867  0.00449
13.69614  0.99496  0.00448
13.76729  0.99417  0.00443
13.83844  0.99531  0.00441
13.90959  0.99183  0.00435
13.98074  0.98976  0.00435
14.05189  0.98939  0.00431
14.12304  0.98609  0.00428
14.19418  0.98565  0.00432
14.26533  0.98207  0.00427
14.33648  0.98796  0.00429
14.40763  0.98589  0.00427
14.47878  0.98154  0.00418
14.54993  0.98256  0.00414
14.62108  0.98384  0.00416
14.69223  0.98179  0.00410
14.76337  0.97856  0.00413
14.83452  0.98297  0.00408
14.90567  0.97844  0.00407
14.97682  0.97880  0.00402
15.04797  0.97566  0.00400
15.11912  0.97812  0.00402
15.19027  0.98010  0.00404
15.26142  0.97540  0.00398
15.33256  0.97804  0.00398
15.40371  0.97547  0.00393
15.47486  0.97822  0.00389
15.54601  0.97896  0.00390
15.61716  0.97893  0.00383
15.68831  0.97742  0.00383
15.75946  0.97768  0.00380
15.83061  0.98079  0.00375
15.90176  0.97955  0.00374
15.97290  0.97593  0.00373
16.04405  0.97446  0.00370
16.11520  0.97656  0.00366
16.18635  0.97351  0.00358
16.25750  0.97718  0.00360
16.32865  0.97328  0.00358
16.39980  0.97305  0.00350
16.47095  0.97447  0.00356
16.54209  0.97270  0.00353
16.61324  0.97242  0.00349
16.68439  0.97304  0.00343
16.75554  0.97124  0.00344
16.82669  0.97232  0.00344
16.89784  0.97199  0.00345
16.96899  0.97202  0.00337
17.04014  0.97046  0.00338
17.11128  0.97138  0.00344
17.18243  0.97077  0.00339
17.25358  0.97403  0.00336
17.32473  0.96948  0.00331
17.39588  0.97546  0.00331
17.46703  0.97624  0.00332
17.53818  0.97344  0.00329
17.60933  0.97610  0.00330
17.68048  0.97813  0.00330
17.75162  0.97579  0.00327
17.82277  0.97817  0.00321
17.89392  0.97760  0.00326
17.96507  0.97427  0.00324
18.03622  0.97775  0.00323
18.10737  0.97820  0.00321
18.17852  0.97747  0.00320
18.24967  0.97824  0.00317
18.32081  0.98016  0.00319
18.39196  0.97743  0.00315
18.46311  0.97709  0.00309
18.53426  0.97990  0.00311
18.60541  0.97685  0.00307
18.67656  0.97869  0.00306
18.74771  0.97777  0.00306
18.81886  0.97680  0.00304
18.89000  0.97544  0.00301
18.96115  0.97390  0.00304
19.03230  0.97275  0.00299
19.10345  0.97428  0.00301
19.17460  0.97173  0.00298
19.24575  0.97276  0.00302
19.31690  0.97016  0.00296
19.38805  0.97076  0.00296
19.45920  0.97085  0.00296
19.53034  0.97090  0.00292
19.60149  0.97076  0.00288
19.67264  0.97017  0.00290
19.74379  0.96910  0.00289
19.81494  0.97274  0.00286
19.88609  0.97193  0.00283
19.95724  0.97019  0.00283
20.02839  0.97221  0.00282
20.09953  0.97078  0.00277
20.17068  0.97031  0.00276
20.24183  0.97072  0.00276
20.31298  0.96825  0.00271
20.38413  0.96944  0.00271
20.45528  0.96870  0.00268
20.52643  0.97025  0.00269
20.59758  0.96978  0.00268
20.66872  0.97182  0.00267
20.73987  0.97023  0.00265
20.81102  0.97495  0.00265
20.88217  0.97021  0.00264
20.95332  0.97000  0.00265
21.02447  0.97077  0.00265
21.09562  0.97071  0.00265
21.16677  0.97112  0.00267
21.23791  0.97051  0.00266
21.30906  0.97242  0.00268
