 0.03557  0.00000      nan
 0.10672  0.00000      nan
 0.17787  0.00000      nan
 0.24902  0.00000      nan
 0.32017  0.00000      nan
 0.39132  0.00000      nan
 0.46247  0.00000      nan
 0.53362  0.00000      nan
 0.60477  0.00000      nan
 0.67592  0.00000      nan
 0.74707  0.00000      nan
 0.81822  0.00000      nan
 0.88937  0.00000      nan
 0.96052  0.00000      nan
 1.03167  0.00000      nan
 1.10282  0.00000      nan
 1.17397  0.00000      nan
 1.24512  0.00000      nan
 1.31627  0.00000      nan
 1.38742  0.00000      nan
 1.45857  0.00000      nan
 1.52972  0.00000      nan
 1.60087  0.00000      nan
 1.67202  0.00000      nan
 1.74317  0.00000      nan
 1.81432  0.00000      nan
 1.88547  0.00000      nan
 1.95662  0.00000      nan
 2.02777  0.00000      nan
 2.09892  0.00000      nan
 2.17007  0.00000      nan
 2.24122  0.00000      nan
 2.31237  0.00000      nan
 2.38352  0.00000      nan
 2.45467  0.00000      nan
 2.52582  0.00027  0.00013
 2.59697  0.00588  0.00054
 2.66812  0.04434  0.00171
 2.73927  0.24613  0.00528
 2.81042  0.84556  0.01192
 2.88157  2.04574  0.02293
 2.95272  3.40937  0.03458
 3.02387  4.39421  0.04277
 3.09502  4.72475  0.04409
 3.16617  4.57568  0.04254
 3.23732  4.20948  0.03901
 3.30847  3.79642  0.03540
 3.37962  3.42825  0.03227
 3.45077  3.10945  0.02969
 3.52192  2.90559  0.02801
 3.59307  2.70554  0.02587
 3.66421  2.57516  0.02443
 3.73536  2.47034  0.02377
 3.80651  2.41646  0.02364
 3.87766  2.34082  0.02276
 3.94881  2.28141  0.02157
 4.01996  2.25142  0.02130
 4.09111  2.21701  0.02045
 4.16226  2.20718  0.02036
 4.23341  2.19853  0.01971
 4.30456  2.22822  0.01980
 4.37571  2.23740  0.01947
 4.44686  2.27438  0.01972
 4.51801  2.33616  0.01985
 4.58916  2.41187  0.02032
 4.66031  2.53536  0.02084
 4.73146  2.68862  0.02199
 4.80261  2.85840  0.02297
 4.87376  3.04583  0.02484
 4.94491  3.22652  0.02623
 5.01606  3.38504  0.02646
 5.08721  3.53510  0.02805
 5.15836  3.63033  0.02799
 5.22951  3.65948  0.02743
 5.30066  3.56176  0.02686
 5.37181  3.38379  0.02496
 5.44296  3.13215  0.02274
 5.51411  2.85983  0.02064
 5.58526  2.59443  0.01867
 5.65641  2.38256  0.01701
 5.72756  2.20673  0.01551
 5.79871  2.06307  0.01455
 5.86986  1.95638  0.01365
 5.94101  1.87215  0.01318
 6.01216  1.80731  0.01234
 6.08331  1.76850  0.01213
 6.15446  1.73161  0.01175
 6.22561  1.70436  0.01123
 6.29676  1.68679  0.01141
 6.36791  1.66899  0.01071
 6.43906  1.66319  0.01086
 6.51021  1.65477  0.01061
 6.58136  1.66564  0.01051
 6.65251  1.65245  0.01031
 6.72366  1.66496  0.01016
 6.79481  1.66854  0.01015
 6.86596  1.67870  0.00989
 6.93711  1.67793  0.00977
 7.00826  1.68780  0.00976
 7.07941  1.69819  0.00987
 7.15056  1.68504  0.00942
 7.22171  1.65230  0.00944
 7.29286  1.60709  0.00925
 7.36400  1.54880  0.00879
 7.43515  1.49592  0.00849
 7.50630  1.44121  0.00822
 7.57745  1.40785  0.00818
 7.64860  1.36769  0.00783
 7.71975  1.33806  0.00786
 7.79090  1.30706  0.00773
 7.86205  1.28235  0.00769
 7.93320  1.26251  0.00759
 8.00435  1.23545  0.00767
 8.07550  1.21734  0.00737
 8.14665  1.21396  0.00734
 8.21780  1.20073  0.00747
 8.28895  1.19610  0.00738
 8.36010  1.18369  0.00721
 8.43125  1.17934  0.00724
 8.50240  1.17331  0.00717
 8.57355  1.16878  0.00705
 8.64470  1.16432  0.00726
 8.71585  1.16372  0.00707
 8.78700  1.16155  0.00700
 8.85815  1.15836  0.00686
 8.92930  1.15718  0.00685
 9.00045  1.15694  0.00690
 9.07160  1.15518  0.00680
 9.14275  1.15036  0.00679
 9.21390  1.15412  0.00680
 9.28505  1.15099  0.00673
 9.35620  1.15155  0.00675
 9.42735  1.14899  0.00669
 9.49850  1.14468  0.00664
 9.56965  1.14038  0.00673
 9.64080  1.13248  0.00661
 9.71195  1.12934  0.00643
 9.78310  1.12992  0.00655
 9.85425  1.12298  0.00636
 9.92540  1.12069  0.00637
 9.99655  1.11216  0.00624
10.06770  1.11078  0.00622
10.13885  1.10399  0.00614
10.21000  1.10005  0.00611
10.28115  1.09351  0.00616
10.35230  1.08998  0.00597
10.42345  1.08690  0.00603
10.49460  1.08380  0.00598
10.56575  1.07808  0.00599
10.63690  1.07433  0.00592
10.70805  1.07440  0.00599
10.77920  1.06795  0.00587
10.85035  1.06938  0.00585
10.92150  1.06062  0.00587
10.99264  1.06205  0.00569
11.06379  1.06153  0.00562
11.13494  1.05587  0.00560
11.20609  1.05269  0.00558
11.27724  1.04899  0.00546
11.34839  1.05093  0.00550
11.41954  1.04534  0.00541
11.49069  1.04564  0.00535
11.56184  1.04181  0.00538
11.63299  1.03942  0.00532
11.70414  1.03850  0.00525
11.77529  1.03209  0.00517
11.84644  1.03114  0.00518
11.91759  1.02750  0.00500
11.98874  1.02328  0.00501
12.05989  1.02266  0.00490
12.13104  1.01968  0.00491
12.20219  1.01543  0.00482
12.27334  1.01393  0.00477
12.34449  1.01221  0.00476
12.41564  1.00749  0.00470
12.48679  1.00665  0.00466
12.55794  1.00649  0.00455
12.62909  1.00527  0.00454
12.70024  1.00278  0.00457
12.77139  1.00093  0.00455
12.84254  0.99821  0.00450
12.91369  0.99527  0.00444
12.98484  0.99789  0.00443
13.05599  0.99779  0.00452
13.12714  0.99434  0.00441
13.19829  0.99220  0.00433
13.26944  0.99110  0.00429
13.34059  0.98922  0.00422
13.41174  0.99044  0.00425
13.48289  0.99099  0.00419
13.55404  0.98747  0.00405
13.62519  0.98624  0.00408
13.69634  0.98628  0.00407
13.76749  0.98404  0.00397
13.83864  0.98270  0.00407
13.90979  0.98075  0.00393
13.98094  0.98209  0.00394
14.05209  0.98056  0.00391
14.12324  0.97942  0.00384
14.19439  0.97946  0.00383
14.26554  0.97951  0.00383
14.33669  0.97706  0.00373
14.40784  0.97806  0.00380
14.47899  0.97539  0.00383
14.55014  0.97621  0.00380
14.62129  0.97570  0.00374
14.69243  0.97485  0.00376
14.76358  0.97495  0.00370
14.83473  0.97473  0.00360
14.90588  0.97442  0.00361
14.97703  0.97272  0.00356
15.04818  0.97484  0.00351
15.11933  0.97449  0.00354
15.19048  0.97438  0.00358
15.26163  0.97444  0.00355
15.33278  0.97311  0.00358
15.40393  0.97456  0.00350
15.47508  0.97481  0.00347
15.54623  0.97328  0.00350
15.61738  0.97695  0.00339
15.68853  0.97527  0.00342
15.75968  0.97632  0.00333
15.83083  0.97499  0.00342
15.90198  0.97600  0.00330
15.97313  0.97574  0.00334
16.04428  0.97664  0.00329
16.11543  0.97847  0.00325
16.18658  0.97823  0.00327
16.25773  0.97836  0.00323
16.32888  0.97964  0.00329
16.40003  0.98019  0.00333
16.47118  0.97895  0.00329
16.54233  0.98242  0.00332
16.61348  0.97842  0.00334
16.68463  0.97925  0.00331
16.75578  0.98160  0.00325
16.82693  0.97934  0.00332
16.89808  0.98234  0.00334
16.96923  0.98289  0.00332
17.04038  0.98219  0.00327
17.11153  0.98122  0.00323
17.18268  0.98088  0.00328
17.25383  0.98013  0.00326
17.32498  0.98108  0.00324
17.39613  0.98070  0.00322
17.46728  0.97920  0.00320
17.53843  0.98149  0.00317
17.60958  0.97891  0.00318
17.68073  0.97863  0.00313
17.75188  0.97669  0.00309
17.82303  0.97821  0.00305
17.89418  0.98024  0.00311
17.96533  0.97769  0.00306
18.03648  0.97574  0.00307
18.10763  0.97400  0.00308
18.17878  0.97555  0.00300
18.24993  0.97450  0.00303
18.32107  0.97446  0.00301
18.39222  0.97457  0.00299
18.46337  0.97189  0.00294
18.53452  0.97195  0.00294
18.60567  0.97239  0.00291
18.67682  0.97151  0.00293
18.74797  0.97170  0.00294
18.81912  0.97078  0.00291
18.89027  0.96995  0.00286
18.96142  0.97025  0.00285
19.03257  0.96952  0.00276
19.10372  0.96893  0.00282
19.17487  0.96698  0.00279
19.24602  0.96599  0.00281
19.31717  0.96620  0.00281
19.38832  0.96396  0.00280
19.45947  0.96482  0.00280
19.53062  0.96467  0.00276
19.60177  0.96358  0.00274
19.67292  0.96305  0.00272
19.74407  0.96231  0.00272
19.81522  0.96001  0.00273
19.88637  0.96008  0.00269
19.95752  0.96008  0.00273
20.02867  0.95939  0.00272
20.09982  0.96071  0.00275
20.17097  0.95684  0.00268
20.24212  0.95617  0.00271
20.31327  0.95719  0.00270
20.38442  0.95509  0.00272
20.45557  0.95515  0.00271
20.52672  0.95468  0.00271
20.59787  0.95426  0.00271
20.66902  0.95276  0.00274
20.74017  0.95231  0.00268
20.81132  0.95322  0.00274
20.88247  0.95155  0.00272
20.95362  0.95290  0.00273
21.02477  0.95152  0.00276
21.09592  0.95300  0.00275
21.16707  0.95095  0.00271
21.23822  0.95198  0.00276
21.30937  0.95151  0.00273
