 0.03557  0.00000
 0.10672  0.00000
 0.17787  0.00000
 0.24902  0.00000
 0.32017  0.00000
 0.39132  0.00000
 0.46247  0.00000
 0.53362  0.00000
 0.60476  0.00000
 0.67591  0.00000
 0.74706  0.00000
 0.81821  0.00000
 0.88936  0.00000
 0.96051  0.00000
 1.03166  0.00000
 1.10281  0.00000
 1.17396  0.00000
 1.24510  0.00000
 1.31625  0.00000
 1.38740  0.00000
 1.45855  0.00000
 1.52970  0.00000
 1.60085  0.00000
 1.67200  0.00000
 1.74315  0.00000
 1.81429  0.00000
 1.88544  0.00000
 1.95659  0.00000
 2.02774  0.00000
 2.09889  0.00000
 2.17004  0.00000
 2.24119  0.00000
 2.31234  0.00000
 2.38348  0.00000
 2.45463  0.00000
 2.52578  0.00000
 2.59693  0.00000
 2.66808  0.00000
 2.73923  0.00000
 2.81038  0.00001
 2.88153  0.00008
 2.95267  0.00036
 3.02382  0.00137
 3.09497  0.00470
 3.16612  0.01463
 3.23727  0.04062
 3.30842  0.10144
 3.37957  0.22395
 3.45072  0.43434
 3.52187  0.73085
 3.59301  1.07136
 3.66416  1.37848
 3.73531  1.59677
 3.80646  1.69714
 3.87761  1.69525
 3.94876  1.62129
 4.01991  1.51198
 4.09106  1.39348
 4.16220  1.28118
 4.23335  1.18282
 4.30450  1.09745
 4.37565  1.02705
 4.44680  0.97194
 4.51795  0.93047
 4.58910  0.90378
 4.66025  0.88767
 4.73139  0.87985
 4.80254  0.88060
 4.87369  0.88430
 4.94484  0.89048
 5.01599  0.90172
 5.08714  0.91252
 5.15829  0.92562
 5.22944  0.94037
 5.30059  0.95410
 5.37173  0.96874
 5.44288  0.98313
 5.51403  0.99631
 5.58518  1.00955
 5.65633  1.02245
 5.72748  1.03339
 5.79863  1.04284
 5.86978  1.04863
 5.94092  1.05050
 6.01207  1.04810
 6.08322  1.04203
 6.15437  1.03334
 6.22552  1.01997
 6.29667  1.00528
 6.36782  0.98845
 6.43897  0.97265
 6.51011  0.95734
 6.58126  0.94434
 6.65241  0.93450
 6.72356  0.92870
 6.79471  0.92581
 6.86586  0.92588
 6.93701  0.92931
 7.00816  0.93404
 7.07930  0.94128
 7.15045  0.94935
 7.22160  0.95839
 7.29275  0.96751
 7.36390  0.97708
 7.43505  0.98676
 7.50620  0.99602
 7.57735  1.00427
 7.64850  1.01316
 7.71964  1.01995
 7.79079  1.02625
 7.86194  1.03137
 7.93309  1.03596
 8.00424  1.03840
 8.07539  1.03923
 8.14654  1.03858
 8.21769  1.03689
 8.28883  1.03491
 8.35998  1.03186
 8.43113  1.02687
 8.50228  1.02184
 8.57343  1.01517
 8.64458  1.01079
 8.71573  1.00482
 8.78688  0.99928
 8.85802  0.99452
 8.92917  0.99033
 9.00032  0.98666
 9.07147  0.98481
 9.14262  0.98231
 9.21377  0.98214
 9.28492  0.98257
 9.35607  0.98293
 9.42722  0.98486
 9.49836  0.98642
 9.56951  0.98851
 9.64066  0.99166
 9.71181  0.99344
 9.78296  0.99604
 9.85411  0.99842
 9.92526  1.00041
 9.99641  1.00244
10.06755  1.00372
10.13870  1.00490
10.20985  1.00573
10.28100  1.00621
10.35215  1.00630
10.42330  1.00592
10.49445  1.00614
10.56560  1.00507
10.63674  1.00493
10.70789  1.00435
10.77904  1.00307
10.85019  1.00219
10.92134  1.00111
10.99249  1.00065
11.06364  1.00017
11.13479  1.00047
11.20593  0.99966
11.27708  0.99949
11.34823  0.99980
11.41938  1.00034
11.49053  1.00034
11.56168  1.00080
11.63283  1.00147
11.70398  1.00184
11.77513  1.00212
11.84627  1.00259
11.91742  1.00350
11.98857  1.00361
12.05972  1.00393
12.13087  1.00387
12.20202  1.00337
12.27317  1.00384
12.34432  1.00417
12.41546  1.00358
12.48661  1.00338
12.55776  1.00348
12.62891  1.00301
12.70006  1.00263
12.77121  1.00203
12.84236  1.00188
12.91351  1.00118
12.98465  1.00100
13.05580  1.00100
13.12695  1.00068
13.19810  1.00071
13.26925  1.00071
13.34040  1.00079
13.41155  1.00076
13.48270  1.00101
13.55385  1.00123
13.62499  1.00134
13.69614  1.00125
13.76729  1.00188
13.83844  1.00236
13.90959  1.00235
13.98074  1.00248
14.05189  1.00276
14.12304  1.00311
14.19418  1.00340
14.26533  1.00302
14.33648  1.00351
14.40763  1.00353
14.47878  1.00349
14.54993  1.00366
14.62108  1.00340
14.69223  1.00311
14.76337  1.00326
14.83452  1.00321
14.90567  1.00305
14.97682  1.00309
15.04797  1.00294
15.11912  1.00285
15.19027  1.00286
15.26142  1.00239
15.33256  1.00201
15.40371  1.00246
15.47486  1.00202
15.54601  1.00178
15.61716  1.00194
15.68831  1.00212
15.75946  1.00216
15.83061  1.00208
15.90176  1.00196
15.97290  1.00191
16.04405  1.00194
16.11520  1.00204
16.18635  1.00201
16.25750  1.00191
16.32865  1.00215
16.39980  1.00222
16.47095  1.00194
16.54209  1.00198
16.61324  1.00200
16.68439  1.00192
16.75554  1.00209
16.82669  1.00226
16.89784  1.00216
16.96899  1.00201
17.04014  1.00212
17.11128  1.00227
17.18243  1.00220
17.25358  1.00230
17.32473  1.00221
17.39588  1.00232
17.46703  1.00213
17.53818  1.00189
17.60933  1.00199
17.68048  1.00175
17.75162  1.00209
17.82277  1.00213
17.89392  1.00210
17.96507  1.00174
18.03622  1.00161
18.10737  1.00189
18.17852  1.00175
18.24967  1.00174
18.32081  1.00202
18.39196  1.00182
18.46311  1.00173
18.53426  1.00135
18.60541  1.00148
18.67656  1.00142
18.74771  1.00127
18.81886  1.00141
18.89000  1.00133
18.96115  1.00132
19.03230  1.00140
19.10345  1.00140
19.17460  1.00158
19.24575  1.00139
19.31690  1.00152
19.38805  1.00121
19.45920  1.00147
19.53034  1.00141
19.60149  1.00129
19.67264  1.00148
19.74379  1.00155
19.81494  1.00176
19.88609  1.00132
19.95724  1.00132
20.02839  1.00134
20.09953  1.00137
20.17068  1.00154
20.24183  1.00150
20.31298  1.00164
20.38413  1.00123
20.45528  1.00143
20.52643  1.00135
20.59758  1.00142
20.66872  1.00131
20.73987  1.00114
20.81102  1.00131
20.88217  1.00115
20.95332  1.00119
21.02447  1.00132
21.09562  1.00143
21.16677  1.00132
21.23791  1.00139
21.30906  1.00067
