 0.03557  0.00000
 0.10672  0.00000
 0.17787  0.00000
 0.24902  0.00000
 0.32017  0.00000
 0.39132  0.00000
 0.46247  0.00000
 0.53362  0.00000
 0.60476  0.00000
 0.67591  0.00000
 0.74706  0.00000
 0.81821  0.00000
 0.88936  0.00000
 0.96051  0.00000
 1.03166  0.00000
 1.10281  0.00000
 1.17396  0.00000
 1.24510  0.00000
 1.31625  0.00000
 1.38740  0.00000
 1.45855  0.00000
 1.52970  0.00000
 1.60085  0.00000
 1.67200  0.00000
 1.74315  0.00000
 1.81429  0.00000
 1.88544  0.00000
 1.95659  0.00000
 2.02774  0.00000
 2.09889  0.00000
 2.17004  0.00000
 2.24119  0.00000
 2.31234  0.00000
 2.38348  0.00000
 2.45463  0.00000
 2.52578  0.00002
 2.59693  0.00019
 2.66808  0.00114
 2.73923  0.00447
 2.81038  0.01304
 2.88153  0.03045
 2.95267  0.05928
 3.02382  0.10303
 3.09497  0.16848
 3.16612  0.26711
 3.23727  0.42519
 3.30842  0.65844
 3.37957  0.93558
 3.45072  1.19868
 3.52187  1.38966
 3.59301  1.50515
 3.66416  1.55501
 3.73531  1.57324
 3.80646  1.57959
 3.87761  1.58671
 3.94876  1.59251
 4.01991  1.59074
 4.09106  1.56825
 4.16220  1.52049
 4.23335  1.45349
 4.30450  1.37222
 4.37565  1.28889
 4.44680  1.20871
 4.51795  1.13594
 4.58910  1.07323
 4.66025  1.01637
 4.73139  0.97055
 4.80254  0.93121
 4.87369  0.89843
 4.94484  0.87179
 5.01599  0.85064
 5.08714  0.83433
 5.15829  0.82129
 5.22944  0.81318
 5.30059  0.80866
 5.37173  0.80845
 5.44288  0.81036
 5.51403  0.81660
 5.58518  0.82514
 5.65633  0.83754
 5.72748  0.85083
 5.79863  0.86620
 5.86978  0.88224
 5.94092  0.89897
 6.01207  0.91442
 6.08322  0.92879
 6.15437  0.94267
 6.22552  0.95364
 6.29667  0.96331
 6.36782  0.97200
 6.43897  0.98055
 6.51011  0.98613
 6.58126  0.99302
 6.65241  0.99916
 6.72356  1.00509
 6.79471  1.01020
 6.86586  1.01494
 6.93701  1.01910
 7.00816  1.02322
 7.07930  1.02538
 7.15045  1.02695
 7.22160  1.02804
 7.29275  1.02844
 7.36390  1.02801
 7.43505  1.02656
 7.50620  1.02600
 7.57735  1.02373
 7.64850  1.02146
 7.71964  1.01975
 7.79079  1.01730
 7.86194  1.01443
 7.93309  1.01092
 8.00424  1.00737
 8.07539  1.00431
 8.14654  1.00094
 8.21769  0.99718
 8.28883  0.99418
 8.35998  0.99047
 8.43113  0.98744
 8.50228  0.98516
 8.57343  0.98206
 8.64458  0.97935
 8.71573  0.97867
 8.78688  0.97749
 8.85802  0.97705
 8.92917  0.97665
 9.00032  0.97757
 9.07147  0.97871
 9.14262  0.97983
 9.21377  0.98205
 9.28492  0.98359
 9.35607  0.98612
 9.42722  0.98873
 9.49836  0.99150
 9.56951  0.99441
 9.64066  0.99600
 9.71181  0.99867
 9.78296  1.00054
 9.85411  1.00300
 9.92526  1.00435
 9.99641  1.00548
10.06755  1.00681
10.13870  1.00778
10.20985  1.00796
10.28100  1.00853
10.35215  1.00836
10.42330  1.00783
10.49445  1.00816
10.56560  1.00746
10.63674  1.00634
10.70789  1.00553
10.77904  1.00487
10.85019  1.00400
10.92134  1.00309
10.99249  1.00231
11.06364  1.00155
11.13479  1.00108
11.20593  1.00008
11.27708  0.99978
11.34823  0.99928
11.41938  0.99882
11.49053  0.99856
11.56168  0.99867
11.63283  0.99835
11.70398  0.99836
11.77513  0.99795
11.84627  0.99773
11.91742  0.99810
11.98857  0.99819
12.05972  0.99789
12.13087  0.99796
12.20202  0.99803
12.27317  0.99811
12.34432  0.99836
12.41546  0.99866
12.48661  0.99872
12.55776  0.99866
12.62891  0.99949
12.70006  0.99963
12.77121  0.99937
12.84236  0.99913
12.91351  1.00028
12.98465  1.00066
13.05580  1.00049
13.12695  1.00046
13.19810  1.00067
13.26925  1.00091
13.34040  1.00135
13.41155  1.00129
13.48270  1.00133
13.55385  1.00150
13.62499  1.00154
13.69614  1.00187
13.76729  1.00226
13.83844  1.00172
13.90959  1.00180
13.98074  1.00200
14.05189  1.00181
14.12304  1.00184
14.19418  1.00169
14.26533  1.00163
14.33648  1.00116
14.40763  1.00120
14.47878  1.00117
14.54993  1.00101
14.62108  1.00095
14.69223  1.00085
14.76337  1.00067
14.83452  1.00053
14.90567  1.00067
14.97682  1.00066
15.04797  1.00051
15.11912  1.00045
15.19027  1.00029
15.26142  1.00044
15.33256  1.00001
15.40371  1.00062
15.47486  1.00050
15.54601  1.00071
15.61716  1.00087
15.68831  1.00074
15.75946  1.00086
15.83061  1.00081
15.90176  1.00092
15.97290  1.00139
16.04405  1.00126
16.11520  1.00127
16.18635  1.00132
16.25750  1.00178
16.32865  1.00161
16.39980  1.00142
16.47095  1.00173
16.54209  1.00165
16.61324  1.00149
16.68439  1.00147
16.75554  1.00165
16.82669  1.00166
16.89784  1.00142
16.96899  1.00181
17.04014  1.00135
17.11128  1.00149
17.18243  1.00133
17.25358  1.00143
17.32473  1.00159
17.39588  1.00136
17.46703  1.00142
17.53818  1.00161
17.60933  1.00136
17.68048  1.00134
17.75162  1.00146
17.82277  1.00134
17.89392  1.00143
17.96507  1.00158
18.03622  1.00167
18.10737  1.00189
18.17852  1.00159
18.24967  1.00192
18.32081  1.00151
18.39196  1.00176
18.46311  1.00154
18.53426  1.00159
18.60541  1.00175
18.67656  1.00193
18.74771  1.00177
18.81886  1.00176
18.89000  1.00176
18.96115  1.00178
19.03230  1.00166
19.10345  1.00199
19.17460  1.00183
19.24575  1.00174
19.31690  1.00185
19.38805  1.00186
19.45920  1.00166
19.53034  1.00179
19.60149  1.00195
19.67264  1.00191
19.74379  1.00173
19.81494  1.00181
19.88609  1.00186
19.95724  1.00173
20.02839  1.00169
20.09953  1.00158
20.17068  1.00176
20.24183  1.00177
20.31298  1.00162
20.38413  1.00170
20.45528  1.00166
20.52643  1.00184
20.59758  1.00151
20.66872  1.00144
20.73987  1.00169
20.81102  1.00139
20.88217  1.00125
20.95332  1.00147
21.02447  1.00146
21.09562  1.00150
21.16677  1.00150
21.23791  1.00150
21.30906  1.00084
