 0.03557      inf      nan
 0.10672      inf      nan
 0.17787      inf      nan
 0.24902      inf      nan
 0.32017      inf      nan
 0.39132      inf      nan
 0.46247      inf      nan
 0.53362      inf      nan
 0.60477      inf      nan
 0.67592      inf      nan
 0.74707      inf      nan
 0.81822      inf      nan
 0.88937      inf      nan
 0.96052      inf      nan
 1.03167      inf      nan
 1.10282      inf      nan
 1.17397      inf      nan
 1.24512      inf      nan
 1.31627      inf      nan
 1.38742      inf      nan
 1.45857      inf      nan
 1.52972      inf      nan
 1.60087      inf      nan
 1.67202      inf      nan
 1.74317      inf      nan
 1.81432      inf      nan
 1.88547      inf      nan
 1.95662      inf      nan
 2.02777      inf      nan
 2.09892      inf      nan
 2.17007      inf      nan
 2.24122      inf      nan
 2.31237      inf      nan
 2.38352      inf      nan
 2.45467      inf      nan
 2.52582  4.86431  0.27520
 2.59697  3.04098  0.05418
 2.66812  1.84453  0.02279
 2.73927  0.82991  0.01271
 2.81042  0.09931  0.00834
 2.88157 -0.42373  0.00664
 2.95272 -0.72610  0.00600
 3.02387 -0.87633  0.00576
 3.09502 -0.91927  0.00552
 3.16617 -0.90029  0.00550
 3.23732 -0.85091  0.00549
 3.30847 -0.78976  0.00552
 3.37962 -0.72937  0.00557
 3.45077 -0.67159  0.00565
 3.52192 -0.63145  0.00571
 3.59307 -0.58922  0.00566
 3.66421 -0.55998  0.00562
 3.73536 -0.53538  0.00570
 3.80651 -0.52232  0.00579
 3.87766 -0.50350  0.00576
 3.94881 -0.48828  0.00560
 4.01996 -0.48044  0.00560
 4.09111 -0.47133  0.00546
 4.16226 -0.46869  0.00546
 4.23341 -0.46637  0.00531
 4.30456 -0.47431  0.00526
 4.37571 -0.47675  0.00515
 4.44686 -0.48645  0.00513
 4.51801 -0.50232  0.00503
 4.58916 -0.52120  0.00499
 4.66031 -0.55076  0.00487
 4.73146 -0.58550  0.00484
 4.80261 -0.62175  0.00476
 4.87376 -0.65935  0.00483
 4.94491 -0.69347  0.00481
 5.01606 -0.72186  0.00463
 5.08721 -0.74754  0.00470
 5.15836 -0.76328  0.00456
 5.22951 -0.76801  0.00444
 5.30066 -0.75199  0.00446
 5.37181 -0.72165  0.00437
 5.44296 -0.67590  0.00430
 5.51411 -0.62205  0.00427
 5.58526 -0.56439  0.00426
 5.65641 -0.51396  0.00423
 5.72756 -0.46857  0.00416
 5.79871 -0.42872  0.00418
 5.86986 -0.39729  0.00413
 5.94101 -0.37123  0.00417
 6.01216 -0.35037  0.00404
 6.08331 -0.33752  0.00406
 6.15446 -0.32504  0.00402
 6.22561 -0.31565  0.00390
 6.29676 -0.30951  0.00400
 6.36791 -0.30323  0.00380
 6.43906 -0.30117  0.00386
 6.51021 -0.29817  0.00380
 6.58136 -0.30204  0.00374
 6.65251 -0.29734  0.00369
 6.72366 -0.30180  0.00361
 6.79481 -0.30308  0.00360
 6.86596 -0.30667  0.00349
 6.93711 -0.30639  0.00345
 7.00826 -0.30987  0.00342
 7.07941 -0.31350  0.00344
 7.15056 -0.30890  0.00331
 7.22171 -0.29728  0.00338
 7.29286 -0.28086  0.00341
 7.36400 -0.25899  0.00336
 7.43515 -0.23842  0.00336
 7.50630 -0.21637  0.00338
 7.57745 -0.20250  0.00344
 7.64860 -0.18537  0.00339
 7.71975 -0.17240  0.00348
 7.79090 -0.15853  0.00350
 7.86205 -0.14723  0.00355
 7.93320 -0.13799  0.00356
 8.00435 -0.12517  0.00368
 8.07550 -0.11643  0.00358
 8.14665 -0.11478  0.00358
 8.21780 -0.10829  0.00368
 8.28895 -0.10601  0.00365
 8.36010 -0.09983  0.00361
 8.43125 -0.09766  0.00363
 8.50240 -0.09462  0.00362
 8.57355 -0.09233  0.00357
 8.64470 -0.09007  0.00369
 8.71585 -0.08976  0.00360
 8.78700 -0.08866  0.00357
 8.85815 -0.08703  0.00351
 8.92930 -0.08642  0.00350
 9.00045 -0.08630  0.00353
 9.07160 -0.08540  0.00349
 9.14275 -0.08292  0.00349
 9.21390 -0.08486  0.00349
 9.28505 -0.08325  0.00346
 9.35620 -0.08354  0.00347
 9.42735 -0.08222  0.00345
 9.49850 -0.07999  0.00344
 9.56965 -0.07776  0.00349
 9.64080 -0.07365  0.00345
 9.71195 -0.07200  0.00337
 9.78310 -0.07231  0.00343
 9.85425 -0.06866  0.00335
 9.92540 -0.06745  0.00337
 9.99655 -0.06293  0.00332
10.06770 -0.06220  0.00331
10.13885 -0.05857  0.00330
10.21000 -0.05645  0.00329
10.28115 -0.05292  0.00333
10.35230 -0.05101  0.00324
10.42345 -0.04933  0.00329
10.49460 -0.04764  0.00326
10.56575 -0.04451  0.00329
10.63690 -0.04244  0.00326
10.70805 -0.04248  0.00330
10.77920 -0.03892  0.00325
10.85035 -0.03971  0.00324
10.92150 -0.03484  0.00328
10.99264 -0.03564  0.00317
11.06379 -0.03535  0.00313
11.13494 -0.03218  0.00314
11.20609 -0.03040  0.00314
11.27724 -0.02831  0.00308
11.34839 -0.02941  0.00310
11.41954 -0.02625  0.00306
11.49069 -0.02642  0.00303
11.56184 -0.02425  0.00306
11.63299 -0.02289  0.00303
11.70414 -0.02236  0.00299
11.77529 -0.01870  0.00296
11.84644 -0.01815  0.00298
11.91759 -0.01606  0.00288
11.98874 -0.01363  0.00290
12.05989 -0.01327  0.00284
12.13104 -0.01154  0.00285
12.20219 -0.00907  0.00281
12.27334 -0.00819  0.00278
12.34449 -0.00718  0.00279
12.41564 -0.00442  0.00276
12.48679 -0.00392  0.00274
12.55794 -0.00383  0.00268
12.62909 -0.00311  0.00267
12.70024 -0.00164  0.00270
12.77139 -0.00055  0.00269
12.84254  0.00106  0.00267
12.91369  0.00281  0.00264
12.98484  0.00125  0.00263
13.05599  0.00131  0.00268
13.12714  0.00336  0.00262
13.19829  0.00463  0.00258
13.26944  0.00529  0.00256
13.34059  0.00642  0.00253
13.41174  0.00569  0.00254
13.48289  0.00536  0.00250
13.55404  0.00747  0.00243
13.62519  0.00820  0.00245
13.69634  0.00818  0.00245
13.76749  0.00953  0.00239
13.83864  0.01033  0.00245
13.90979  0.01151  0.00237
13.98094  0.01070  0.00237
14.05209  0.01162  0.00236
14.12324  0.01231  0.00232
14.19439  0.01229  0.00231
14.26554  0.01226  0.00231
14.33669  0.01374  0.00226
14.40784  0.01313  0.00230
14.47899  0.01475  0.00232
14.55014  0.01425  0.00231
14.62129  0.01456  0.00227
14.69243  0.01508  0.00228
14.76358  0.01502  0.00225
14.83473  0.01515  0.00218
14.90588  0.01534  0.00220
14.97703  0.01637  0.00216
15.04818  0.01508  0.00213
15.11933  0.01530  0.00215
15.19048  0.01536  0.00218
15.26163  0.01533  0.00216
15.33278  0.01614  0.00218
15.40393  0.01526  0.00213
15.47508  0.01510  0.00211
15.54623  0.01603  0.00213
15.61738  0.01381  0.00205
15.68853  0.01483  0.00208
15.75968  0.01419  0.00202
15.83083  0.01499  0.00208
15.90198  0.01438  0.00200
15.97313  0.01454  0.00203
16.04428  0.01399  0.00200
16.11543  0.01288  0.00197
16.18658  0.01303  0.00198
16.25773  0.01295  0.00196
16.32888  0.01218  0.00199
16.40003  0.01185  0.00201
16.47118  0.01259  0.00199
16.54233  0.01050  0.00200
16.61348  0.01292  0.00202
16.68463  0.01242  0.00200
16.75578  0.01100  0.00196
16.82693  0.01236  0.00201
16.89808  0.01055  0.00201
16.96923  0.01022  0.00200
17.04038  0.01064  0.00197
17.11153  0.01122  0.00195
17.18268  0.01143  0.00198
17.25383  0.01188  0.00197
17.32498  0.01131  0.00196
17.39613  0.01154  0.00194
17.46728  0.01244  0.00193
17.53843  0.01106  0.00191
17.60958  0.01262  0.00192
17.68073  0.01279  0.00189
17.75188  0.01396  0.00187
17.82303  0.01304  0.00184
17.89418  0.01182  0.00188
17.96533  0.01336  0.00185
18.03648  0.01454  0.00186
18.10763  0.01560  0.00187
18.17878  0.01466  0.00182
18.24993  0.01529  0.00184
18.32107  0.01531  0.00183
18.39222  0.01525  0.00181
18.46337  0.01688  0.00179
18.53452  0.01684  0.00179
18.60567  0.01657  0.00177
18.67682  0.01711  0.00179
18.74797  0.01700  0.00179
18.81912  0.01755  0.00178
18.89027  0.01806  0.00175
18.96142  0.01788  0.00174
19.03257  0.01832  0.00169
19.10372  0.01869  0.00172
19.17487  0.01988  0.00171
19.24602  0.02049  0.00172
19.31717  0.02035  0.00172
19.38832  0.02173  0.00172
19.45947  0.02120  0.00172
19.53062  0.02129  0.00170
19.60177  0.02196  0.00168
19.67292  0.02229  0.00167
19.74407  0.02275  0.00167
19.81522  0.02416  0.00168
19.88637  0.02412  0.00166
19.95752  0.02412  0.00168
20.02867  0.02454  0.00168
20.09982  0.02373  0.00169
20.17097  0.02612  0.00166
20.24212  0.02653  0.00168
20.31327  0.02590  0.00167
20.38442  0.02720  0.00168
20.45557  0.02717  0.00168
20.52672  0.02745  0.00168
20.59787  0.02771  0.00168
20.66902  0.02865  0.00170
20.74017  0.02893  0.00166
20.81132  0.02836  0.00170
20.88247  0.02940  0.00169
20.95362  0.02856  0.00170
21.02477  0.02942  0.00172
21.09592  0.02850  0.00171
21.16707  0.02977  0.00169
21.23822  0.02913  0.00172
21.30937  0.02943  0.00170
