 0.03557      inf      nan
 0.10672      inf      nan
 0.17787      inf      nan
 0.24902      inf      nan
 0.32017      inf      nan
 0.39132      inf      nan
 0.46247      inf      nan
 0.53362      inf      nan
 0.60476      inf      nan
 0.67591      inf      nan
 0.74706      inf      nan
 0.81821      inf      nan
 0.88936      inf      nan
 0.96051      inf      nan
 1.03166      inf      nan
 1.10281      inf      nan
 1.17396      inf      nan
 1.24510      inf      nan
 1.31625      inf      nan
 1.38740      inf      nan
 1.45855      inf      nan
 1.52970      inf      nan
 1.60085      inf      nan
 1.67200      inf      nan
 1.74315      inf      nan
 1.81429      inf      nan
 1.88544      inf      nan
 1.95659      inf      nan
 2.02774      inf      nan
 2.09889      inf      nan
 2.17004      inf      nan
 2.24119      inf      nan
 2.31234      inf      nan
 2.38348      inf      nan
 2.45463      inf      nan
 2.52578      inf      nan
 2.59693      inf      nan
 2.66808      inf      nan
 2.73923      inf      nan
 2.81038      inf      nan
 2.88153      inf      nan
 2.95267      inf      nan
 3.02382      inf      nan
 3.09497      inf      nan
 3.16612      inf      nan
 3.23727  5.67550  0.58865
 3.30842  4.47021  0.22821
 3.37957  3.42247  0.08502
 3.45072  2.58000  0.04654
 3.52187  1.83600  0.03045
 3.59301  1.35374  0.02101
 3.66416  0.91863  0.01589
 3.73531  0.57523  0.01324
 3.80646  0.28826  0.01112
 3.87761  0.04393  0.00931
 3.94876 -0.16430  0.00796
 4.01991 -0.35830  0.00692
 4.09106 -0.54856  0.00601
 4.16220 -0.72527  0.00532
 4.23335 -0.87746  0.00476
 4.30450 -1.00476  0.00433
 4.37565 -1.09796  0.00405
 4.44680 -1.14457  0.00389
 4.51795 -1.14651  0.00378
 4.58910 -1.11114  0.00364
 4.66025 -1.06613  0.00363
 4.73139 -1.02246  0.00359
 4.80254 -0.98638  0.00367
 4.87369 -0.94787  0.00369
 4.94484 -0.90741  0.00376
 5.01599 -0.86083  0.00381
 5.08714 -0.81284  0.00392
 5.15829 -0.75223  0.00398
 5.22944 -0.70286  0.00410
 5.30059 -0.64687  0.00424
 5.37173 -0.58991  0.00432
 5.44288 -0.53638  0.00447
 5.51403 -0.48100  0.00455
 5.58518 -0.42801  0.00468
 5.65633 -0.37047  0.00478
 5.72748 -0.31850  0.00492
 5.79863 -0.26248  0.00506
 5.86978 -0.21109  0.00516
 5.94092 -0.17114  0.00523
 6.01207 -0.13079  0.00527
 6.08322 -0.09690  0.00532
 6.15437 -0.07512  0.00536
 6.22552 -0.06364  0.00546
 6.29667 -0.04950  0.00541
 6.36782 -0.04868  0.00540
 6.43897 -0.04022  0.00542
 6.51011 -0.05009  0.00530
 6.58126 -0.05720  0.00517
 6.65241 -0.06581  0.00515
 6.72356 -0.07548  0.00507
 6.79471 -0.09088  0.00497
 6.86586 -0.09883  0.00488
 6.93701 -0.10883  0.00486
 7.00816 -0.11228  0.00478
 7.07930 -0.12108  0.00466
 7.15045 -0.12443  0.00455
 7.22160 -0.12650  0.00449
 7.29275 -0.12681  0.00449
 7.36390 -0.13363  0.00439
 7.43505 -0.13186  0.00438
 7.50620 -0.12963  0.00431
 7.57735 -0.12644  0.00431
 7.64850 -0.12299  0.00434
 7.71964 -0.11813  0.00432
 7.79079 -0.11499  0.00425
 7.86194 -0.10884  0.00424
 7.93309 -0.10045  0.00418
 8.00424 -0.09493  0.00418
 8.07539 -0.08402  0.00418
 8.14654 -0.08348  0.00416
 8.21769 -0.07705  0.00419
 8.28883 -0.07426  0.00410
 8.35998 -0.07088  0.00410
 8.43113 -0.06581  0.00410
 8.50228 -0.06498  0.00410
 8.57343 -0.06290  0.00408
 8.64458 -0.06063  0.00404
 8.71573 -0.05959  0.00401
 8.78688 -0.05970  0.00393
 8.85802 -0.05867  0.00395
 8.92917 -0.05749  0.00389
 9.00032 -0.05918  0.00389
 9.07147 -0.05643  0.00384
 9.14262 -0.05473  0.00382
 9.21377 -0.05470  0.00385
 9.28492 -0.05654  0.00380
 9.35607 -0.05008  0.00374
 9.42722 -0.05437  0.00376
 9.49836 -0.05058  0.00375
 9.56951 -0.04807  0.00371
 9.64066 -0.04643  0.00375
 9.71181 -0.04470  0.00370
 9.78296 -0.04021  0.00364
 9.85411 -0.03842  0.00360
 9.92526 -0.03535  0.00356
 9.99641 -0.03082  0.00353
10.06755 -0.03076  0.00352
10.13870 -0.02947  0.00347
10.20985 -0.02959  0.00346
10.28100 -0.02855  0.00343
10.35215 -0.02532  0.00336
10.42330 -0.02358  0.00337
10.49445 -0.02410  0.00333
10.56560 -0.02309  0.00333
10.63674 -0.02005  0.00332
10.70789 -0.02217  0.00329
10.77904 -0.02312  0.00326
10.85019 -0.02236  0.00322
10.92134 -0.01901  0.00319
10.99249 -0.02174  0.00319
11.06364 -0.02301  0.00315
11.13479 -0.02362  0.00315
11.20593 -0.02277  0.00313
11.27708 -0.02477  0.00312
11.34823 -0.02561  0.00309
11.41938 -0.02457  0.00306
11.49053 -0.02293  0.00305
11.56168 -0.02360  0.00303
11.63283 -0.02311  0.00303
11.70398 -0.02469  0.00302
11.77513 -0.02209  0.00300
11.84627 -0.02114  0.00296
11.91742 -0.01958  0.00291
11.98857 -0.02007  0.00296
12.05972 -0.01900  0.00292
12.13087 -0.01739  0.00290
12.20202 -0.01968  0.00289
12.27317 -0.01685  0.00290
12.34432 -0.01605  0.00285
12.41546 -0.01657  0.00282
12.48661 -0.01279  0.00284
12.55776 -0.01199  0.00283
12.62891 -0.00874  0.00283
12.70006 -0.00932  0.00279
12.77121 -0.00989  0.00277
12.84236 -0.00405  0.00279
12.91351 -0.00538  0.00279
12.98465 -0.00810  0.00275
13.05580 -0.00422  0.00274
13.12695 -0.00551  0.00271
13.19810 -0.00454  0.00268
13.26925 -0.00176  0.00269
13.34040 -0.00204  0.00270
13.41155 -0.00260  0.00269
13.48270  0.00022  0.00269
13.55385 -0.00154  0.00266
13.62499  0.00079  0.00266
13.69614  0.00299  0.00267
13.76729  0.00346  0.00264
13.83844  0.00278  0.00263
13.90959  0.00485  0.00260
13.98074  0.00610  0.00260
14.05189  0.00631  0.00258
14.12304  0.00829  0.00257
14.19418  0.00855  0.00259
14.26533  0.01071  0.00257
14.33648  0.00717  0.00257
14.40763  0.00841  0.00256
14.47878  0.01103  0.00252
14.54993  0.01042  0.00249
14.62108  0.00964  0.00250
14.69223  0.01088  0.00247
14.76337  0.01283  0.00250
14.83452  0.01017  0.00246
14.90567  0.01290  0.00246
14.97682  0.01268  0.00243
15.04797  0.01459  0.00243
15.11912  0.01310  0.00243
15.19027  0.01190  0.00244
15.26142  0.01475  0.00242
15.33256  0.01315  0.00241
15.40371  0.01470  0.00239
15.47486  0.01304  0.00235
15.54601  0.01259  0.00236
15.61716  0.01261  0.00231
15.68831  0.01352  0.00232
15.75946  0.01336  0.00230
15.83061  0.01148  0.00226
15.90176  0.01223  0.00226
15.97290  0.01442  0.00227
16.04405  0.01532  0.00225
16.11520  0.01404  0.00222
16.18635  0.01590  0.00218
16.25750  0.01367  0.00218
16.32865  0.01604  0.00218
16.39980  0.01618  0.00213
16.47095  0.01531  0.00216
16.54209  0.01638  0.00215
16.61324  0.01656  0.00212
16.68439  0.01618  0.00209
16.75554  0.01727  0.00210
16.82669  0.01662  0.00209
16.89784  0.01682  0.00210
16.96899  0.01680  0.00205
17.04014  0.01775  0.00206
17.11128  0.01719  0.00210
17.18243  0.01756  0.00207
17.25358  0.01558  0.00204
17.32473  0.01835  0.00202
17.39588  0.01471  0.00201
17.46703  0.01423  0.00202
17.53818  0.01594  0.00200
17.60933  0.01432  0.00200
17.68048  0.01309  0.00199
17.75162  0.01451  0.00199
17.82277  0.01307  0.00194
17.89392  0.01341  0.00198
17.96507  0.01543  0.00197
18.03622  0.01332  0.00196
18.10737  0.01305  0.00194
18.17852  0.01349  0.00194
18.24967  0.01302  0.00192
18.32081  0.01187  0.00193
18.39196  0.01351  0.00191
18.46311  0.01372  0.00187
18.53426  0.01202  0.00188
18.60541  0.01386  0.00186
18.67656  0.01275  0.00185
18.74771  0.01331  0.00186
18.81886  0.01389  0.00184
18.89000  0.01472  0.00183
18.96115  0.01566  0.00185
19.03230  0.01635  0.00182
19.10345  0.01542  0.00183
19.17460  0.01698  0.00181
19.24575  0.01635  0.00184
19.31690  0.01794  0.00181
19.38805  0.01757  0.00181
19.45920  0.01751  0.00180
19.53034  0.01748  0.00178
19.60149  0.01757  0.00176
19.67264  0.01793  0.00177
19.74379  0.01858  0.00177
19.81494  0.01636  0.00174
19.88609  0.01685  0.00172
19.95724  0.01792  0.00173
20.02839  0.01669  0.00172
20.09953  0.01755  0.00169
20.17068  0.01784  0.00168
20.24183  0.01759  0.00169
20.31298  0.01910  0.00166
20.38413  0.01837  0.00166
20.45528  0.01883  0.00164
20.52643  0.01788  0.00164
20.59758  0.01817  0.00164
20.66872  0.01692  0.00163
20.73987  0.01789  0.00161
20.81102  0.01502  0.00161
20.88217  0.01791  0.00161
20.95332  0.01803  0.00162
21.02447  0.01756  0.00162
21.09562  0.01760  0.00161
21.16677  0.01735  0.00163
21.23791  0.01772  0.00162
21.30906  0.01655  0.00163
