 0.03557      inf
 0.10672      inf
 0.17787      inf
 0.24902      inf
 0.32017      inf
 0.39132      inf
 0.46247      inf
 0.53362      inf
 0.60476      inf
 0.67591      inf
 0.74706      inf
 0.81821      inf
 0.88936      inf
 0.96051      inf
 1.03166      inf
 1.10281      inf
 1.17396      inf
 1.24510      inf
 1.31625      inf
 1.38740      inf
 1.45855      inf
 1.52970      inf
 1.60085      inf
 1.67200      inf
 1.74315      inf
 1.81429      inf
 1.88544      inf
 1.95659      inf
 2.02774      inf
 2.09889      inf
 2.17004      inf
 2.24119      inf
 2.31234      inf
 2.38348      inf
 2.45463  8.14263
 2.52578  6.46536
 2.59693  5.06102
 2.66808  4.01373
 2.73923  3.20246
 2.81038  2.56915
 2.88153  2.06706
 2.95267  1.67268
 3.02382  1.34543
 3.09497  1.05431
 3.16612  0.78149
 3.23727  0.50629
 3.30842  0.24739
 3.37957  0.03942
 3.45072 -0.10728
 3.52187 -0.19480
 3.59301 -0.24206
 3.66416 -0.26136
 3.73531 -0.26826
 3.80646 -0.27064
 3.87761 -0.27330
 3.94876 -0.27546
 4.01991 -0.27481
 4.09106 -0.26638
 4.16220 -0.24807
 4.23335 -0.22139
 4.30450 -0.18733
 4.37565 -0.15024
 4.44680 -0.11222
 4.51795 -0.07546
 4.58910 -0.04184
 4.66025 -0.00961
 4.73139  0.01770
 4.80254  0.04219
 4.87369  0.06341
 4.94484  0.08123
 5.01599  0.09577
 5.08714  0.10723
 5.15829  0.11655
 5.22944  0.12243
 5.30059  0.12573
 5.37173  0.12588
 5.44288  0.12448
 5.51403  0.11994
 5.58518  0.11378
 5.65633  0.10495
 5.72748  0.09564
 5.79863  0.08504
 5.86978  0.07418
 5.94092  0.06305
 6.01207  0.05296
 6.08322  0.04373
 6.15437  0.03495
 6.22552  0.02810
 6.29667  0.02213
 6.36782  0.01681
 6.43897  0.01163
 6.51011  0.00827
 6.58126  0.00415
 6.65241  0.00050
 6.72356 -0.00300
 6.79471 -0.00601
 6.86586 -0.00878
 6.93701 -0.01120
 7.00816 -0.01359
 7.07930 -0.01484
 7.15045 -0.01574
 7.22160 -0.01637
 7.29275 -0.01660
 7.36390 -0.01635
 7.43505 -0.01552
 7.50620 -0.01519
 7.57735 -0.01389
 7.64850 -0.01257
 7.71964 -0.01158
 7.79079 -0.01016
 7.86194 -0.00848
 7.93309 -0.00643
 8.00424 -0.00435
 8.07539 -0.00255
 8.14654 -0.00056
 8.21769  0.00167
 8.28883  0.00346
 8.35998  0.00567
 8.43113  0.00748
 8.50228  0.00885
 8.57343  0.01072
 8.64458  0.01235
 8.71573  0.01277
 8.78688  0.01348
 8.85802  0.01375
 8.92917  0.01399
 9.00032  0.01343
 9.07147  0.01274
 9.14262  0.01207
 9.21377  0.01072
 9.28492  0.00980
 9.35607  0.00827
 9.42722  0.00671
 9.49836  0.00505
 9.56951  0.00332
 9.64066  0.00237
 9.71181  0.00079
 9.78296 -0.00032
 9.85411 -0.00177
 9.92526 -0.00257
 9.99641 -0.00324
10.06755 -0.00402
10.13870 -0.00459
10.20985 -0.00469
10.28100 -0.00503
10.35215 -0.00493
10.42330 -0.00462
10.49445 -0.00481
10.56560 -0.00440
10.63674 -0.00374
10.70789 -0.00326
10.77904 -0.00287
10.85019 -0.00236
10.92134 -0.00183
10.99249 -0.00137
11.06364 -0.00091
11.13479 -0.00064
11.20593 -0.00005
11.27708  0.00013
11.34823  0.00043
11.41938  0.00070
11.49053  0.00086
11.56168  0.00079
11.63283  0.00098
11.70398  0.00097
11.77513  0.00122
11.84627  0.00134
11.91742  0.00112
11.98857  0.00107
12.05972  0.00125
12.13087  0.00121
12.20202  0.00117
12.27317  0.00112
12.34432  0.00097
12.41546  0.00079
12.48661  0.00076
12.55776  0.00079
12.62891  0.00030
12.70006  0.00022
12.77121  0.00037
12.84236  0.00051
12.91351 -0.00017
12.98465 -0.00039
13.05580 -0.00029
13.12695 -0.00027
13.19810 -0.00040
13.26925 -0.00054
13.34040 -0.00080
13.41155 -0.00076
13.48270 -0.00079
13.55385 -0.00088
13.62499 -0.00091
13.69614 -0.00111
13.76729 -0.00134
13.83844 -0.00102
13.90959 -0.00107
13.98074 -0.00118
14.05189 -0.00107
14.12304 -0.00109
14.19418 -0.00100
14.26533 -0.00097
14.33648 -0.00069
14.40763 -0.00071
14.47878 -0.00069
14.54993 -0.00060
14.62108 -0.00056
14.69223 -0.00050
14.76337 -0.00039
14.83452 -0.00031
14.90567 -0.00040
14.97682 -0.00039
15.04797 -0.00030
15.11912 -0.00027
15.19027 -0.00017
15.26142 -0.00026
15.33256 -0.00001
15.40371 -0.00037
15.47486 -0.00030
15.54601 -0.00042
15.61716 -0.00051
15.68831 -0.00044
15.75946 -0.00051
15.83061 -0.00048
15.90176 -0.00054
15.97290 -0.00082
16.04405 -0.00075
16.11520 -0.00075
16.18635 -0.00078
16.25750 -0.00105
16.32865 -0.00095
16.39980 -0.00084
16.47095 -0.00102
16.54209 -0.00098
16.61324 -0.00088
16.68439 -0.00087
16.75554 -0.00097
16.82669 -0.00098
16.89784 -0.00084
16.96899 -0.00107
17.04014 -0.00080
17.11128 -0.00088
17.18243 -0.00078
17.25358 -0.00085
17.32473 -0.00094
17.39588 -0.00080
17.46703 -0.00084
17.53818 -0.00095
17.60933 -0.00080
17.68048 -0.00079
17.75162 -0.00086
17.82277 -0.00080
17.89392 -0.00085
17.96507 -0.00093
18.03622 -0.00099
18.10737 -0.00112
18.17852 -0.00094
18.24967 -0.00114
18.32081 -0.00089
18.39196 -0.00104
18.46311 -0.00091
18.53426 -0.00094
18.60541 -0.00104
18.67656 -0.00114
18.74771 -0.00104
18.81886 -0.00104
18.89000 -0.00104
18.96115 -0.00105
19.03230 -0.00098
19.10345 -0.00118
19.17460 -0.00108
19.24575 -0.00103
19.31690 -0.00109
19.38805 -0.00110
19.45920 -0.00098
19.53034 -0.00106
19.60149 -0.00115
19.67264 -0.00113
19.74379 -0.00102
19.81494 -0.00107
19.88609 -0.00110
19.95724 -0.00102
20.02839 -0.00100
20.09953 -0.00093
20.17068 -0.00104
20.24183 -0.00105
20.31298 -0.00096
20.38413 -0.00101
20.45528 -0.00098
20.52643 -0.00109
20.59758 -0.00089
20.66872 -0.00085
20.73987 -0.00100
20.81102 -0.00082
20.88217 -0.00074
20.95332 -0.00087
21.02447 -0.00086
21.09562 -0.00089
21.16677 -0.00089
21.23791 -0.00089
21.30906 -0.00050
