 0.03557      inf
 0.10672      inf
 0.17787      inf
 0.24902      inf
 0.32017      inf
 0.39132      inf
 0.46247      inf
 0.53362      inf
 0.60476      inf
 0.67591      inf
 0.74706      inf
 0.81821      inf
 0.88936      inf
 0.96051      inf
 1.03166      inf
 1.10281      inf
 1.17396      inf
 1.24510      inf
 1.31625      inf
 1.38740      inf
 1.45855      inf
 1.52970      inf
 1.60085      inf
 1.67200      inf
 1.74315      inf
 1.81429      inf
 1.88544      inf
 1.95659      inf
 2.02774      inf
 2.09889      inf
 2.17004      inf
 2.24119      inf
 2.31234      inf
 2.38348      inf
 2.45463      inf
 2.52578      inf
 2.59693      inf
 2.66808  8.24135
 2.73923  7.86216
 2.81038  6.69970
 2.88153  5.60031
 2.95267  4.70033
 3.02382  3.90206
 3.09497  3.17317
 3.16612  2.50106
 3.23727  1.89648
 3.30842  1.35464
 3.37957  0.88584
 3.45072  0.49368
 3.52187  0.18562
 3.59301 -0.04080
 3.66416 -0.19002
 3.73531 -0.27705
 3.80646 -0.31313
 3.87761 -0.31247
 3.94876 -0.28607
 4.01991 -0.24474
 4.09106 -0.19643
 4.16220 -0.14669
 4.23335 -0.09940
 4.30450 -0.05505
 4.37565 -0.01580
 4.44680  0.01685
 4.51795  0.04266
 4.58910  0.05990
 4.66025  0.07054
 4.73139  0.07578
 4.80254  0.07527
 4.87369  0.07279
 4.94484  0.06867
 5.01599  0.06124
 5.08714  0.05419
 5.15829  0.04576
 5.22944  0.03639
 5.30059  0.02782
 5.37173  0.01880
 5.44288  0.01007
 5.51403  0.00219
 5.58518 -0.00563
 5.65633 -0.01314
 5.72748 -0.01944
 5.79863 -0.02483
 5.86978 -0.02811
 5.94092 -0.02917
 6.01207 -0.02781
 6.08322 -0.02437
 6.15437 -0.01942
 6.22552 -0.01171
 6.29667 -0.00312
 6.36782  0.00688
 6.43897  0.01642
 6.51011  0.02581
 6.58126  0.03390
 6.65241  0.04010
 6.72356  0.04379
 6.79471  0.04564
 6.86586  0.04559
 6.93701  0.04340
 7.00816  0.04039
 7.07930  0.03583
 7.15045  0.03077
 7.22160  0.02516
 7.29275  0.01955
 7.36390  0.01373
 7.43505  0.00789
 7.50620  0.00236
 7.57735 -0.00252
 7.64850 -0.00774
 7.71964 -0.01169
 7.79079 -0.01534
 7.86194 -0.01828
 7.93309 -0.02092
 8.00424 -0.02231
 8.07539 -0.02278
 8.14654 -0.02241
 8.21769 -0.02145
 8.28883 -0.02032
 8.35998 -0.01857
 8.43113 -0.01570
 8.50228 -0.01279
 8.57343 -0.00891
 8.64458 -0.00635
 8.71573 -0.00285
 8.78688  0.00043
 8.85802  0.00325
 8.92917  0.00575
 9.00032  0.00795
 9.07147  0.00906
 9.14262  0.01057
 9.21377  0.01067
 9.28492  0.01041
 9.35607  0.01020
 9.42722  0.00903
 9.49836  0.00809
 9.56951  0.00684
 9.64066  0.00496
 9.71181  0.00390
 9.78296  0.00235
 9.85411  0.00094
 9.92526 -0.00025
 9.99641 -0.00144
10.06755 -0.00220
10.13870 -0.00289
10.20985 -0.00338
10.28100 -0.00367
10.35215 -0.00372
10.42330 -0.00349
10.49445 -0.00363
10.56560 -0.00299
10.63674 -0.00291
10.70789 -0.00257
10.77904 -0.00182
10.85019 -0.00130
10.92134 -0.00066
10.99249 -0.00038
11.06364 -0.00010
11.13479 -0.00028
11.20593  0.00020
11.27708  0.00030
11.34823  0.00012
11.41938 -0.00020
11.49053 -0.00020
11.56168 -0.00047
11.63283 -0.00087
11.70398 -0.00109
11.77513 -0.00125
11.84627 -0.00153
11.91742 -0.00207
11.98857 -0.00214
12.05972 -0.00232
12.13087 -0.00229
12.20202 -0.00199
12.27317 -0.00227
12.34432 -0.00246
12.41546 -0.00211
12.48661 -0.00200
12.55776 -0.00205
12.62891 -0.00178
12.70006 -0.00155
12.77121 -0.00120
12.84236 -0.00111
12.91351 -0.00070
12.98465 -0.00059
13.05580 -0.00059
13.12695 -0.00040
13.19810 -0.00042
13.26925 -0.00042
13.34040 -0.00047
13.41155 -0.00045
13.48270 -0.00060
13.55385 -0.00073
13.62499 -0.00080
13.69614 -0.00074
13.76729 -0.00111
13.83844 -0.00140
13.90959 -0.00139
13.98074 -0.00147
14.05189 -0.00163
14.12304 -0.00184
14.19418 -0.00201
14.26533 -0.00178
14.33648 -0.00208
14.40763 -0.00208
14.47878 -0.00206
14.54993 -0.00216
14.62108 -0.00201
14.69223 -0.00184
14.76337 -0.00193
14.83452 -0.00190
14.90567 -0.00181
14.97682 -0.00183
15.04797 -0.00174
15.11912 -0.00169
15.19027 -0.00169
15.26142 -0.00141
15.33256 -0.00119
15.40371 -0.00146
15.47486 -0.00119
15.54601 -0.00105
15.61716 -0.00115
15.68831 -0.00125
15.75946 -0.00128
15.83061 -0.00123
15.90176 -0.00116
15.97290 -0.00113
16.04405 -0.00114
16.11520 -0.00121
16.18635 -0.00119
16.25750 -0.00113
16.32865 -0.00127
16.39980 -0.00131
16.47095 -0.00115
16.54209 -0.00117
16.61324 -0.00118
16.68439 -0.00114
16.75554 -0.00124
16.82669 -0.00134
16.89784 -0.00128
16.96899 -0.00119
17.04014 -0.00125
17.11128 -0.00134
17.18243 -0.00130
17.25358 -0.00136
17.32473 -0.00131
17.39588 -0.00137
17.46703 -0.00126
17.53818 -0.00112
17.60933 -0.00118
17.68048 -0.00104
17.75162 -0.00124
17.82277 -0.00126
17.89392 -0.00124
17.96507 -0.00103
18.03622 -0.00095
18.10737 -0.00112
18.17852 -0.00103
18.24967 -0.00103
18.32081 -0.00120
18.39196 -0.00108
18.46311 -0.00102
18.53426 -0.00080
18.60541 -0.00087
18.67656 -0.00084
18.74771 -0.00075
18.81886 -0.00083
18.89000 -0.00079
18.96115 -0.00078
19.03230 -0.00083
19.10345 -0.00083
19.17460 -0.00093
19.24575 -0.00082
19.31690 -0.00090
19.38805 -0.00072
19.45920 -0.00087
19.53034 -0.00083
19.60149 -0.00076
19.67264 -0.00087
19.74379 -0.00092
19.81494 -0.00104
19.88609 -0.00078
19.95724 -0.00078
20.02839 -0.00079
20.09953 -0.00081
20.17068 -0.00091
20.24183 -0.00089
20.31298 -0.00097
20.38413 -0.00072
20.45528 -0.00085
20.52643 -0.00080
20.59758 -0.00084
20.66872 -0.00077
20.73987 -0.00067
20.81102 -0.00078
20.88217 -0.00068
20.95332 -0.00070
21.02447 -0.00078
21.09562 -0.00085
21.16677 -0.00078
21.23791 -0.00082
21.30906 -0.00040
