multipole   431 -433 -433              -0.29492
                                        0.00000    0.00000    0.28075
                                        0.52838
                                        0.00000   -0.69850
                                        0.00000    0.00000    0.17012
multipole   432  431                    0.98296
                                        0.00000    0.00000    0.00000
                                        0.04079
                                        0.00000    0.04079
                                        0.00000    0.00000   -0.08158
multipole   433  431  433               0.15030
                                        0.02326    0.00000   -0.21226
                                        0.04554
                                        0.00000    0.00237
                                        0.00636    0.00000   -0.04791
