 0.03565  0.00000      nan
 0.10696  0.00000      nan
 0.17826  0.00000      nan
 0.24957  0.00000      nan
 0.32087  0.00000      nan
 0.39218  0.00000      nan
 0.46348  0.00000      nan
 0.53479  0.00000      nan
 0.60609  0.00000      nan
 0.67740  0.00000      nan
 0.74870  0.00000      nan
 0.82001  0.00000      nan
 0.89131  0.00000      nan
 0.96262  0.00000      nan
 1.03392  0.00000      nan
 1.10523  0.00000      nan
 1.17653  0.00000      nan
 1.24784  0.00000      nan
 1.31914  0.00000      nan
 1.39045  0.00000      nan
 1.46175  0.00000      nan
 1.53306  0.00000      nan
 1.60436  0.00000      nan
 1.67567  0.00000      nan
 1.74697  0.00000      nan
 1.81828  0.00000      nan
 1.88958  0.00000      nan
 1.96089  0.00000      nan
 2.03219  0.00000      nan
 2.10350  0.00000      nan
 2.17480  0.00000      nan
 2.24611  0.00000      nan
 2.31741  0.00000      nan
 2.38872  0.00000      nan
 2.46002  0.00000      nan
 2.53133  0.00000      nan
 2.60263  0.00000      nan
 2.67394  0.00000      nan
 2.74524  0.00000      nan
 2.81655  0.00000      nan
 2.88785  0.00000      nan
 2.95916  0.00000      nan
 3.03046  0.00000      nan
 3.10176  0.00008  0.00007
 3.17307  0.00072  0.00022
 3.24437  0.00439  0.00061
 3.31568  0.01347  0.00111
 3.38698  0.05559  0.00236
 3.45829  0.16335  0.00498
 3.52959  0.37243  0.00863
 3.60090  0.71242  0.01308
 3.67220  1.12876  0.01720
 3.74351  1.61666  0.02115
 3.81481  2.12480  0.02445
 3.88612  2.53694  0.02637
 3.95742  2.88917  0.02805
 4.02873  3.09988  0.02820
 4.10003  3.29513  0.02845
 4.17134  3.38144  0.02787
 4.24264  3.48922  0.02755
 4.31395  3.56376  0.02708
 4.38525  3.65718  0.02669
 4.45656  3.71732  0.02670
 4.52786  3.77072  0.02657
 4.59917  3.81905  0.02657
 4.67047  3.80409  0.02621
 4.74178  3.71669  0.02592
 4.81308  3.52844  0.02460
 4.88439  3.22439  0.02298
 4.95569  2.86521  0.02069
 5.02700  2.55934  0.01874
 5.09830  2.28068  0.01713
 5.16961  2.06075  0.01582
 5.24091  1.86543  0.01444
 5.31222  1.72396  0.01367
 5.38352  1.60777  0.01313
 5.45483  1.51593  0.01265
 5.52613  1.44570  0.01196
 5.59744  1.38937  0.01178
 5.66874  1.35352  0.01137
 5.74005  1.32882  0.01111
 5.81135  1.31307  0.01101
 5.88266  1.32011  0.01102
 5.95396  1.31892  0.01092
 6.02527  1.33613  0.01092
 6.09657  1.33893  0.01081
 6.16788  1.35552  0.01073
 6.23918  1.36555  0.01079
 6.31049  1.37397  0.01079
 6.38179  1.37336  0.01062
 6.45310  1.37809  0.01045
 6.52440  1.36539  0.01038
 6.59571  1.36199  0.01031
 6.66701  1.35677  0.01012
 6.73832  1.33438  0.00989
 6.80962  1.32393  0.00966
 6.88093  1.29455  0.00953
 6.95223  1.27497  0.00940
 7.02354  1.25930  0.00930
 7.09484  1.23215  0.00906
 7.16615  1.21413  0.00898
 7.23745  1.18811  0.00864
 7.30876  1.17210  0.00851
 7.38006  1.15824  0.00832
 7.45137  1.13796  0.00812
 7.52267  1.12260  0.00805
 7.59398  1.11518  0.00791
 7.66528  1.09814  0.00774
 7.73659  1.09711  0.00769
 7.80789  1.08938  0.00761
 7.87920  1.09066  0.00748
 7.95050  1.09239  0.00741
 8.02181  1.08228  0.00728
 8.09311  1.09312  0.00727
 8.16442  1.08606  0.00735
 8.23572  1.09430  0.00718
 8.30703  1.10388  0.00727
 8.37833  1.10844  0.00720
 8.44964  1.11026  0.00720
 8.52094  1.10827  0.00706
 8.59225  1.12124  0.00705
 8.66355  1.11126  0.00701
 8.73486  1.11815  0.00698
 8.80616  1.12038  0.00694
 8.87747  1.12058  0.00700
 8.94877  1.11708  0.00699
 9.02008  1.11781  0.00697
 9.09138  1.12045  0.00693
 9.16269  1.10780  0.00683
 9.23399  1.10991  0.00677
 9.30529  1.09927  0.00675
 9.37660  1.09332  0.00667
 9.44790  1.09257  0.00657
 9.51921  1.08495  0.00644
 9.59051  1.07583  0.00646
 9.66182  1.07626  0.00642
 9.73312  1.07415  0.00633
 9.80443  1.06382  0.00626
 9.87573  1.06046  0.00612
 9.94704  1.05518  0.00610
10.01834  1.05649  0.00604
10.08965  1.05036  0.00596
10.16095  1.04645  0.00593
10.23226  1.04759  0.00590
10.30356  1.04701  0.00584
10.37487  1.04210  0.00581
10.44617  1.04758  0.00582
10.51748  1.04644  0.00570
10.58878  1.04364  0.00564
10.66009  1.04456  0.00561
10.73139  1.04080  0.00561
10.80270  1.04123  0.00552
10.87400  1.04344  0.00556
10.94531  1.03711  0.00542
11.01661  1.04150  0.00539
11.08792  1.03946  0.00533
11.15922  1.04120  0.00533
11.23053  1.03621  0.00521
11.30183  1.03619  0.00523
11.37314  1.03199  0.00513
11.44444  1.03296  0.00516
11.51575  1.02921  0.00518
11.58705  1.03211  0.00514
11.65836  1.02706  0.00505
11.72966  1.02359  0.00509
11.80097  1.02132  0.00506
11.87227  1.02111  0.00501
11.94358  1.01403  0.00501
12.01488  1.01804  0.00493
12.08619  1.01039  0.00490
12.15749  1.01501  0.00482
12.22880  1.01033  0.00488
12.30010  1.01165  0.00481
12.37141  1.01200  0.00479
12.44271  1.01071  0.00481
12.51402  1.00834  0.00473
12.58532  1.01165  0.00473
12.65663  1.01086  0.00466
12.72793  1.00935  0.00463
12.79924  1.01092  0.00457
12.87054  1.00828  0.00456
12.94185  1.00354  0.00453
13.01315  1.00925  0.00444
13.08446  1.00527  0.00438
13.15576  1.00456  0.00440
13.22707  1.00487  0.00433
13.29837  1.00666  0.00436
13.36968  1.00597  0.00439
13.44098  1.00228  0.00431
13.51229  1.00666  0.00433
13.58359  1.00148  0.00427
13.65490  1.00160  0.00429
13.72620  0.99892  0.00423
13.79751  1.00013  0.00424
13.86881  1.00391  0.00418
13.94012  0.99981  0.00417
14.01142  1.00352  0.00417
14.08273  1.00101  0.00410
14.15403  0.99980  0.00406
14.22534  1.00083  0.00411
14.29664  1.00163  0.00402
14.36795  1.00676  0.00401
14.43925  1.00123  0.00400
14.51056  1.00163  0.00397
14.58186  1.00289  0.00393
14.65317  1.00205  0.00388
14.72447  1.00163  0.00389
14.79578  1.00231  0.00391
14.86708  0.99877  0.00383
14.93839  1.00010  0.00380
15.00969  0.99776  0.00377
15.08100  0.99333  0.00377
15.15230  0.99173  0.00373
15.22361  0.99182  0.00369
15.29491  0.98841  0.00368
15.36621  0.99173  0.00369
15.43752  0.98641  0.00368
15.50882  0.98731  0.00368
15.58013  0.98545  0.00366
15.65143  0.98330  0.00368
15.72274  0.98522  0.00360
15.79404  0.98262  0.00358
15.86535  0.98404  0.00362
15.93665  0.97930  0.00358
16.00796  0.97969  0.00354
16.07926  0.97584  0.00352
16.15057  0.97728  0.00350
16.22187  0.97417  0.00349
16.29318  0.97601  0.00350
16.36448  0.97530  0.00345
16.43579  0.97632  0.00343
16.50709  0.97420  0.00342
16.57840  0.97272  0.00339
16.64970  0.97810  0.00342
16.72101  0.97419  0.00335
16.79231  0.97551  0.00336
16.86362  0.97567  0.00334
16.93492  0.97609  0.00331
17.00623  0.97773  0.00326
17.07753  0.97495  0.00319
17.14884  0.97587  0.00321
17.22014  0.97662  0.00316
17.29145  0.97567  0.00314
17.36275  0.97386  0.00314
17.43406  0.97525  0.00309
17.50536  0.97210  0.00309
17.57667  0.97447  0.00304
17.64797  0.97179  0.00305
17.71928  0.97181  0.00302
17.79058  0.97065  0.00303
17.86189  0.96640  0.00302
17.93319  0.97026  0.00302
18.00450  0.97225  0.00305
18.07580  0.97043  0.00302
18.14711  0.97005  0.00303
18.21841  0.96769  0.00301
18.28972  0.97441  0.00300
18.36102  0.97259  0.00302
18.43233  0.97126  0.00296
18.50363  0.97268  0.00295
18.57494  0.97137  0.00300
18.64624  0.97406  0.00293
18.71755  0.96987  0.00296
18.78885  0.97044  0.00295
18.86016  0.97197  0.00292
18.93146  0.97017  0.00294
19.00277  0.97021  0.00289
19.07407  0.97092  0.00291
19.14538  0.97036  0.00284
19.21668  0.97015  0.00289
19.28799  0.96629  0.00285
19.35929  0.96872  0.00283
19.43060  0.97053  0.00284
19.50190  0.97090  0.00281
19.57321  0.96998  0.00281
19.64451  0.97340  0.00277
19.71582  0.97389  0.00276
19.78712  0.97431  0.00272
19.85843  0.97270  0.00275
19.92973  0.97257  0.00276
20.00104  0.96994  0.00271
20.07234  0.97217  0.00273
20.14365  0.97319  0.00271
20.21495  0.97348  0.00269
20.28626  0.97217  0.00267
20.35756  0.97527  0.00268
20.42887  0.97217  0.00261
20.50017  0.97286  0.00261
20.57148  0.97355  0.00262
20.64278  0.97326  0.00265
20.71409  0.97079  0.00265
20.78539  0.97175  0.00261
20.85670  0.97346  0.00264
20.92800  0.97221  0.00265
20.99931  0.97159  0.00264
21.07061  0.97329  0.00263
21.14192  0.97250  0.00266
21.21322  0.97291  0.00261
21.28453  0.97352  0.00264
21.35583  0.97205  0.00265
