 0.03565  0.00000      nan
 0.10696  0.00000      nan
 0.17826  0.00000      nan
 0.24957  0.00000      nan
 0.32087  0.00000      nan
 0.39218  0.00000      nan
 0.46348  0.00000      nan
 0.53478  0.00000      nan
 0.60609  0.00000      nan
 0.67739  0.00000      nan
 0.74870  0.00000      nan
 0.82000  0.00000      nan
 0.89131  0.00000      nan
 0.96261  0.00000      nan
 1.03392  0.00000      nan
 1.10522  0.00000      nan
 1.17653  0.00000      nan
 1.24783  0.00000      nan
 1.31914  0.00000      nan
 1.39044  0.00000      nan
 1.46174  0.00000      nan
 1.53305  0.00000      nan
 1.60435  0.00000      nan
 1.67566  0.00000      nan
 1.74696  0.00000      nan
 1.81827  0.00000      nan
 1.88957  0.00000      nan
 1.96088  0.00000      nan
 2.03218  0.00000      nan
 2.10349  0.00000      nan
 2.17479  0.00000      nan
 2.24610  0.00000      nan
 2.31740  0.00000      nan
 2.38870  0.00000      nan
 2.46001  0.00024  0.00017
 2.53131  0.00274  0.00055
 2.60262  0.02901  0.00190
 2.67392  0.22203  0.00705
 2.74523  0.88642  0.01816
 2.81653  2.14073  0.03540
 2.88784  3.42150  0.05083
 2.95914  3.95351  0.05811
 3.03045  3.85088  0.05488
 3.10175  3.32937  0.04586
 3.17306  2.86585  0.03930
 3.24436  2.46100  0.03396
 3.31566  2.13965  0.02891
 3.38697  1.91537  0.02616
 3.45827  1.75724  0.02353
 3.52958  1.63394  0.02220
 3.60088  1.55573  0.02129
 3.67219  1.50273  0.02100
 3.74349  1.47382  0.02034
 3.81480  1.44981  0.01984
 3.88610  1.45684  0.01914
 3.95741  1.48305  0.01978
 4.02871  1.54526  0.01946
 4.10002  1.60029  0.01972
 4.17132  1.69448  0.02083
 4.24262  1.81906  0.02148
 4.31393  1.94115  0.02236
 4.38523  2.03807  0.02277
 4.45654  2.09856  0.02331
 4.52784  2.13715  0.02302
 4.59915  2.13253  0.02291
 4.67045  2.16705  0.02259
 4.74176  2.21450  0.02257
 4.81306  2.29773  0.02298
 4.88437  2.42146  0.02407
 4.95567  2.51361  0.02473
 5.02698  2.48534  0.02464
 5.09828  2.37139  0.02295
 5.16958  2.23403  0.02097
 5.24089  2.06785  0.01940
 5.31219  1.96567  0.01781
 5.38350  1.85825  0.01695
 5.45480  1.76989  0.01589
 5.52611  1.69224  0.01567
 5.59741  1.64726  0.01501
 5.66872  1.59814  0.01477
 5.74002  1.57316  0.01424
 5.81133  1.53666  0.01408
 5.88263  1.51931  0.01353
 5.95394  1.50220  0.01309
 6.02524  1.49187  0.01300
 6.09654  1.48741  0.01264
 6.16785  1.50077  0.01249
 6.23915  1.50343  0.01262
 6.31046  1.49871  0.01270
 6.38176  1.48704  0.01211
 6.45307  1.49518  0.01220
 6.52437  1.50418  0.01191
 6.59568  1.48925  0.01164
 6.66698  1.47956  0.01136
 6.73829  1.45261  0.01119
 6.80959  1.44285  0.01105
 6.88090  1.42472  0.01055
 6.95220  1.39826  0.01049
 7.02350  1.36329  0.01018
 7.09481  1.35438  0.00991
 7.16611  1.32751  0.00978
 7.23742  1.30459  0.00959
 7.30872  1.29150  0.00946
 7.38003  1.26094  0.00959
 7.45133  1.23971  0.00935
 7.52264  1.21703  0.00925
 7.59394  1.19768  0.00905
 7.66525  1.17372  0.00910
 7.73655  1.16483  0.00891
 7.80786  1.15044  0.00885
 7.87916  1.13234  0.00883
 7.95046  1.12246  0.00860
 8.02177  1.11751  0.00864
 8.09307  1.10151  0.00858
 8.16438  1.10117  0.00841
 8.23568  1.09611  0.00838
 8.30699  1.09335  0.00845
 8.37829  1.08988  0.00824
 8.44960  1.08322  0.00824
 8.52090  1.08919  0.00814
 8.59221  1.08884  0.00808
 8.66351  1.08454  0.00794
 8.73482  1.08400  0.00780
 8.80612  1.08283  0.00776
 8.87742  1.08399  0.00789
 8.94873  1.07984  0.00768
 9.02003  1.07923  0.00768
 9.09134  1.07998  0.00768
 9.16264  1.08102  0.00759
 9.23395  1.07588  0.00749
 9.30525  1.07553  0.00763
 9.37656  1.07887  0.00750
 9.44786  1.07363  0.00750
 9.51917  1.07550  0.00751
 9.59047  1.07625  0.00754
 9.66178  1.07190  0.00752
 9.73308  1.06752  0.00735
 9.80438  1.06924  0.00732
 9.87569  1.06416  0.00729
 9.94699  1.06487  0.00710
10.01830  1.06160  0.00701
10.08960  1.05788  0.00680
10.16091  1.05788  0.00709
10.23221  1.05879  0.00696
10.30352  1.05533  0.00674
10.37482  1.05475  0.00676
10.44613  1.05488  0.00665
10.51743  1.04552  0.00646
10.58874  1.04568  0.00656
10.66004  1.04315  0.00654
10.73134  1.04627  0.00641
10.80265  1.04378  0.00637
10.87395  1.04069  0.00635
10.94526  1.04507  0.00621
11.01656  1.03678  0.00619
11.08787  1.03677  0.00652
11.15917  1.03102  0.00636
11.23048  1.03270  0.00619
11.30178  1.03271  0.00627
11.37309  1.03598  0.00630
11.44439  1.03159  0.00608
11.51570  1.02553  0.00630
11.58700  1.02677  0.00622
11.65830  1.02484  0.00608
11.72961  1.02500  0.00612
11.80091  1.02187  0.00609
11.87222  1.02065  0.00594
11.94352  1.01396  0.00589
12.01483  1.01648  0.00581
12.08613  1.01732  0.00593
12.15744  1.01151  0.00576
12.22874  1.01080  0.00578
12.30005  1.00444  0.00574
12.37135  1.00565  0.00583
12.44266  1.00764  0.00578
12.51396  1.00065  0.00568
12.58526  1.00084  0.00572
12.65657  1.00088  0.00581
12.72787  1.00295  0.00587
12.79918  0.99766  0.00565
12.87048  0.99582  0.00583
12.94179  0.99535  0.00576
13.01309  0.99143  0.00556
13.08440  0.99133  0.00563
13.15570  0.98957  0.00565
13.22701  0.98395  0.00560
13.29831  0.98375  0.00561
13.36962  0.97998  0.00548
13.44092  0.97860  0.00553
13.51222  0.98092  0.00543
13.58353  0.97523  0.00540
13.65483  0.97906  0.00540
13.72614  0.97516  0.00545
13.79744  0.97539  0.00531
13.86875  0.97568  0.00540
13.94005  0.97318  0.00535
14.01136  0.97012  0.00530
14.08266  0.97208  0.00526
14.15397  0.96423  0.00533
14.22527  0.96885  0.00524
14.29658  0.96628  0.00535
14.36788  0.97056  0.00529
14.43918  0.96427  0.00521
14.51049  0.96532  0.00526
14.58179  0.96599  0.00524
14.65310  0.96525  0.00517
14.72440  0.96335  0.00518
14.79571  0.96399  0.00502
14.86701  0.96399  0.00516
14.93832  0.96350  0.00495
15.00962  0.96559  0.00495
15.08093  0.96188  0.00498
15.15223  0.96391  0.00495
15.22354  0.96031  0.00479
15.29484  0.96244  0.00488
15.36614  0.95831  0.00483
15.43745  0.96183  0.00484
15.50875  0.96247  0.00479
15.58006  0.96032  0.00477
15.65136  0.96185  0.00465
15.72267  0.95835  0.00463
15.79397  0.95939  0.00450
15.86528  0.95775  0.00450
15.93658  0.95940  0.00450
16.00789  0.95792  0.00437
16.07919  0.95827  0.00446
16.15050  0.95827  0.00436
16.22180  0.96103  0.00439
16.29310  0.96088  0.00433
16.36441  0.96269  0.00431
16.43571  0.96304  0.00413
16.50702  0.96431  0.00416
16.57832  0.96278  0.00426
16.64963  0.96185  0.00417
16.72093  0.96382  0.00408
16.79224  0.96397  0.00402
16.86354  0.96586  0.00401
16.93485  0.96559  0.00406
17.00615  0.96382  0.00405
17.07746  0.96617  0.00394
17.14876  0.96798  0.00390
17.22006  0.96826  0.00390
17.29137  0.96707  0.00386
17.36267  0.96796  0.00380
17.43398  0.96961  0.00380
17.50528  0.97139  0.00374
17.57659  0.97543  0.00371
17.64789  0.97167  0.00366
17.71920  0.97583  0.00354
17.79050  0.97655  0.00357
17.86181  0.97606  0.00358
17.93311  0.97917  0.00356
18.00442  0.98230  0.00365
18.07572  0.98457  0.00357
18.14702  0.98584  0.00355
18.21833  0.98459  0.00350
18.28963  0.98609  0.00343
18.36094  0.98700  0.00346
18.43224  0.98746  0.00338
18.50355  0.98951  0.00340
18.57485  0.98862  0.00332
18.64616  0.98730  0.00331
18.71746  0.99099  0.00329
18.78877  0.99155  0.00331
18.86007  0.98836  0.00333
18.93138  0.98993  0.00328
19.00268  0.99108  0.00333
19.07398  0.99209  0.00324
19.14529  0.98826  0.00334
19.21659  0.99113  0.00321
19.28790  0.98994  0.00324
19.35920  0.99189  0.00325
19.43051  0.99120  0.00321
19.50181  0.98890  0.00322
19.57312  0.98971  0.00323
19.64442  0.99165  0.00323
19.71573  0.98691  0.00315
19.78703  0.99020  0.00322
19.85834  0.99195  0.00317
19.92964  0.99306  0.00324
20.00094  0.99293  0.00312
20.07225  0.99152  0.00314
20.14355  0.99342  0.00316
20.21486  0.99245  0.00324
20.28616  0.99520  0.00314
20.35747  0.99498  0.00315
20.42877  0.99707  0.00314
20.50008  0.99638  0.00319
20.57138  0.99679  0.00314
20.64269  0.99603  0.00314
20.71399  0.99597  0.00317
20.78530  0.99722  0.00318
20.85660  0.99653  0.00313
20.92790  0.99549  0.00317
20.99921  0.99608  0.00323
21.07051  0.99686  0.00314
21.14182  0.99631  0.00312
21.21312  0.99866  0.00316
21.28443  0.99696  0.00316
21.35573  0.99616  0.00313
