 0.03565  0.00000
 0.10696  0.00000
 0.17826  0.00000
 0.24957  0.00000
 0.32087  0.00000
 0.39218  0.00000
 0.46348  0.00000
 0.53479  0.00000
 0.60609  0.00000
 0.67740  0.00000
 0.74870  0.00000
 0.82001  0.00000
 0.89131  0.00000
 0.96262  0.00000
 1.03392  0.00000
 1.10523  0.00000
 1.17653  0.00000
 1.24784  0.00000
 1.31914  0.00000
 1.39045  0.00000
 1.46175  0.00000
 1.53306  0.00000
 1.60436  0.00000
 1.67567  0.00000
 1.74697  0.00000
 1.81828  0.00000
 1.88958  0.00000
 1.96089  0.00000
 2.03219  0.00000
 2.10350  0.00000
 2.17480  0.00000
 2.24611  0.00000
 2.31741  0.00000
 2.38872  0.00000
 2.46002  0.00000
 2.53133  0.00000
 2.60263  0.00000
 2.67394  0.00000
 2.74524  0.00001
 2.81655  0.00003
 2.88785  0.00019
 2.95916  0.00068
 3.03046  0.00204
 3.10176  0.00573
 3.17307  0.01610
 3.24437  0.04332
 3.31568  0.10776
 3.38698  0.24630
 3.45829  0.49110
 3.52959  0.84189
 3.60090  1.22573
 3.67220  1.53527
 3.74351  1.70606
 3.81481  1.73697
 3.88612  1.66916
 3.95742  1.54957
 4.02873  1.41124
 4.10003  1.27606
 4.17134  1.15534
 4.24264  1.05455
 4.31395  0.97342
 4.38525  0.91032
 4.45656  0.86782
 4.52786  0.84304
 4.59917  0.83444
 4.67047  0.84080
 4.74178  0.85548
 4.81308  0.87717
 4.88439  0.90276
 4.95569  0.92851
 5.02700  0.95419
 5.09830  0.97694
 5.16961  0.99651
 5.24091  1.01353
 5.31222  1.02801
 5.38352  1.04054
 5.45483  1.05026
 5.52613  1.06041
 5.59744  1.06933
 5.66874  1.07620
 5.74005  1.08263
 5.81135  1.08754
 5.88266  1.08986
 5.95396  1.08675
 6.02527  1.08188
 6.09657  1.06871
 6.16788  1.05188
 6.23918  1.03105
 6.31049  1.00593
 6.38179  0.98107
 6.45310  0.95701
 6.52440  0.93558
 6.59571  0.91938
 6.66701  0.90776
 6.73832  0.90063
 6.80962  0.89881
 6.88093  0.90152
 6.95223  0.90609
 7.02354  0.91496
 7.09484  0.92454
 7.16615  0.93769
 7.23745  0.95089
 7.30876  0.96447
 7.38006  0.97874
 7.45137  0.99223
 7.52267  1.00482
 7.59398  1.01627
 7.66528  1.02686
 7.73659  1.03505
 7.80789  1.04145
 7.87920  1.04649
 7.95050  1.04885
 8.02181  1.04938
 8.09311  1.04876
 8.16442  1.04683
 8.23572  1.04343
 8.30703  1.03839
 8.37833  1.03322
 8.44964  1.02823
 8.52094  1.02253
 8.59225  1.01575
 8.66355  1.01041
 8.73486  1.00543
 8.80616  1.00027
 8.87747  0.99612
 8.94877  0.99264
 9.02008  0.99044
 9.09138  0.98818
 9.16269  0.98777
 9.23399  0.98750
 9.30529  0.98757
 9.37660  0.98827
 9.44790  0.99040
 9.51921  0.99255
 9.59051  0.99406
 9.66182  0.99627
 9.73312  0.99878
 9.80443  1.00061
 9.87573  1.00204
 9.94704  1.00407
10.01834  1.00520
10.08965  1.00588
10.16095  1.00638
10.23226  1.00724
10.30356  1.00687
10.37487  1.00537
10.44617  1.00477
10.51748  1.00457
10.58878  1.00355
10.66009  1.00220
10.73139  1.00124
10.80270  1.00042
10.87400  1.00026
10.94531  0.99912
11.01661  0.99866
11.08792  0.99835
11.15922  0.99840
11.23053  0.99866
11.30183  0.99873
11.37314  1.00030
11.44444  1.00057
11.51575  1.00131
11.58705  1.00218
11.65836  1.00277
11.72966  1.00382
11.80097  1.00424
11.87227  1.00474
11.94358  1.00526
12.01488  1.00543
12.08619  1.00572
12.15749  1.00553
12.22880  1.00547
12.30010  1.00507
12.37141  1.00457
12.44271  1.00394
12.51402  1.00335
12.58532  1.00246
12.65663  1.00189
12.72793  1.00168
12.79924  1.00095
12.87054  1.00091
12.94185  1.00012
13.01315  0.99976
13.08446  0.99940
13.15576  0.99890
13.22707  0.99904
13.29837  0.99898
13.36968  0.99890
13.44098  0.99919
13.51229  0.99917
13.58359  0.99971
13.65490  1.00017
13.72620  1.00047
13.79751  1.00055
13.86881  1.00136
13.94012  1.00133
14.01142  1.00184
14.08273  1.00206
14.15403  1.00201
14.22534  1.00237
14.29664  1.00221
14.36795  1.00233
14.43925  1.00243
14.51056  1.00213
14.58186  1.00239
14.65317  1.00210
14.72447  1.00153
14.79578  1.00153
14.86708  1.00173
14.93839  1.00161
15.00969  1.00133
15.08100  1.00133
15.15230  1.00116
15.22361  1.00130
15.29491  1.00133
15.36621  1.00112
15.43752  1.00127
15.50882  1.00131
15.58013  1.00136
15.65143  1.00136
15.72274  1.00123
15.79404  1.00138
15.86535  1.00142
15.93665  1.00146
16.00796  1.00164
16.07926  1.00180
16.15057  1.00186
16.22187  1.00178
16.29318  1.00235
16.36448  1.00215
16.43579  1.00177
16.50709  1.00229
16.57840  1.00194
16.64970  1.00196
16.72101  1.00182
16.79231  1.00197
16.86362  1.00185
16.93492  1.00181
17.00623  1.00162
17.07753  1.00173
17.14884  1.00134
17.22014  1.00154
17.29145  1.00142
17.36275  1.00141
17.43406  1.00141
17.50536  1.00134
17.57667  1.00153
17.64797  1.00178
17.71928  1.00152
17.79058  1.00146
17.86189  1.00186
17.93319  1.00167
18.00450  1.00213
18.07580  1.00214
18.14711  1.00193
18.21841  1.00220
18.28972  1.00216
18.36102  1.00228
18.43233  1.00232
18.50363  1.00222
18.57494  1.00212
18.64624  1.00240
18.71755  1.00221
18.78885  1.00216
18.86016  1.00217
18.93146  1.00223
19.00277  1.00219
19.07407  1.00227
19.14538  1.00213
19.21668  1.00196
19.28799  1.00180
19.35929  1.00202
19.43060  1.00181
19.50190  1.00170
19.57321  1.00172
19.64451  1.00151
19.71582  1.00160
19.78712  1.00183
19.85843  1.00144
19.92973  1.00175
20.00104  1.00186
20.07234  1.00187
20.14365  1.00201
20.21495  1.00200
20.28626  1.00193
20.35756  1.00208
20.42887  1.00215
20.50017  1.00210
20.57148  1.00229
20.64278  1.00254
20.71409  1.00226
20.78539  1.00246
20.85670  1.00240
20.92800  1.00239
20.99931  1.00220
21.07061  1.00239
21.14192  1.00227
21.21322  1.00213
21.28453  1.00234
21.35583  1.00150
