 0.03565  0.00000
 0.10696  0.00000
 0.17826  0.00000
 0.24957  0.00000
 0.32087  0.00000
 0.39218  0.00000
 0.46348  0.00000
 0.53479  0.00000
 0.60609  0.00000
 0.67740  0.00000
 0.74870  0.00000
 0.82001  0.00000
 0.89131  0.00000
 0.96262  0.00000
 1.03392  0.00000
 1.10523  0.00000
 1.17653  0.00000
 1.24784  0.00000
 1.31914  0.00000
 1.39045  0.00000
 1.46175  0.00000
 1.53306  0.00000
 1.60436  0.00000
 1.67567  0.00000
 1.74697  0.00000
 1.81828  0.00000
 1.88958  0.00000
 1.96089  0.00000
 2.03219  0.00000
 2.10350  0.00000
 2.17480  0.00000
 2.24611  0.00000
 2.31741  0.00000
 2.38872  0.00000
 2.46002  0.00003
 2.53133  0.00035
 2.60263  0.00272
 2.67394  0.01413
 2.74524  0.04995
 2.81655  0.13418
 2.88785  0.28244
 2.95916  0.48773
 3.03046  0.71882
 3.10176  0.93421
 3.17307  1.10341
 3.24437  1.21573
 3.31568  1.27291
 3.38698  1.29357
 3.45829  1.29371
 3.52959  1.28200
 3.60090  1.26222
 3.67220  1.24738
 3.74351  1.23841
 3.81481  1.23747
 3.88612  1.24320
 3.95742  1.24177
 4.02873  1.22197
 4.10003  1.18060
 4.17134  1.12391
 4.24264  1.06767
 4.31395  1.01517
 4.38525  0.97104
 4.45656  0.93620
 4.52786  0.91051
 4.59917  0.89262
 4.67047  0.88135
 4.74178  0.87501
 4.81308  0.87310
 4.88439  0.87707
 4.95569  0.88466
 5.02700  0.89706
 5.09830  0.91410
 5.16961  0.93453
 5.24091  0.95593
 5.31222  0.97701
 5.38352  0.99581
 5.45483  1.00753
 5.52613  1.01557
 5.59744  1.02058
 5.66874  1.02275
 5.74005  1.02451
 5.81135  1.02605
 5.88266  1.02592
 5.95396  1.02633
 6.02527  1.02429
 6.09657  1.02217
 6.16788  1.01811
 6.23918  1.01311
 6.31049  1.00758
 6.38179  1.00055
 6.45310  0.99411
 6.52440  0.98799
 6.59571  0.98233
 6.66701  0.97875
 6.73832  0.97681
 6.80962  0.97406
 6.88093  0.97306
 6.95223  0.97412
 7.02354  0.97493
 7.09484  0.97549
 7.16615  0.97826
 7.23745  0.98084
 7.30876  0.98331
 7.38006  0.98669
 7.45137  0.98867
 7.52267  0.99213
 7.59398  0.99484
 7.66528  0.99801
 7.73659  0.99933
 7.80789  1.00215
 7.87920  1.00401
 7.95050  1.00495
 8.02181  1.00641
 8.09311  1.00719
 8.16442  1.00668
 8.23572  1.00622
 8.30703  1.00484
 8.37833  1.00397
 8.44964  1.00183
 8.52094  0.99990
 8.59225  0.99779
 8.66355  0.99545
 8.73486  0.99445
 8.80616  0.99312
 8.87747  0.99258
 8.94877  0.99165
 9.02008  0.99133
 9.09138  0.99254
 9.16269  0.99274
 9.23399  0.99332
 9.30529  0.99363
 9.37660  0.99532
 9.44790  0.99646
 9.51921  0.99730
 9.59051  0.99864
 9.66182  0.99923
 9.73312  1.00064
 9.80443  1.00099
 9.87573  1.00192
 9.94704  1.00201
10.01834  1.00213
10.08965  1.00184
10.16095  1.00300
10.23226  1.00241
10.30356  1.00205
10.37487  1.00121
10.44617  1.00105
10.51748  1.00070
10.58878  0.99991
10.66009  0.99888
10.73139  0.99884
10.80270  0.99859
10.87400  0.99833
10.94531  0.99789
11.01661  0.99764
11.08792  0.99750
11.15922  0.99730
11.23053  0.99770
11.30183  0.99814
11.37314  0.99817
11.44444  0.99857
11.51575  0.99897
11.58705  0.99932
11.65836  0.99947
11.72966  1.00036
11.80097  1.00057
11.87227  1.00071
11.94358  1.00101
12.01488  1.00074
12.08619  1.00102
12.15749  1.00110
12.22880  1.00152
12.30010  1.00111
12.37141  1.00086
12.44271  1.00119
12.51402  1.00076
12.58532  1.00074
12.65663  1.00042
12.72793  0.99993
12.79924  1.00018
12.87054  1.00003
12.94185  0.99978
13.01315  0.99972
13.08446  0.99987
13.15576  1.00021
13.22707  0.99959
13.29837  1.00044
13.36968  1.00031
13.44098  0.99975
13.51229  1.00068
13.58359  1.00048
13.65490  1.00066
13.72620  1.00078
13.79751  1.00107
13.86881  1.00099
13.94012  1.00088
14.01142  1.00108
14.08273  1.00142
14.15403  1.00126
14.22534  1.00128
14.29664  1.00168
14.36795  1.00145
14.43925  1.00120
14.51056  1.00144
14.58186  1.00124
14.65317  1.00099
14.72447  1.00131
14.79578  1.00109
14.86708  1.00087
14.93839  1.00113
15.00969  1.00086
15.08100  1.00128
15.15230  1.00101
15.22361  1.00144
15.29491  1.00120
15.36621  1.00122
15.43752  1.00134
15.50882  1.00102
15.58013  1.00132
15.65143  1.00127
15.72274  1.00156
15.79404  1.00215
15.86535  1.00185
15.93665  1.00191
16.00796  1.00174
16.07926  1.00227
16.15057  1.00208
16.22187  1.00227
16.29318  1.00243
16.36448  1.00218
16.43579  1.00238
16.50709  1.00207
16.57840  1.00231
16.64970  1.00227
16.72101  1.00241
16.79231  1.00224
16.86362  1.00233
16.93492  1.00212
17.00623  1.00231
17.07753  1.00193
17.14884  1.00215
17.22014  1.00231
17.29145  1.00216
17.36275  1.00194
17.43406  1.00211
17.50536  1.00223
17.57667  1.00214
17.64797  1.00212
17.71928  1.00233
17.79058  1.00218
17.86189  1.00228
17.93319  1.00224
18.00450  1.00218
18.07580  1.00233
18.14711  1.00221
18.21841  1.00218
18.28972  1.00230
18.36102  1.00256
18.43233  1.00223
18.50363  1.00228
18.57494  1.00224
18.64624  1.00214
18.71755  1.00238
18.78885  1.00244
18.86016  1.00237
18.93146  1.00247
19.00277  1.00240
19.07407  1.00249
19.14538  1.00235
19.21668  1.00257
19.28799  1.00205
19.35929  1.00218
19.43060  1.00203
19.50190  1.00191
19.57321  1.00213
19.64451  1.00239
19.71582  1.00215
19.78712  1.00221
19.85843  1.00184
19.92973  1.00206
20.00104  1.00215
20.07234  1.00210
20.14365  1.00190
20.21495  1.00213
20.28626  1.00221
20.35756  1.00208
20.42887  1.00205
20.50017  1.00201
20.57148  1.00221
20.64278  1.00213
20.71409  1.00211
20.78539  1.00194
20.85670  1.00190
20.92800  1.00191
20.99931  1.00196
21.07061  1.00192
21.14192  1.00203
21.21322  1.00214
21.28453  1.00206
21.35583  1.00139
