 0.03565      inf      nan
 0.10696      inf      nan
 0.17826      inf      nan
 0.24957      inf      nan
 0.32087      inf      nan
 0.39218      inf      nan
 0.46348      inf      nan
 0.53478      inf      nan
 0.60609      inf      nan
 0.67739      inf      nan
 0.74870      inf      nan
 0.82000      inf      nan
 0.89131      inf      nan
 0.96261      inf      nan
 1.03392      inf      nan
 1.10522      inf      nan
 1.17653      inf      nan
 1.24783      inf      nan
 1.31914      inf      nan
 1.39044      inf      nan
 1.46174      inf      nan
 1.53305      inf      nan
 1.60435      inf      nan
 1.67566      inf      nan
 1.74696      inf      nan
 1.81827      inf      nan
 1.88957      inf      nan
 1.96088      inf      nan
 2.03218      inf      nan
 2.10349      inf      nan
 2.17479      inf      nan
 2.24610      inf      nan
 2.31740      inf      nan
 2.38870      inf      nan
 2.46001  4.93070  0.40939
 2.53131  3.49346  0.11905
 2.60262  2.09569  0.03875
 2.67392  0.89091  0.01881
 2.74523  0.07137  0.01213
 2.81653 -0.45060  0.00979
 2.88784 -0.72821  0.00879
 2.95914 -0.81376  0.00870
 3.03045 -0.79819  0.00844
 3.10175 -0.71205  0.00815
 3.17306 -0.62330  0.00812
 3.24436 -0.53314  0.00817
 3.31566 -0.45030  0.00800
 3.38697 -0.38475  0.00808
 3.45827 -0.33374  0.00793
 3.52958 -0.29067  0.00804
 3.60088 -0.26163  0.00810
 3.67219 -0.24111  0.00827
 3.74349 -0.22961  0.00817
 3.81480 -0.21989  0.00810
 3.88610 -0.22275  0.00778
 3.95741 -0.23331  0.00789
 4.02871 -0.25763  0.00745
 4.10002 -0.27835  0.00730
 4.17132 -0.31220  0.00728
 4.24262 -0.35421  0.00699
 4.31393 -0.39266  0.00682
 4.38523 -0.42151  0.00661
 4.45654 -0.43882  0.00658
 4.52784 -0.44961  0.00638
 4.59915 -0.44833  0.00636
 4.67045 -0.45783  0.00617
 4.74176 -0.47066  0.00603
 4.81306 -0.49250  0.00592
 4.88437 -0.52355  0.00588
 4.95567 -0.54566  0.00582
 5.02698 -0.53896  0.00587
 5.09828 -0.51118  0.00573
 5.16958 -0.47585  0.00556
 5.24089 -0.43009  0.00555
 5.31219 -0.40009  0.00536
 5.38350 -0.36683  0.00540
 5.45480 -0.33798  0.00532
 5.52611 -0.31142  0.00548
 5.59741 -0.29547  0.00540
 5.66872 -0.27755  0.00547
 5.74002 -0.26823  0.00536
 5.81133 -0.25433  0.00543
 5.88263 -0.24761  0.00527
 5.95394 -0.24090  0.00516
 6.02524 -0.23682  0.00516
 6.09654 -0.23504  0.00503
 6.16785 -0.24034  0.00493
 6.23915 -0.24139  0.00497
 6.31046 -0.23952  0.00502
 6.38176 -0.23490  0.00482
 6.45307 -0.23813  0.00483
 6.52437 -0.24168  0.00469
 6.59568 -0.23578  0.00463
 6.66698 -0.23191  0.00455
 6.73829 -0.22103  0.00456
 6.80959 -0.21704  0.00453
 6.88090 -0.20955  0.00438
 6.95220 -0.19845  0.00444
 7.02350 -0.18346  0.00442
 7.09481 -0.17958  0.00433
 7.16611 -0.16772  0.00436
 7.23742 -0.15741  0.00435
 7.30872 -0.15144  0.00434
 7.38003 -0.13726  0.00450
 7.45133 -0.12721  0.00446
 7.52264 -0.11628  0.00450
 7.59394 -0.10679  0.00447
 7.66525 -0.09483  0.00459
 7.73655 -0.09032  0.00453
 7.80786 -0.08296  0.00456
 7.87916 -0.07358  0.00462
 7.95046 -0.06839  0.00454
 8.02177 -0.06577  0.00458
 8.09307 -0.05723  0.00461
 8.16438 -0.05705  0.00452
 8.23568 -0.05433  0.00453
 8.30699 -0.05284  0.00457
 8.37829 -0.05095  0.00448
 8.44960 -0.04732  0.00450
 8.52090 -0.05058  0.00442
 8.59221 -0.05039  0.00439
 8.66351 -0.04804  0.00434
 8.73482 -0.04775  0.00426
 8.80612 -0.04711  0.00424
 8.87742 -0.04775  0.00431
 8.94873 -0.04548  0.00421
 9.02003 -0.04514  0.00421
 9.09134 -0.04555  0.00421
 9.16264 -0.04612  0.00416
 9.23395 -0.04330  0.00412
 9.30525 -0.04310  0.00420
 9.37656 -0.04494  0.00411
 9.44786 -0.04206  0.00413
 9.51917 -0.04309  0.00413
 9.59047 -0.04350  0.00415
 9.66178 -0.04110  0.00415
 9.73308 -0.03868  0.00408
 9.80438 -0.03963  0.00405
 9.87569 -0.03681  0.00405
 9.94699 -0.03721  0.00395
10.01830 -0.03539  0.00391
10.08960 -0.03331  0.00381
10.16091 -0.03331  0.00397
10.23221 -0.03382  0.00389
10.30352 -0.03188  0.00378
10.37482 -0.03155  0.00380
10.44613 -0.03163  0.00373
10.51743 -0.02635  0.00366
10.58874 -0.02644  0.00371
10.66004 -0.02501  0.00371
10.73134 -0.02678  0.00363
10.80265 -0.02536  0.00361
10.87395 -0.02361  0.00361
10.94526 -0.02610  0.00352
11.01656 -0.02138  0.00354
11.08787 -0.02137  0.00372
11.15917 -0.01808  0.00365
11.23048 -0.01905  0.00355
11.30178 -0.01905  0.00360
11.37309 -0.02093  0.00360
11.44439 -0.01841  0.00349
11.51570 -0.01492  0.00364
11.58700 -0.01564  0.00358
11.65830 -0.01452  0.00351
11.72961 -0.01462  0.00353
11.80091 -0.01281  0.00353
11.87222 -0.01210  0.00344
11.94352 -0.00821  0.00344
12.01483 -0.00968  0.00339
12.08613 -0.01016  0.00345
12.15744 -0.00678  0.00337
12.22874 -0.00636  0.00339
12.30005 -0.00262  0.00338
12.37135 -0.00334  0.00343
12.44266 -0.00451  0.00339
12.51396 -0.00039  0.00336
12.58526 -0.00050  0.00338
12.65657 -0.00052  0.00344
12.72787 -0.00174  0.00346
12.79918  0.00139  0.00335
12.87048  0.00248  0.00346
12.94179  0.00276  0.00342
13.01309  0.00510  0.00332
13.08440  0.00515  0.00336
13.15570  0.00620  0.00338
13.22701  0.00958  0.00337
13.29831  0.00970  0.00338
13.36962  0.01197  0.00331
13.44092  0.01281  0.00334
13.51222  0.01140  0.00328
13.58353  0.01485  0.00328
13.65483  0.01253  0.00326
13.72614  0.01489  0.00331
13.79744  0.01475  0.00322
13.86875  0.01458  0.00328
13.94005  0.01609  0.00326
14.01136  0.01796  0.00323
14.08266  0.01676  0.00320
14.15397  0.02157  0.00328
14.22527  0.01873  0.00320
14.29658  0.02030  0.00328
14.36788  0.01769  0.00323
14.43918  0.02154  0.00320
14.51049  0.02090  0.00322
14.58179  0.02048  0.00321
14.65310  0.02094  0.00317
14.72440  0.02211  0.00318
14.79571  0.02171  0.00308
14.86701  0.02171  0.00317
14.93832  0.02201  0.00304
15.00962  0.02073  0.00304
15.08093  0.02301  0.00306
15.15223  0.02176  0.00304
15.22354  0.02397  0.00295
15.29484  0.02266  0.00300
15.36614  0.02521  0.00298
15.43745  0.02304  0.00298
15.50875  0.02265  0.00294
15.58006  0.02397  0.00294
15.65136  0.02303  0.00286
15.72267  0.02519  0.00286
15.79397  0.02454  0.00278
15.86528  0.02555  0.00278
15.93658  0.02454  0.00278
16.00789  0.02545  0.00270
16.07919  0.02523  0.00275
16.15050  0.02523  0.00269
16.22180  0.02353  0.00270
16.29310  0.02362  0.00267
16.36441  0.02251  0.00265
16.43571  0.02229  0.00254
16.50702  0.02152  0.00256
16.57832  0.02246  0.00262
16.64963  0.02303  0.00256
16.72093  0.02182  0.00251
16.79224  0.02172  0.00247
16.86354  0.02057  0.00246
16.93485  0.02073  0.00249
17.00615  0.02181  0.00249
17.07746  0.02037  0.00241
17.14876  0.01927  0.00238
17.22006  0.01910  0.00239
17.29137  0.01982  0.00236
17.36267  0.01928  0.00233
17.43398  0.01827  0.00232
17.50528  0.01718  0.00228
17.57659  0.01473  0.00225
17.64789  0.01701  0.00223
17.71920  0.01448  0.00215
17.79050  0.01405  0.00217
17.86181  0.01434  0.00217
17.93311  0.01246  0.00215
18.00442  0.01057  0.00220
18.07572  0.00920  0.00215
18.14702  0.00844  0.00213
18.21833  0.00919  0.00210
18.28963  0.00829  0.00206
18.36094  0.00775  0.00207
18.43224  0.00747  0.00203
18.50355  0.00624  0.00204
18.57485  0.00678  0.00199
18.64616  0.00757  0.00199
18.71746  0.00536  0.00196
18.78877  0.00502  0.00198
18.86007  0.00693  0.00200
18.93138  0.00599  0.00196
19.00268  0.00531  0.00199
19.07398  0.00470  0.00193
19.14529  0.00699  0.00200
19.21659  0.00528  0.00192
19.28790  0.00599  0.00194
19.35920  0.00482  0.00194
19.43051  0.00523  0.00191
19.50181  0.00661  0.00193
19.57312  0.00612  0.00193
19.64442  0.00496  0.00193
19.71573  0.00780  0.00189
19.78703  0.00583  0.00192
19.85834  0.00479  0.00189
19.92964  0.00412  0.00193
20.00094  0.00420  0.00186
20.07225  0.00504  0.00188
20.14355  0.00391  0.00188
20.21486  0.00449  0.00193
20.28616  0.00285  0.00187
20.35747  0.00298  0.00187
20.42877  0.00174  0.00186
20.50008  0.00215  0.00189
20.57138  0.00190  0.00187
20.64269  0.00235  0.00186
20.71399  0.00239  0.00188
20.78530  0.00165  0.00189
20.85660  0.00206  0.00186
20.92790  0.00267  0.00188
20.99921  0.00232  0.00192
21.07051  0.00186  0.00186
21.14182  0.00219  0.00185
21.21312  0.00079  0.00187
21.28443  0.00180  0.00188
21.35573  0.00228  0.00186
