 0.03565      inf
 0.10696      inf
 0.17826      inf
 0.24957      inf
 0.32087      inf
 0.39218      inf
 0.46348      inf
 0.53479      inf
 0.60609      inf
 0.67740      inf
 0.74870      inf
 0.82001      inf
 0.89131      inf
 0.96262      inf
 1.03392      inf
 1.10523      inf
 1.17653      inf
 1.24784      inf
 1.31914      inf
 1.39045      inf
 1.46175      inf
 1.53306      inf
 1.60436      inf
 1.67567      inf
 1.74697      inf
 1.81828      inf
 1.88958      inf
 1.96089      inf
 2.03219      inf
 2.10350      inf
 2.17480      inf
 2.24611      inf
 2.31741      inf
 2.38872      inf
 2.46002      inf
 2.53133      inf
 2.60263      inf
 2.67394  8.24135
 2.74524  7.04148
 2.81655  6.13404
 2.88785  5.08793
 2.95916  4.31619
 3.03046  3.66780
 3.10176  3.05618
 3.17307  2.44439
 3.24437  1.85833
 3.31568  1.31887
 3.38698  0.82951
 3.45829  0.42098
 3.52959  0.10188
 3.60090 -0.12049
 3.67220 -0.25379
 3.74351 -0.31624
 3.81481 -0.32687
 3.88612 -0.30329
 3.95742 -0.25928
 4.02873 -0.20392
 4.10003 -0.14431
 4.17134 -0.08548
 4.24264 -0.03145
 4.31395  0.01595
 4.38525  0.05563
 4.45656  0.08393
 4.52786  0.10108
 4.59917  0.10715
 4.67047  0.10266
 4.74178  0.09241
 4.81308  0.07758
 4.88439  0.06056
 4.95569  0.04391
 5.02700  0.02776
 5.09830  0.01381
 5.16961  0.00207
 5.24091 -0.00796
 5.31222 -0.01635
 5.38352 -0.02353
 5.45483 -0.02903
 5.52613 -0.03472
 5.59744 -0.03968
 5.66874 -0.04348
 5.74005 -0.04700
 5.81135 -0.04968
 5.88266 -0.05094
 5.95396 -0.04925
 6.02527 -0.04659
 6.09657 -0.03934
 6.16788 -0.02994
 6.23918 -0.01810
 6.31049 -0.00350
 6.38179  0.01131
 6.45310  0.02601
 6.52440  0.03942
 6.59571  0.04976
 6.66701  0.05729
 6.73832  0.06196
 6.80962  0.06316
 6.88093  0.06138
 6.95223  0.05838
 7.02354  0.05261
 7.09484  0.04645
 7.16615  0.03809
 7.23745  0.02981
 7.30876  0.02142
 7.38006  0.01272
 7.45137  0.00462
 7.52267 -0.00284
 7.59398 -0.00955
 7.66528 -0.01569
 7.73659 -0.02040
 7.80789 -0.02404
 7.87920 -0.02690
 7.95050 -0.02824
 8.02181 -0.02853
 8.09311 -0.02818
 8.16442 -0.02709
 8.23572 -0.02517
 8.30703 -0.02230
 8.37833 -0.01935
 8.44964 -0.01648
 8.52094 -0.01319
 8.59225 -0.00925
 8.66355 -0.00613
 8.73486 -0.00321
 8.80616 -0.00016
 8.87747  0.00230
 8.94877  0.00437
 9.02008  0.00569
 9.09138  0.00704
 9.16269  0.00728
 9.23399  0.00745
 9.30529  0.00741
 9.37660  0.00698
 9.44790  0.00571
 9.51921  0.00443
 9.59051  0.00353
 9.66182  0.00221
 9.73312  0.00072
 9.80443 -0.00036
 9.87573 -0.00121
 9.94704 -0.00241
10.01834 -0.00307
10.08965 -0.00347
10.16095 -0.00377
10.23226 -0.00427
10.30356 -0.00406
10.37487 -0.00317
10.44617 -0.00282
10.51748 -0.00270
10.58878 -0.00210
10.66009 -0.00130
10.73139 -0.00074
10.80270 -0.00025
10.87400 -0.00016
10.94531  0.00052
11.01661  0.00079
11.08792  0.00098
11.15922  0.00095
11.23053  0.00080
11.30183  0.00075
11.37314 -0.00018
11.44444 -0.00034
11.51575 -0.00077
11.58705 -0.00129
11.65836 -0.00164
11.72966 -0.00226
11.80097 -0.00250
11.87227 -0.00280
11.94358 -0.00311
12.01488 -0.00321
12.08619 -0.00338
12.15749 -0.00326
12.22880 -0.00323
12.30010 -0.00300
12.37141 -0.00270
12.44271 -0.00233
12.51402 -0.00198
12.58532 -0.00146
12.65663 -0.00112
12.72793 -0.00099
12.79924 -0.00056
12.87054 -0.00054
12.94185 -0.00007
13.01315  0.00014
13.08446  0.00036
13.15576  0.00065
13.22707  0.00057
13.29837  0.00060
13.36968  0.00065
13.44098  0.00048
13.51229  0.00049
13.58359  0.00017
13.65490 -0.00010
13.72620 -0.00028
13.79751 -0.00033
13.86881 -0.00080
13.94012 -0.00078
14.01142 -0.00109
14.08273 -0.00122
14.15403 -0.00119
14.22534 -0.00140
14.29664 -0.00131
14.36795 -0.00138
14.43925 -0.00143
14.51056 -0.00126
14.58186 -0.00141
14.65317 -0.00124
14.72447 -0.00090
14.79578 -0.00091
14.86708 -0.00102
14.93839 -0.00095
15.00969 -0.00079
15.08100 -0.00079
15.15230 -0.00069
15.22361 -0.00077
15.29491 -0.00079
15.36621 -0.00066
15.43752 -0.00075
15.50882 -0.00078
15.58013 -0.00080
15.65143 -0.00081
15.72274 -0.00073
15.79404 -0.00082
15.86535 -0.00084
15.93665 -0.00086
16.00796 -0.00097
16.07926 -0.00106
16.15057 -0.00110
16.22187 -0.00106
16.29318 -0.00139
16.36448 -0.00127
16.43579 -0.00105
16.50709 -0.00136
16.57840 -0.00115
16.64970 -0.00116
16.72101 -0.00108
16.79231 -0.00117
16.86362 -0.00109
16.93492 -0.00107
17.00623 -0.00096
17.07753 -0.00102
17.14884 -0.00079
17.22014 -0.00091
17.29145 -0.00084
17.36275 -0.00083
17.43406 -0.00083
17.50536 -0.00079
17.57667 -0.00091
17.64797 -0.00106
17.71928 -0.00090
17.79058 -0.00087
17.86189 -0.00110
17.93319 -0.00099
18.00450 -0.00126
18.07580 -0.00127
18.14711 -0.00114
18.21841 -0.00130
18.28972 -0.00128
18.36102 -0.00135
18.43233 -0.00137
18.50363 -0.00131
18.57494 -0.00126
18.64624 -0.00142
18.71755 -0.00131
18.78885 -0.00128
18.86016 -0.00128
18.93146 -0.00132
19.00277 -0.00129
19.07407 -0.00134
19.14538 -0.00126
19.21668 -0.00116
19.28799 -0.00106
19.35929 -0.00119
19.43060 -0.00107
19.50190 -0.00101
19.57321 -0.00102
19.64451 -0.00089
19.71582 -0.00095
19.78712 -0.00108
19.85843 -0.00085
19.92973 -0.00103
20.00104 -0.00110
20.07234 -0.00110
20.14365 -0.00119
20.21495 -0.00118
20.28626 -0.00114
20.35756 -0.00123
20.42887 -0.00127
20.50017 -0.00124
20.57148 -0.00135
20.64278 -0.00150
20.71409 -0.00134
20.78539 -0.00145
20.85670 -0.00142
20.92800 -0.00141
20.99931 -0.00130
21.07061 -0.00141
21.14192 -0.00134
21.21322 -0.00126
21.28453 -0.00139
21.35583 -0.00089
