 0.03565      inf      nan
 0.10696      inf      nan
 0.17826      inf      nan
 0.24957      inf      nan
 0.32087      inf      nan
 0.39218      inf      nan
 0.46348      inf      nan
 0.53479      inf      nan
 0.60609      inf      nan
 0.67740      inf      nan
 0.74870      inf      nan
 0.82001      inf      nan
 0.89131      inf      nan
 0.96262      inf      nan
 1.03392      inf      nan
 1.10523      inf      nan
 1.17653      inf      nan
 1.24784      inf      nan
 1.31914      inf      nan
 1.39045      inf      nan
 1.46175      inf      nan
 1.53306      inf      nan
 1.60436      inf      nan
 1.67567      inf      nan
 1.74697      inf      nan
 1.81828      inf      nan
 1.88958      inf      nan
 1.96089      inf      nan
 2.03219      inf      nan
 2.10350      inf      nan
 2.17480      inf      nan
 2.24611      inf      nan
 2.31741      inf      nan
 2.38872      inf      nan
 2.46002      inf      nan
 2.53133      inf      nan
 2.60263      inf      nan
 2.67394      inf      nan
 2.74524      inf      nan
 2.81655      inf      nan
 2.88785      inf      nan
 2.95916      inf      nan
 3.03046      inf      nan
 3.10176  5.62228  0.58865
 3.17307  4.28606  0.17829
 3.24437  3.21344  0.08202
 3.31568  2.55002  0.04862
 3.38698  1.71070  0.02512
 3.45829  1.07260  0.01805
 3.52959  0.58472  0.01371
 3.60090  0.20074  0.01087
 3.67220 -0.07170  0.00902
 3.74351 -0.28437  0.00775
 3.81481 -0.44618  0.00681
 3.88612 -0.55113  0.00615
 3.95742 -0.62809  0.00575
 4.02873 -0.66977  0.00539
 4.10003 -0.70593  0.00511
 4.17134 -0.72123  0.00488
 4.24264 -0.73981  0.00467
 4.31395 -0.75232  0.00450
 4.38525 -0.76764  0.00432
 4.45656 -0.77730  0.00425
 4.52786 -0.78574  0.00417
 4.59917 -0.79328  0.00412
 4.67047 -0.79096  0.00408
 4.74178 -0.77720  0.00413
 4.81308 -0.74643  0.00413
 4.88439 -0.69308  0.00422
 4.95569 -0.62316  0.00427
 5.02700 -0.55633  0.00433
 5.09830 -0.48809  0.00445
 5.16961 -0.42806  0.00454
 5.24091 -0.36911  0.00458
 5.31222 -0.32242  0.00469
 5.38352 -0.28111  0.00483
 5.45483 -0.24629  0.00494
 5.52613 -0.21821  0.00490
 5.59744 -0.19468  0.00502
 5.66874 -0.17920  0.00497
 5.74005 -0.16830  0.00495
 5.81135 -0.16124  0.00496
 5.88266 -0.16441  0.00494
 5.95396 -0.16387  0.00490
 6.02527 -0.17155  0.00484
 6.09657 -0.17279  0.00478
 6.16788 -0.18008  0.00469
 6.23918 -0.18444  0.00468
 6.31049 -0.18808  0.00465
 6.38179 -0.18782  0.00458
 6.45310 -0.18985  0.00449
 6.52440 -0.18437  0.00450
 6.59571 -0.18290  0.00448
 6.66701 -0.18062  0.00442
 6.73832 -0.17077  0.00439
 6.80962 -0.16612  0.00432
 6.88093 -0.15283  0.00436
 6.95223 -0.14381  0.00436
 7.02354 -0.13649  0.00437
 7.09484 -0.12359  0.00435
 7.16615 -0.11486  0.00438
 7.23745 -0.10204  0.00431
 7.30876 -0.09401  0.00430
 7.38006 -0.08696  0.00425
 7.45137 -0.07651  0.00423
 7.52267 -0.06846  0.00424
 7.59398 -0.06454  0.00420
 7.66528 -0.05542  0.00417
 7.73659 -0.05487  0.00415
 7.80789 -0.05068  0.00414
 7.87920 -0.05137  0.00406
 7.95050 -0.05231  0.00402
 8.02181 -0.04681  0.00398
 8.09311 -0.05271  0.00394
 8.16442 -0.04888  0.00401
 8.23572 -0.05335  0.00388
 8.30703 -0.05851  0.00390
 8.37833 -0.06095  0.00385
 8.44964 -0.06192  0.00384
 8.52094 -0.06086  0.00377
 8.59225 -0.06774  0.00372
 8.66355 -0.06245  0.00374
 8.73486 -0.06611  0.00370
 8.80616 -0.06729  0.00367
 8.87747 -0.06740  0.00370
 8.94877 -0.06554  0.00370
 9.02008 -0.06593  0.00369
 9.09138 -0.06733  0.00366
 9.16269 -0.06061  0.00365
 9.23399 -0.06173  0.00361
 9.30529 -0.05603  0.00364
 9.37660 -0.05282  0.00361
 9.44790 -0.05241  0.00356
 9.51921 -0.04827  0.00351
 9.59051 -0.04327  0.00356
 9.66182 -0.04351  0.00353
 9.73312 -0.04234  0.00349
 9.80443 -0.03663  0.00348
 9.87573 -0.03475  0.00342
 9.94704 -0.03180  0.00342
10.01834 -0.03253  0.00338
10.08965 -0.02908  0.00336
10.16095 -0.02688  0.00335
10.23226 -0.02752  0.00334
10.30356 -0.02719  0.00330
10.37487 -0.02441  0.00330
10.44617 -0.02752  0.00329
10.51748 -0.02688  0.00323
10.58878 -0.02529  0.00320
10.66009 -0.02581  0.00318
10.73139 -0.02367  0.00319
10.80270 -0.02392  0.00314
10.87400 -0.02517  0.00316
10.94531 -0.02157  0.00309
11.01661 -0.02407  0.00306
11.08792 -0.02291  0.00304
11.15922 -0.02390  0.00303
11.23053 -0.02106  0.00298
11.30183 -0.02105  0.00299
11.37314 -0.01864  0.00294
11.44444 -0.01920  0.00296
11.51575 -0.01705  0.00298
11.58705 -0.01871  0.00295
11.65836 -0.01581  0.00291
11.72966 -0.01380  0.00294
11.80097 -0.01249  0.00293
11.87227 -0.01236  0.00290
11.94358 -0.00825  0.00292
12.01488 -0.01059  0.00287
12.08619 -0.00612  0.00287
12.15749 -0.00882  0.00281
12.22880 -0.00609  0.00286
12.30010 -0.00686  0.00282
12.37141 -0.00706  0.00280
12.44271 -0.00631  0.00282
12.51402 -0.00491  0.00278
12.58532 -0.00686  0.00277
12.65663 -0.00640  0.00273
12.72793 -0.00551  0.00272
12.79924 -0.00643  0.00268
12.87054 -0.00488  0.00268
12.94185 -0.00209  0.00267
13.01315 -0.00545  0.00260
13.08446 -0.00311  0.00258
13.15576 -0.00269  0.00259
13.22707 -0.00287  0.00255
13.29837 -0.00393  0.00256
13.36968 -0.00352  0.00259
13.44098 -0.00135  0.00255
13.51229 -0.00393  0.00255
13.58359 -0.00087  0.00252
13.65490 -0.00095  0.00254
13.72620  0.00064  0.00251
13.79751 -0.00008  0.00251
13.86881 -0.00231  0.00246
13.94012  0.00011  0.00247
14.01142 -0.00208  0.00246
14.08273 -0.00060  0.00243
14.15403  0.00012  0.00240
14.22534 -0.00049  0.00243
14.29664 -0.00097  0.00238
14.36795 -0.00399  0.00236
14.43925 -0.00073  0.00236
14.51056 -0.00096  0.00235
14.58186 -0.00171  0.00232
14.65317 -0.00121  0.00229
14.72447 -0.00097  0.00230
14.79578 -0.00137  0.00231
14.86708  0.00073  0.00227
14.93839 -0.00006  0.00225
15.00969  0.00133  0.00224
15.08100  0.00396  0.00224
15.15230  0.00492  0.00223
15.22361  0.00486  0.00221
15.29491  0.00690  0.00221
15.36621  0.00491  0.00220
15.43752  0.00810  0.00221
15.50882  0.00756  0.00221
15.58013  0.00868  0.00220
15.65143  0.00997  0.00221
15.72274  0.00881  0.00216
15.79404  0.01038  0.00215
15.86535  0.00953  0.00218
15.93665  0.01238  0.00216
16.00796  0.01214  0.00214
16.07926  0.01448  0.00214
16.15057  0.01360  0.00212
16.22187  0.01549  0.00212
16.29318  0.01437  0.00212
16.36448  0.01480  0.00210
16.43579  0.01419  0.00208
16.50709  0.01548  0.00208
16.57840  0.01637  0.00206
16.64970  0.01311  0.00207
16.72101  0.01548  0.00204
16.79231  0.01468  0.00204
16.86362  0.01458  0.00203
16.93492  0.01433  0.00201
17.00623  0.01333  0.00197
17.07753  0.01502  0.00194
17.14884  0.01446  0.00195
17.22014  0.01401  0.00192
17.29145  0.01458  0.00191
17.36275  0.01568  0.00191
17.43406  0.01484  0.00188
17.50536  0.01675  0.00188
17.57667  0.01531  0.00185
17.64797  0.01694  0.00186
17.71928  0.01693  0.00184
17.79058  0.01764  0.00185
17.86189  0.02023  0.00185
17.93319  0.01787  0.00184
18.00450  0.01666  0.00186
18.07580  0.01777  0.00184
18.14711  0.01800  0.00185
18.21841  0.01945  0.00184
18.28972  0.01534  0.00182
18.36102  0.01646  0.00184
18.43233  0.01726  0.00180
18.50363  0.01640  0.00180
18.57494  0.01720  0.00183
18.64624  0.01556  0.00178
18.71755  0.01811  0.00181
18.78885  0.01776  0.00180
18.86016  0.01683  0.00178
18.93146  0.01793  0.00179
19.00277  0.01790  0.00176
19.07407  0.01747  0.00177
19.14538  0.01781  0.00173
19.21668  0.01794  0.00176
19.28799  0.02030  0.00175
19.35929  0.01882  0.00173
19.43060  0.01771  0.00173
19.50190  0.01748  0.00171
19.57321  0.01804  0.00172
19.64451  0.01596  0.00169
19.71582  0.01566  0.00168
19.78712  0.01541  0.00165
19.85843  0.01639  0.00167
19.92973  0.01646  0.00168
20.00104  0.01807  0.00166
20.07234  0.01671  0.00167
20.14365  0.01609  0.00165
20.21495  0.01591  0.00164
20.28626  0.01671  0.00163
20.35756  0.01482  0.00163
20.42887  0.01671  0.00159
20.50017  0.01629  0.00159
20.57148  0.01587  0.00159
20.64278  0.01605  0.00161
20.71409  0.01755  0.00161
20.78539  0.01696  0.00159
20.85670  0.01592  0.00160
20.92800  0.01669  0.00161
20.99931  0.01706  0.00161
21.07061  0.01602  0.00160
21.14192  0.01651  0.00162
21.21322  0.01626  0.00159
21.28453  0.01589  0.00161
21.35583  0.01678  0.00162
