 0.03565      inf
 0.10696      inf
 0.17826      inf
 0.24957      inf
 0.32087      inf
 0.39218      inf
 0.46348      inf
 0.53479      inf
 0.60609      inf
 0.67740      inf
 0.74870      inf
 0.82001      inf
 0.89131      inf
 0.96262      inf
 1.03392      inf
 1.10523      inf
 1.17653      inf
 1.24784      inf
 1.31914      inf
 1.39045      inf
 1.46175      inf
 1.53306      inf
 1.60436      inf
 1.67567      inf
 1.74697      inf
 1.81828      inf
 1.88958      inf
 1.96089      inf
 2.03219      inf
 2.10350      inf
 2.17480      inf
 2.24611      inf
 2.31741      inf
 2.38872  8.10781
 2.46002  6.19150
 2.53133  4.71708
 2.60263  3.49787
 2.67394  2.52175
 2.74524  1.77404
 2.81655  1.18906
 2.88785  0.74845
 2.95916  0.42505
 3.03046  0.19545
 3.10176  0.04029
 3.17307 -0.05826
 3.24437 -0.11564
 3.31568 -0.14285
 3.38698 -0.15239
 3.45829 -0.15245
 3.52959 -0.14706
 3.60090 -0.13786
 3.67220 -0.13086
 3.74351 -0.12659
 3.81481 -0.12614
 3.88612 -0.12887
 3.95742 -0.12819
 4.02873 -0.11867
 4.10003 -0.09829
 4.17134 -0.06915
 4.24264 -0.03877
 4.31395 -0.00891
 4.38525  0.01740
 4.45656  0.03903
 4.52786  0.05550
 4.59917  0.06725
 4.67047  0.07477
 4.74178  0.07905
 4.81308  0.08034
 4.88439  0.07765
 4.95569  0.07255
 5.02700  0.06431
 5.09830  0.05317
 5.16961  0.04008
 5.24091  0.02668
 5.31222  0.01377
 5.38352  0.00249
 5.45483 -0.00444
 5.52613 -0.00915
 5.59744 -0.01206
 5.66874 -0.01332
 5.74005 -0.01433
 5.81135 -0.01522
 5.88266 -0.01515
 5.95396 -0.01539
 6.02527 -0.01421
 6.09657 -0.01298
 6.16788 -0.01062
 6.23918 -0.00771
 6.31049 -0.00447
 6.38179 -0.00033
 6.45310  0.00350
 6.52440  0.00715
 6.59571  0.01056
 6.66701  0.01272
 6.73832  0.01389
 6.80962  0.01556
 6.88093  0.01617
 6.95223  0.01552
 7.02354  0.01503
 7.09484  0.01469
 7.16615  0.01301
 7.23745  0.01145
 7.30876  0.00997
 7.38006  0.00793
 7.45137  0.00674
 7.52267  0.00468
 7.59398  0.00306
 7.66528  0.00118
 7.73659  0.00040
 7.80789 -0.00127
 7.87920 -0.00237
 7.95050 -0.00292
 8.02181 -0.00378
 8.09311 -0.00424
 8.16442 -0.00394
 8.23572 -0.00367
 8.30703 -0.00286
 8.37833 -0.00234
 8.44964 -0.00108
 8.52094  0.00006
 8.59225  0.00131
 8.66355  0.00270
 8.73486  0.00329
 8.80616  0.00409
 8.87747  0.00441
 8.94877  0.00496
 9.02008  0.00515
 9.09138  0.00444
 9.16269  0.00431
 9.23399  0.00397
 9.30529  0.00378
 9.37660  0.00278
 9.44790  0.00210
 9.51921  0.00160
 9.59051  0.00080
 9.66182  0.00046
 9.73312 -0.00038
 9.80443 -0.00059
 9.87573 -0.00114
 9.94704 -0.00119
10.01834 -0.00126
10.08965 -0.00109
10.16095 -0.00177
10.23226 -0.00143
10.30356 -0.00121
10.37487 -0.00072
10.44617 -0.00062
10.51748 -0.00041
10.58878  0.00005
10.66009  0.00066
10.73139  0.00069
10.80270  0.00084
10.87400  0.00099
10.94531  0.00125
11.01661  0.00140
11.08792  0.00148
11.15922  0.00160
11.23053  0.00136
11.30183  0.00110
11.37314  0.00109
11.44444  0.00085
11.51575  0.00061
11.58705  0.00040
11.65836  0.00032
11.72966 -0.00022
11.80097 -0.00034
11.87227 -0.00042
11.94358 -0.00060
12.01488 -0.00044
12.08619 -0.00060
12.15749 -0.00065
12.22880 -0.00090
12.30010 -0.00066
12.37141 -0.00051
12.44271 -0.00070
12.51402 -0.00045
12.58532 -0.00044
12.65663 -0.00025
12.72793  0.00004
12.79924 -0.00011
12.87054 -0.00002
12.94185  0.00013
13.01315  0.00017
13.08446  0.00008
13.15576 -0.00012
13.22707  0.00024
13.29837 -0.00026
13.36968 -0.00019
13.44098  0.00015
13.51229 -0.00040
13.58359 -0.00028
13.65490 -0.00039
13.72620 -0.00046
13.79751 -0.00063
13.86881 -0.00059
13.94012 -0.00052
14.01142 -0.00064
14.08273 -0.00084
14.15403 -0.00074
14.22534 -0.00076
14.29664 -0.00099
14.36795 -0.00086
14.43925 -0.00071
14.51056 -0.00085
14.58186 -0.00073
14.65317 -0.00059
14.72447 -0.00078
14.79578 -0.00065
14.86708 -0.00051
14.93839 -0.00067
15.00969 -0.00051
15.08100 -0.00076
15.15230 -0.00060
15.22361 -0.00085
15.29491 -0.00071
15.36621 -0.00072
15.43752 -0.00079
15.50882 -0.00060
15.58013 -0.00078
15.65143 -0.00075
15.72274 -0.00092
15.79404 -0.00127
15.86535 -0.00110
15.93665 -0.00113
16.00796 -0.00103
16.07926 -0.00134
16.15057 -0.00123
16.22187 -0.00134
16.29318 -0.00144
16.36448 -0.00129
16.43579 -0.00141
16.50709 -0.00123
16.57840 -0.00136
16.64970 -0.00134
16.72101 -0.00143
16.79231 -0.00132
16.86362 -0.00138
16.93492 -0.00125
17.00623 -0.00137
17.07753 -0.00114
17.14884 -0.00127
17.22014 -0.00136
17.29145 -0.00128
17.36275 -0.00115
17.43406 -0.00125
17.50536 -0.00132
17.57667 -0.00126
17.64797 -0.00125
17.71928 -0.00138
17.79058 -0.00129
17.86189 -0.00135
17.93319 -0.00133
18.00450 -0.00129
18.07580 -0.00138
18.14711 -0.00131
18.21841 -0.00129
18.28972 -0.00136
18.36102 -0.00151
18.43233 -0.00132
18.50363 -0.00135
18.57494 -0.00132
18.64624 -0.00127
18.71755 -0.00141
18.78885 -0.00144
18.86016 -0.00140
18.93146 -0.00146
19.00277 -0.00142
19.07407 -0.00147
19.14538 -0.00139
19.21668 -0.00152
19.28799 -0.00121
19.35929 -0.00129
19.43060 -0.00120
19.50190 -0.00113
19.57321 -0.00126
19.64451 -0.00141
19.71582 -0.00127
19.78712 -0.00130
19.85843 -0.00109
19.92973 -0.00122
20.00104 -0.00127
20.07234 -0.00124
20.14365 -0.00112
20.21495 -0.00126
20.28626 -0.00131
20.35756 -0.00123
20.42887 -0.00121
20.50017 -0.00119
20.57148 -0.00131
20.64278 -0.00126
20.71409 -0.00125
20.78539 -0.00115
20.85670 -0.00112
20.92800 -0.00113
20.99931 -0.00116
21.07061 -0.00114
21.14192 -0.00120
21.21322 -0.00126
21.28453 -0.00122
21.35583 -0.00082
