multipole   411  413  412              -0.20120
                                        0.24374    0.00000   -0.02655
                                        0.63972
                                        0.00000   -0.17013
                                       -0.21517    0.00000   -0.46959
multipole   412  411  413              -0.18719
                                       -0.02633    0.00000    0.13188
                                       -0.23229
                                        0.00000   -0.27135
                                       -0.00156    0.00000    0.50364
multipole   413  411  412               1.54250
                                        0.02378    0.00000   -0.34611
                                        0.50732
                                        0.00000    0.28492
                                        0.08852    0.00000   -0.79224
multipole   414  413  411              -0.81240
                                       -0.04214    0.00000   -0.05692
                                       -0.25493
                                        0.00000   -0.29512
                                       -0.02282    0.00000    0.55005
multipole   415  411  415               0.06563
                                       -0.02042    0.00000   -0.03864
                                        0.01995
                                        0.00000    0.03226
                                       -0.00107    0.00000   -0.05221
multipole   416  412  411               0.05061
                                        0.03371    0.00000   -0.05696
                                        0.03300
                                        0.00000    0.00386
                                       -0.01306    0.00000   -0.03686
