Adding dependency `anaconda/2020.11:python3` to your environment
Adding package `my_py_env/20221129` to your environment
  0.0254   0.0000
  0.1292   0.0004
  0.2971   0.0280
  0.5000   0.1844
  0.7029   1.0567
  0.8708   2.3547
  0.9746   3.1915
  1.0254   4.3005
  1.1292   5.9038
  1.2971  11.5308
  1.5000  18.0418
  1.7029  27.4934
  1.8708  40.8122
  1.9746  46.5756
  2.0254  54.1035
  2.1292  52.4639
  2.2971  53.7963
  2.5000  63.9423
  2.7029  74.9835
  2.8708  71.4310
  2.9746  77.5644
  3.0254  82.5648
  3.1292  83.6992
  3.2971  91.0331
  3.5000  94.1331
  3.7029  97.3240
  3.8708  94.5542
  3.9746 100.9312
  4.0254  99.4798
  4.1292 123.3732
  4.2971 113.8210
  4.5000 110.7556
  4.7029 126.0456
  4.8708 131.1095
  4.9746 131.8461
