[30] 1.91238575 2.8951592975 2.8517975523136556 3.207885150000001 
[60] 0.5530099800000001 9.425004337499999 9.730329265788896 10.94337108 
[90] 2.8249999999951925e-05 13.9719878975 13.711004495984525 16.51600083 
[120] 0.55299907 9.425024197499999 9.730216897951323 10.944543030000002 
[150] 1.91238868 2.8951554975 2.8480827071034582 3.20844869 
[180] 2.80560756 0.26152457749999997 0.007685706674237736 0.0 
[210] 1.91233711 2.8951568974999993 2.8482037783251144 3.20793325 
[240] 0.55304843 9.4249961675 9.730252647830639 10.9438396 
[270] 0.0 13.971987327499999 13.711846835445613 16.516000650000002 
[300] 0.55301947 9.424999977499999 9.730323756608414 10.943785510000001 
[330] 1.9123381400000001 2.8951447274999995 2.8483761206880445 3.208154330000001 
[360] 2.8055451700000003 0.2615234374999998 0.0 4.1000000017277216e-07 
