           1           2   1.2989494519479745     
           2           3   1.3356799064652247     
           3           4  0.92488608888297241     
           3           5  0.92524807895119909     
           2           6   1.3363827479386277     
           3           6  0.11165256752049554     
           1           7  0.92383621186719456     
           1           8  0.92454671323981474     
           6           9  0.92494181808575093     
           6          10  0.92517717016918388     
