Adding dependency `anaconda/2020.11:python3` to your environment
Adding package `my_py_env/20221129` to your environment
  0.0254   0.0000
  0.1292   0.0008
  0.2971   0.0152
  0.5000   0.1541
  0.7029   0.7175
  0.8708   1.6790
  0.9746   3.9193
  1.0254   3.7607
  1.1292   6.6106
  1.2971   9.8848
  1.5000  15.3064
  1.7029  20.9387
  1.8708  27.5836
  1.9746  32.4334
  2.0254  30.7065
  2.1292  36.7466
  2.2971  37.8750
  2.5000  42.4328
  2.7029  51.1919
  2.8708  61.4584
  2.9746  51.4283
  3.0254  56.3722
  3.1292  54.9044
  3.2971  71.3511
  3.5000  77.6784
  3.7029  89.5246
  3.8708  88.2902
  3.9746  91.7427
  4.0254  87.1300
  4.1292  92.0677
  4.2971  97.7921
  4.5000 111.2651
  4.7029 104.2835
  4.8708 123.1855
  4.9746 113.2215
