multipole   401  402                   -0.28351
                                        0.00000    0.00000   -0.20300
                                        0.11395
                                        0.00000    0.11395
                                        0.00000    0.00000   -0.22790
# [402] = [[2]]
multipole   402 -403 -403               1.00127
                                        0.00000    0.00000    0.23317
                                        0.35382
                                        0.00000   -0.49913
                                        0.00000    0.00000    0.14531
# [403] = [[3, 4]]
multipole   403  402  403              -0.87775
                                        0.09905    0.00000   -0.07818
                                       -0.47298
                                        0.00000    0.17016
                                        0.11910    0.00000    0.30282
# [404] = [[5, 6, 7]]
multipole   404  401  402               0.01258
                                        0.03621    0.00000   -0.04180
                                        0.02051
                                        0.00000    0.00475
                                       -0.01725    0.00000   -0.02526
