0.000000000000000000e+00
3.673469387755102122e+00
7.346938775510204245e+00
1.102040816326530681e+01
1.469387755102040849e+01
1.836734693877551194e+01
2.204081632653061362e+01
2.571428571428571530e+01
2.938775510204081698e+01
3.306122448979591866e+01
3.673469387755102389e+01
4.040816326530612201e+01
4.408163265306122724e+01
4.775510204081632537e+01
5.142857142857143060e+01
5.510204081632652873e+01
5.877551020408163396e+01
6.244897959183673919e+01
6.612244897959183731e+01
6.979591836734694255e+01
7.346938775510204778e+01
7.714285714285713880e+01
8.081632653061224403e+01
8.448979591836734926e+01
8.816326530612245449e+01
9.183673469387755972e+01
9.551020408163265074e+01
9.918367346938775597e+01
1.028571428571428612e+02
1.065306122448979664e+02
1.102040816326530575e+02
1.138775510204081627e+02
1.175510204081632679e+02
1.212244897959183731e+02
1.248979591836734784e+02
1.285714285714285836e+02
1.322448979591836746e+02
1.359183673469387656e+02
1.395918367346938851e+02
1.432653061224489761e+02
1.469387755102040956e+02
1.506122448979591866e+02
1.542857142857142776e+02
1.579591836734693970e+02
1.616326530612244881e+02
1.653061224489796075e+02
1.689795918367346985e+02
1.726530612244897895e+02
1.763265306122449090e+02
1.800000000000000000e+02
