 0.03553  0.00000      nan
 0.10658  0.00000      nan
 0.17763  0.00000      nan
 0.24868  0.00000      nan
 0.31974  0.00000      nan
 0.39079  0.00000      nan
 0.46184  0.00000      nan
 0.53290  0.00000      nan
 0.60395  0.00000      nan
 0.67500  0.00000      nan
 0.74605  0.00000      nan
 0.81711  0.00000      nan
 0.88816  0.00000      nan
 0.95921  0.00000      nan
 1.03026  0.00000      nan
 1.10132  0.00000      nan
 1.17237  0.00000      nan
 1.24342  0.00000      nan
 1.31447  0.00000      nan
 1.38553  0.00000      nan
 1.45658  0.00000      nan
 1.52763  0.00000      nan
 1.59869  0.00000      nan
 1.66974  0.00000      nan
 1.74079  0.00000      nan
 1.81184  0.00000      nan
 1.88290  0.00000      nan
 1.95395  0.00000      nan
 2.02500  0.00000      nan
 2.09605  0.00000      nan
 2.16711  0.00000      nan
 2.23816  0.00000      nan
 2.30921  0.00000      nan
 2.38027  0.00025  0.00024
 2.45132  0.01301  0.00169
 2.52237  0.24556  0.00891
 2.59342  1.83691  0.03291
 2.66448  6.31382  0.08243
 2.73553 11.19080  0.12844
 2.80658 12.53258  0.14243
 2.87763 10.65934  0.12429
 2.94869  8.26391  0.10146
 3.01974  6.35645  0.08386
 3.09079  5.07548  0.06554
 3.16184  4.27120  0.05890
 3.23290  3.67287  0.04942
 3.30395  3.24979  0.04460
 3.37500  2.90995  0.03948
 3.44606  2.63012  0.03735
 3.51711  2.42786  0.03535
 3.58816  2.30305  0.03475
 3.65921  2.22429  0.03339
 3.73027  2.17357  0.03264
 3.80132  2.17289  0.03160
 3.87237  2.17229  0.03153
 3.94342  2.20722  0.03024
 4.01448  2.23634  0.03044
 4.08553  2.32544  0.03010
 4.15658  2.33124  0.02940
 4.22763  2.36532  0.02920
 4.29869  2.40505  0.02959
 4.36974  2.42626  0.02856
 4.44079  2.42429  0.02823
 4.51185  2.41432  0.02890
 4.58290  2.36862  0.02807
 4.65395  2.28673  0.02739
 4.72500  2.19158  0.02647
 4.79606  2.07347  0.02498
 4.86711  1.94730  0.02386
 4.93816  1.81002  0.02325
 5.00921  1.70678  0.02217
 5.08027  1.60863  0.02150
 5.15132  1.51789  0.02072
 5.22237  1.43970  0.01967
 5.29343  1.33150  0.01883
 5.36448  1.27046  0.01831
 5.43553  1.20868  0.01772
 5.50658  1.14044  0.01662
 5.57764  1.09550  0.01612
 5.64869  1.06317  0.01548
 5.71974  1.05036  0.01561
 5.79079  1.03795  0.01515
 5.86185  1.03789  0.01497
 5.93290  1.03559  0.01474
 6.00395  1.05011  0.01507
 6.07500  1.05524  0.01475
 6.14606  1.06835  0.01483
 6.21711  1.08839  0.01522
 6.28816  1.09279  0.01502
 6.35922  1.11183  0.01469
 6.43027  1.13849  0.01512
 6.50132  1.14641  0.01480
 6.57237  1.15599  0.01513
 6.64343  1.15867  0.01505
 6.71448  1.16596  0.01477
 6.78553  1.16456  0.01466
 6.85658  1.17304  0.01447
 6.92764  1.16621  0.01422
 6.99869  1.14821  0.01375
 7.06974  1.14136  0.01346
 7.14080  1.12260  0.01336
 7.21185  1.12026  0.01325
 7.28290  1.10733  0.01302
 7.35395  1.08950  0.01277
 7.42501  1.07786  0.01244
 7.49606  1.06943  0.01189
 7.56711  1.06268  0.01214
 7.63816  1.04539  0.01142
 7.70922  1.04094  0.01168
 7.78027  1.02908  0.01156
 7.85132  1.02591  0.01108
 7.92237  1.01732  0.01080
 7.99343  1.01347  0.01087
 8.06448  1.01057  0.01073
 8.13553  1.01274  0.01057
 8.20659  1.00625  0.01028
 8.27764  1.00818  0.01037
 8.34869  1.01497  0.01017
 8.41974  1.00544  0.00996
 8.49080  1.02104  0.01001
 8.56185  1.01537  0.00979
 8.63290  1.02237  0.00991
 8.70395  1.03232  0.00983
 8.77501  1.02350  0.00974
 8.84606  1.02493  0.00948
 8.91711  1.02696  0.00964
 8.98817  1.03124  0.00958
 9.05922  1.02965  0.00930
 9.13027  1.03575  0.00958
 9.20132  1.02851  0.00915
 9.27238  1.03107  0.00928
 9.34343  1.03951  0.00914
 9.41448  1.03030  0.00910
 9.48553  1.02754  0.00894
 9.55659  1.03784  0.00906
 9.62764  1.03425  0.00879
 9.69869  1.02274  0.00866
 9.76974  1.01899  0.00832
 9.84080  1.02212  0.00837
 9.91185  1.01825  0.00855
 9.98290  1.00897  0.00838
10.05396  1.01400  0.00838
10.12501  1.01354  0.00821
10.19606  1.01327  0.00817
10.26711  1.01782  0.00815
10.33817  1.01364  0.00795
10.40922  1.01595  0.00810
10.48027  1.01267  0.00780
10.55132  1.01215  0.00789
10.62238  1.01821  0.00776
10.69343  1.01455  0.00759
10.76448  1.00659  0.00757
10.83554  1.00994  0.00748
10.90659  1.00347  0.00735
10.97764  1.00873  0.00748
11.04869  1.00110  0.00707
11.11975  1.00354  0.00723
11.19080  1.00299  0.00713
11.26185  0.99795  0.00693
11.33290  1.00100  0.00701
11.40396  1.00383  0.00686
11.47501  0.99435  0.00686
11.54606  1.00044  0.00674
11.61711  0.99942  0.00677
11.68817  0.99474  0.00690
11.75922  0.99087  0.00680
11.83027  0.98434  0.00663
11.90133  0.97971  0.00658
11.97238  0.98528  0.00662
12.04343  0.98149  0.00661
12.11448  0.97792  0.00644
12.18554  0.98517  0.00662
12.25659  0.97820  0.00674
12.32764  0.97695  0.00671
12.39869  0.97505  0.00663
12.46975  0.97276  0.00657
12.54080  0.97430  0.00656
12.61185  0.97426  0.00665
12.68290  0.97433  0.00660
12.75396  0.97682  0.00642
12.82501  0.97823  0.00632
12.89606  0.97100  0.00641
12.96712  0.97586  0.00649
13.03817  0.97297  0.00645
13.10922  0.97370  0.00624
13.18027  0.97300  0.00638
13.25133  0.97027  0.00629
13.32238  0.97452  0.00638
13.39343  0.97313  0.00631
13.46448  0.97281  0.00618
13.53554  0.96878  0.00624
13.60659  0.97595  0.00611
13.67764  0.97912  0.00596
13.74870  0.97846  0.00604
13.81975  0.97931  0.00597
13.89080  0.98450  0.00600
13.96185  0.98370  0.00587
14.03291  0.98079  0.00589
14.10396  0.98226  0.00593
14.17501  0.99549  0.00600
14.24606  0.98967  0.00574
14.31712  0.98284  0.00576
14.38817  0.98688  0.00583
14.45922  0.98614  0.00568
14.53027  0.99515  0.00571
14.60133  1.00084  0.00571
14.67238  1.00010  0.00573
14.74343  0.99615  0.00569
14.81449  1.00176  0.00569
14.88554  1.00358  0.00565
14.95659  1.00046  0.00565
15.02764  1.00564  0.00570
15.09870  1.00534  0.00568
15.16975  1.00389  0.00554
15.24080  1.00831  0.00556
15.31185  1.00214  0.00561
15.38291  1.00479  0.00557
15.45396  1.00488  0.00558
15.52501  1.00396  0.00549
15.59607  1.00477  0.00551
15.66712  1.00329  0.00551
15.73817  1.00763  0.00538
15.80922  1.00120  0.00537
15.88028  1.00206  0.00514
15.95133  1.00602  0.00526
16.02238  1.00304  0.00516
16.09343  1.00552  0.00515
16.16449  1.00079  0.00507
16.23554  1.00568  0.00511
16.30659  1.00243  0.00504
16.37764  1.00199  0.00504
16.44870  1.00230  0.00489
16.51975  0.99969  0.00487
16.59080  1.00065  0.00475
16.66186  0.99632  0.00480
16.73291  1.00005  0.00477
16.80396  0.99663  0.00473
16.87501  0.99905  0.00465
16.94607  0.99217  0.00455
17.01712  0.99273  0.00450
17.08817  0.99548  0.00457
17.15922  0.99196  0.00445
17.23028  0.99564  0.00439
17.30133  0.99434  0.00444
17.37238  0.99527  0.00431
17.44344  0.99451  0.00440
17.51449  0.99817  0.00453
17.58554  0.99100  0.00444
17.65659  0.98766  0.00433
17.72765  0.99061  0.00443
17.79870  0.98847  0.00423
17.86975  0.98780  0.00432
17.94080  0.98679  0.00429
18.01186  0.99335  0.00436
18.08291  0.98846  0.00428
18.15396  0.98845  0.00419
18.22501  0.98826  0.00427
18.29607  0.98953  0.00416
18.36712  0.98974  0.00400
18.43817  0.99207  0.00410
18.50923  0.98264  0.00410
18.58028  0.98722  0.00405
18.65133  0.98700  0.00405
18.72238  0.98601  0.00399
18.79344  0.98629  0.00405
18.86449  0.98878  0.00397
18.93554  0.98296  0.00397
19.00659  0.98711  0.00401
19.07765  0.98728  0.00394
19.14870  0.98680  0.00416
19.21975  0.98436  0.00405
19.29081  0.98866  0.00407
19.36186  0.98890  0.00415
19.43291  0.98333  0.00406
19.50396  0.98860  0.00411
19.57502  0.98640  0.00404
19.64607  0.98436  0.00409
19.71712  0.98755  0.00404
19.78817  0.98717  0.00404
19.85923  0.98962  0.00412
19.93028  0.98447  0.00400
20.00133  0.98627  0.00400
20.07238  0.98511  0.00395
20.14344  0.98520  0.00392
20.21449  0.98469  0.00405
20.28554  0.98451  0.00399
20.35660  0.98313  0.00392
20.42765  0.98456  0.00395
20.49870  0.98099  0.00399
20.56975  0.98576  0.00406
20.64081  0.98016  0.00399
20.71186  0.98091  0.00403
20.78291  0.98227  0.00410
20.85396  0.98144  0.00401
20.92502  0.98244  0.00398
20.99607  0.97760  0.00407
21.06712  0.97609  0.00390
21.13817  0.98075  0.00395
21.20923  0.98168  0.00392
21.28028  0.97896  0.00391
