 0.03553  0.00000      nan
 0.10658  0.00000      nan
 0.17763  0.00000      nan
 0.24868  0.00000      nan
 0.31973  0.00000      nan
 0.39078  0.00000      nan
 0.46184  0.00000      nan
 0.53289  0.00000      nan
 0.60394  0.00000      nan
 0.67499  0.00000      nan
 0.74604  0.00000      nan
 0.81709  0.00000      nan
 0.88815  0.00000      nan
 0.95920  0.00000      nan
 1.03025  0.00000      nan
 1.10130  0.00000      nan
 1.17235  0.00000      nan
 1.24340  0.00000      nan
 1.31445  0.00000      nan
 1.38551  0.00000      nan
 1.45656  0.00000      nan
 1.52761  0.00000      nan
 1.59866  0.00000      nan
 1.66971  0.00000      nan
 1.74076  0.00000      nan
 1.81182  0.00000      nan
 1.88287  0.00000      nan
 1.95392  0.00000      nan
 2.02497  0.00000      nan
 2.09602  0.00000      nan
 2.16707  0.00000      nan
 2.23813  0.00000      nan
 2.30918  0.00000      nan
 2.38023  0.00000      nan
 2.45128  0.00000      nan
 2.52233  0.00000      nan
 2.59338  0.00000      nan
 2.66444  0.00000      nan
 2.73549  0.00000      nan
 2.80654  0.00000      nan
 2.87759  0.00000      nan
 2.94864  0.00041  0.00021
 3.01969  0.00440  0.00061
 3.09075  0.03964  0.00199
 3.16180  0.18199  0.00537
 3.23285  0.67964  0.01228
 3.30390  2.12974  0.02582
 3.37495  5.11456  0.04513
 3.44600  9.50972  0.06888
 3.51706 13.34460  0.08748
 3.58811 14.53467  0.09113
 3.65916 13.05042  0.08043
 3.73021 10.27275  0.06499
 3.80126  7.61694  0.05133
 3.87231  5.57222  0.04094
 3.94336  4.17483  0.03342
 4.01442  3.21651  0.02836
 4.08547  2.59239  0.02470
 4.15652  2.10923  0.02156
 4.22757  1.77739  0.01927
 4.29862  1.52127  0.01736
 4.36967  1.30650  0.01540
 4.44073  1.16578  0.01389
 4.51178  1.05784  0.01308
 4.58283  0.99951  0.01229
 4.65388  0.96101  0.01194
 4.72493  0.96664  0.01193
 4.79598  0.98647  0.01200
 4.86704  1.02663  0.01192
 4.93809  1.07041  0.01242
 5.00914  1.12335  0.01279
 5.08019  1.18056  0.01293
 5.15124  1.24792  0.01326
 5.22229  1.30520  0.01347
 5.29335  1.36689  0.01361
 5.36440  1.41692  0.01379
 5.43545  1.46637  0.01401
 5.50650  1.51569  0.01415
 5.57755  1.56773  0.01430
 5.64860  1.58664  0.01415
 5.71966  1.59867  0.01413
 5.79071  1.60952  0.01404
 5.86176  1.59257  0.01372
 5.93281  1.57398  0.01366
 6.00386  1.54535  0.01309
 6.07491  1.51129  0.01278
 6.14596  1.45140  0.01237
 6.21702  1.40040  0.01194
 6.28807  1.34954  0.01143
 6.35912  1.29293  0.01103
 6.43017  1.24877  0.01068
 6.50122  1.19996  0.01028
 6.57227  1.16540  0.00986
 6.64333  1.14254  0.00966
 6.71438  1.11208  0.00954
 6.78543  1.09313  0.00938
 6.85648  1.07706  0.00917
 6.92753  1.07298  0.00899
 6.99858  1.07161  0.00883
 7.06964  1.06810  0.00888
 7.14069  1.08621  0.00880
 7.21174  1.09820  0.00881
 7.28279  1.10654  0.00880
 7.35384  1.11851  0.00882
 7.42489  1.13813  0.00886
 7.49595  1.14117  0.00874
 7.56700  1.15576  0.00882
 7.63805  1.17060  0.00875
 7.70910  1.18508  0.00876
 7.78015  1.17980  0.00862
 7.85120  1.19744  0.00869
 7.92226  1.19981  0.00854
 7.99331  1.19890  0.00848
 8.06436  1.19553  0.00845
 8.13541  1.19509  0.00833
 8.20646  1.19056  0.00824
 8.27751  1.18283  0.00829
 8.34856  1.16900  0.00803
 8.41962  1.15572  0.00786
 8.49067  1.14789  0.00778
 8.56172  1.14145  0.00767
 8.63277  1.13214  0.00754
 8.70382  1.11847  0.00738
 8.77487  1.10930  0.00727
 8.84593  1.09644  0.00713
 8.91698  1.08436  0.00707
 8.98803  1.08418  0.00698
 9.05908  1.07832  0.00688
 9.13013  1.08070  0.00693
 9.20118  1.06860  0.00678
 9.27224  1.06636  0.00677
 9.34329  1.07306  0.00676
 9.41434  1.07130  0.00674
 9.48539  1.06793  0.00661
 9.55644  1.07460  0.00666
 9.62749  1.07256  0.00658
 9.69855  1.07614  0.00659
 9.76960  1.07817  0.00653
 9.84065  1.07678  0.00646
 9.91170  1.08401  0.00650
 9.98275  1.07592  0.00633
10.05380  1.07914  0.00640
10.12486  1.07728  0.00632
10.19591  1.07795  0.00622
10.26696  1.07641  0.00615
10.33801  1.07699  0.00617
10.40906  1.07296  0.00611
10.48011  1.06891  0.00609
10.55117  1.06437  0.00597
10.62222  1.06514  0.00591
10.69327  1.06166  0.00586
10.76432  1.05726  0.00580
10.83537  1.05271  0.00574
10.90642  1.05579  0.00571
10.97747  1.04625  0.00560
11.04853  1.05586  0.00560
11.11958  1.05227  0.00562
11.19063  1.05113  0.00557
11.26168  1.04660  0.00559
11.33273  1.04859  0.00553
11.40378  1.04777  0.00550
11.47484  1.04727  0.00542
11.54589  1.04554  0.00541
11.61694  1.04975  0.00538
11.68799  1.04473  0.00529
11.75904  1.04944  0.00532
11.83009  1.04899  0.00517
11.90115  1.04700  0.00519
11.97220  1.04494  0.00515
12.04325  1.03927  0.00510
12.11430  1.03821  0.00498
12.18535  1.03721  0.00498
12.25640  1.03559  0.00493
12.32746  1.03158  0.00492
12.39851  1.03702  0.00491
12.46956  1.03460  0.00487
12.54061  1.03526  0.00486
12.61166  1.03115  0.00478
12.68271  1.03442  0.00480
12.75377  1.03176  0.00475
12.82482  1.03044  0.00471
12.89587  1.02919  0.00475
12.96692  1.02965  0.00468
13.03797  1.02835  0.00457
13.10902  1.02687  0.00462
13.18007  1.02333  0.00454
13.25113  1.02570  0.00456
13.32218  1.02170  0.00455
13.39323  1.02075  0.00449
13.46428  1.02250  0.00451
13.53533  1.02004  0.00447
13.60638  1.02369  0.00441
13.67744  1.01934  0.00439
13.74849  1.01957  0.00436
13.81954  1.01735  0.00434
13.89059  1.01664  0.00432
13.96164  1.01807  0.00427
14.03269  1.01677  0.00424
14.10375  1.01523  0.00422
14.17480  1.01601  0.00422
14.24585  1.01637  0.00414
14.31690  1.01884  0.00418
14.38795  1.01725  0.00412
14.45900  1.01999  0.00411
14.53006  1.01667  0.00412
14.60111  1.01696  0.00407
14.67216  1.01221  0.00405
14.74321  1.01420  0.00396
14.81426  1.01610  0.00399
14.88531  1.01412  0.00395
14.95637  1.01583  0.00400
15.02742  1.01760  0.00393
15.09847  1.01731  0.00392
15.16952  1.01339  0.00389
15.24057  1.01443  0.00384
15.31162  1.01365  0.00381
15.38267  1.01701  0.00385
15.45373  1.01545  0.00382
15.52478  1.01805  0.00380
15.59583  1.01787  0.00379
15.66688  1.01775  0.00376
15.73793  1.01281  0.00373
15.80898  1.01452  0.00368
15.88004  1.01437  0.00371
15.95109  1.01363  0.00367
16.02214  1.01442  0.00364
16.09319  1.01446  0.00360
16.16424  1.01225  0.00358
16.23529  1.01125  0.00357
16.30635  1.01097  0.00355
16.37740  1.00869  0.00356
16.44845  1.00568  0.00352
16.51950  1.00548  0.00353
16.59055  1.00653  0.00349
16.66160  1.00443  0.00345
16.73266  1.00419  0.00344
16.80371  1.00212  0.00343
16.87476  1.00280  0.00342
16.94581  1.00248  0.00340
17.01686  0.99820  0.00341
17.08791  0.99964  0.00339
17.15897  0.99880  0.00338
17.23002  0.99700  0.00338
17.30107  0.99940  0.00336
17.37212  0.99616  0.00337
17.44317  0.99589  0.00336
17.51422  0.99527  0.00338
17.58528  0.99648  0.00331
17.65633  0.99082  0.00329
17.72738  0.99343  0.00326
17.79843  0.99207  0.00322
17.86948  0.99294  0.00322
17.94053  0.99142  0.00321
18.01158  0.98664  0.00314
18.08264  0.99166  0.00313
18.15369  0.99029  0.00309
18.22474  0.98668  0.00306
18.29579  0.98487  0.00308
18.36684  0.98423  0.00304
18.43789  0.98169  0.00302
18.50895  0.98314  0.00302
18.58000  0.97949  0.00301
18.65105  0.98228  0.00300
18.72210  0.98045  0.00297
18.79315  0.98121  0.00293
18.86420  0.98171  0.00296
18.93526  0.98337  0.00289
19.00631  0.98337  0.00293
19.07736  0.98258  0.00290
19.14841  0.98233  0.00291
19.21946  0.97926  0.00287
19.29051  0.98292  0.00285
19.36157  0.98210  0.00289
19.43262  0.98092  0.00283
19.50367  0.98131  0.00286
19.57472  0.98266  0.00286
19.64577  0.98168  0.00282
19.71682  0.97871  0.00279
19.78788  0.97945  0.00281
19.85893  0.97740  0.00282
19.92998  0.97776  0.00277
20.00103  0.97761  0.00279
20.07208  0.97795  0.00275
20.14313  0.97664  0.00279
20.21418  0.97380  0.00276
20.28524  0.97547  0.00280
20.35629  0.97770  0.00275
20.42734  0.97529  0.00279
20.49839  0.97466  0.00276
20.56944  0.97252  0.00279
20.64049  0.97191  0.00276
20.71155  0.97231  0.00277
20.78260  0.97212  0.00275
20.85365  0.97203  0.00275
20.92470  0.97249  0.00275
20.99575  0.97275  0.00275
21.06680  0.97337  0.00274
21.13786  0.97310  0.00274
21.20891  0.97215  0.00275
21.27996  0.97099  0.00273
