 0.03553  0.00000
 0.10658  0.00000
 0.17763  0.00000
 0.24868  0.00000
 0.31973  0.00000
 0.39078  0.00000
 0.46184  0.00000
 0.53289  0.00000
 0.60394  0.00000
 0.67499  0.00000
 0.74604  0.00000
 0.81709  0.00000
 0.88815  0.00000
 0.95920  0.00000
 1.03025  0.00000
 1.10130  0.00000
 1.17235  0.00000
 1.24340  0.00000
 1.31445  0.00000
 1.38551  0.00000
 1.45656  0.00000
 1.52761  0.00000
 1.59866  0.00000
 1.66971  0.00000
 1.74076  0.00000
 1.81182  0.00000
 1.88287  0.00000
 1.95392  0.00000
 2.02497  0.00000
 2.09602  0.00000
 2.16707  0.00000
 2.23813  0.00000
 2.30918  0.00000
 2.38023  0.00000
 2.45128  0.00000
 2.52233  0.00000
 2.59338  0.00000
 2.66444  0.00000
 2.73549  0.00001
 2.80654  0.00002
 2.87759  0.00015
 2.94864  0.00060
 3.01969  0.00195
 3.09075  0.00547
 3.16180  0.01464
 3.23285  0.03810
 3.30390  0.09457
 3.37495  0.21629
 3.44600  0.43677
 3.51706  0.76217
 3.58811  1.13352
 3.65916  1.44996
 3.73021  1.63283
 3.80126  1.68403
 3.87231  1.63516
 3.94336  1.53014
 4.01442  1.40259
 4.08547  1.27654
 4.15652  1.16506
 4.22757  1.07015
 4.29862  0.99255
 4.36967  0.93253
 4.44073  0.88820
 4.51178  0.86319
 4.58283  0.85261
 4.65388  0.85541
 4.72493  0.86745
 4.79598  0.88754
 4.86704  0.91043
 4.93809  0.93495
 5.00914  0.95841
 5.08019  0.98036
 5.15124  0.99832
 5.22229  1.01491
 5.29335  1.02842
 5.36440  1.03997
 5.43545  1.04936
 5.50650  1.05855
 5.57755  1.06610
 5.64860  1.07314
 5.71966  1.07981
 5.79071  1.08355
 5.86176  1.08606
 5.93281  1.08556
 6.00386  1.08014
 6.07491  1.06968
 6.14596  1.05564
 6.21702  1.03552
 6.28807  1.01268
 6.35912  0.98898
 6.43017  0.96581
 6.50122  0.94557
 6.57227  0.92910
 6.64333  0.91792
 6.71438  0.91039
 6.78543  0.90904
 6.85648  0.90992
 6.92753  0.91591
 6.99858  0.92461
 7.06964  0.93436
 7.14069  0.94590
 7.21174  0.95948
 7.28279  0.97244
 7.35384  0.98585
 7.42489  0.99905
 7.49595  1.01027
 7.56700  1.02119
 7.63805  1.03002
 7.70910  1.03811
 7.78015  1.04335
 7.85120  1.04710
 7.92226  1.04956
 7.99331  1.04871
 8.06436  1.04783
 8.13541  1.04482
 8.20646  1.03993
 8.27751  1.03502
 8.34856  1.02899
 8.41962  1.02314
 8.49067  1.01687
 8.56172  1.01079
 8.63277  1.00473
 8.70382  0.99910
 8.77487  0.99478
 8.84593  0.99067
 8.91698  0.98669
 8.98803  0.98555
 9.05908  0.98381
 9.13013  0.98326
 9.20118  0.98385
 9.27224  0.98484
 9.34329  0.98645
 9.41434  0.98849
 9.48539  0.99086
 9.55644  0.99342
 9.62749  0.99585
 9.69855  0.99876
 9.76960  1.00098
 9.84065  1.00316
 9.91170  1.00461
 9.98275  1.00622
10.05380  1.00659
10.12486  1.00799
10.19591  1.00783
10.26696  1.00776
10.33801  1.00711
10.40906  1.00698
10.48011  1.00574
10.55117  1.00483
10.62222  1.00380
10.69327  1.00239
10.76432  1.00135
10.83537  1.00034
10.90642  0.99972
10.97747  0.99872
11.04853  0.99883
11.11958  0.99827
11.19063  0.99880
11.26168  0.99888
11.33273  0.99925
11.40378  0.99976
11.47484  1.00016
11.54589  1.00074
11.61694  1.00132
11.68799  1.00228
11.75904  1.00252
11.83009  1.00317
11.90115  1.00344
11.97220  1.00406
12.04325  1.00371
12.11430  1.00357
12.18535  1.00403
12.25640  1.00372
12.32746  1.00359
12.39851  1.00312
12.46956  1.00260
12.54061  1.00237
12.61166  1.00183
12.68271  1.00133
12.75377  1.00072
12.82482  1.00021
12.89587  0.99992
12.96692  0.99973
13.03797  0.99993
13.10902  0.99945
13.18007  1.00009
13.25113  0.99924
13.32218  0.99953
13.39323  0.99981
13.46428  1.00006
13.53533  0.99971
13.60638  1.00077
13.67744  1.00063
13.74849  1.00107
13.81954  1.00164
13.89059  1.00176
13.96164  1.00180
14.03269  1.00236
14.10375  1.00296
14.17480  1.00277
14.24585  1.00284
14.31690  1.00303
14.38795  1.00289
14.45900  1.00286
14.53006  1.00257
14.60111  1.00278
14.67216  1.00246
14.74321  1.00216
14.81426  1.00201
14.88531  1.00168
14.95637  1.00135
15.02742  1.00136
15.09847  1.00129
15.16952  1.00128
15.24057  1.00111
15.31162  1.00098
15.38267  1.00096
15.45373  1.00110
15.52478  1.00102
15.59583  1.00092
15.66688  1.00107
15.73793  1.00142
15.80898  1.00115
15.88004  1.00135
15.95109  1.00149
16.02214  1.00161
16.09319  1.00175
16.16424  1.00146
16.23529  1.00179
16.30635  1.00173
16.37740  1.00167
16.44845  1.00151
16.51950  1.00167
16.59055  1.00183
16.66160  1.00177
16.73266  1.00166
16.80371  1.00129
16.87476  1.00168
16.94581  1.00192
17.01686  1.00149
17.08791  1.00194
17.15897  1.00189
17.23002  1.00165
17.30107  1.00164
17.37212  1.00189
17.44317  1.00155
17.51422  1.00159
17.58528  1.00178
17.65633  1.00171
17.72738  1.00155
17.79843  1.00156
17.86948  1.00150
17.94053  1.00151
18.01158  1.00172
18.08264  1.00153
18.15369  1.00138
18.22474  1.00152
18.29579  1.00175
18.36684  1.00145
18.43789  1.00178
18.50895  1.00167
18.58000  1.00196
18.65105  1.00184
18.72210  1.00171
18.79315  1.00209
18.86420  1.00191
18.93526  1.00193
19.00631  1.00201
19.07736  1.00170
19.14841  1.00187
19.21946  1.00171
19.29051  1.00184
19.36157  1.00204
19.43262  1.00166
19.50367  1.00155
19.57472  1.00155
19.64577  1.00159
19.71682  1.00171
19.78788  1.00143
19.85893  1.00152
19.92998  1.00156
20.00103  1.00144
20.07208  1.00137
20.14313  1.00126
20.21418  1.00115
20.28524  1.00136
20.35629  1.00097
20.42734  1.00136
20.49839  1.00143
20.56944  1.00147
20.64049  1.00116
20.71155  1.00150
20.78260  1.00140
20.85365  1.00142
20.92470  1.00158
20.99575  1.00169
21.06680  1.00136
21.13786  1.00171
21.20891  1.00151
21.27996  1.00085
