 0.03553  0.00000
 0.10658  0.00000
 0.17763  0.00000
 0.24868  0.00000
 0.31973  0.00000
 0.39078  0.00000
 0.46184  0.00000
 0.53289  0.00000
 0.60394  0.00000
 0.67499  0.00000
 0.74604  0.00000
 0.81709  0.00000
 0.88815  0.00000
 0.95920  0.00000
 1.03025  0.00000
 1.10130  0.00000
 1.17235  0.00000
 1.24340  0.00000
 1.31445  0.00000
 1.38551  0.00000
 1.45656  0.00000
 1.52761  0.00000
 1.59866  0.00000
 1.66971  0.00000
 1.74076  0.00000
 1.81182  0.00000
 1.88287  0.00000
 1.95392  0.00000
 2.02497  0.00000
 2.09602  0.00000
 2.16707  0.00000
 2.23813  0.00000
 2.30918  0.00001
 2.38023  0.00074
 2.45128  0.01995
 2.52233  0.22318
 2.59338  1.03367
 2.66444  2.27233
 2.73549  2.93043
 2.80654  2.71002
 2.87759  2.10052
 2.94864  1.53002
 3.01969  1.12218
 3.09075  0.86093
 3.16180  0.70278
 3.23285  0.60921
 3.30390  0.55879
 3.37495  0.53578
 3.44600  0.53379
 3.51706  0.54526
 3.58811  0.56942
 3.65916  0.60358
 3.73021  0.64522
 3.80126  0.69342
 3.87231  0.74658
 3.94336  0.80323
 4.01442  0.86218
 4.08547  0.92193
 4.15652  0.98084
 4.22757  1.04000
 4.29862  1.09647
 4.36967  1.15075
 4.44073  1.19864
 4.51178  1.23607
 4.58283  1.26223
 4.65388  1.27328
 4.72493  1.27245
 4.79598  1.25668
 4.86704  1.23265
 4.93809  1.19897
 5.00914  1.16084
 5.08019  1.11591
 5.15124  1.07158
 5.22229  1.02621
 5.29335  0.98416
 5.36440  0.94578
 5.43545  0.91316
 5.50650  0.88850
 5.57755  0.86941
 5.64860  0.85649
 5.71966  0.85094
 5.79071  0.85011
 5.86176  0.85399
 5.93281  0.86116
 6.00386  0.87096
 6.07491  0.88242
 6.14596  0.89481
 6.21702  0.90846
 6.28807  0.92226
 6.35912  0.93731
 6.43017  0.95165
 6.50122  0.96441
 6.57227  0.97661
 6.64333  0.98769
 6.71438  0.99719
 6.78543  1.00592
 6.85648  1.01239
 6.92753  1.01875
 6.99858  1.02168
 7.06964  1.02362
 7.14069  1.02429
 7.21174  1.02316
 7.28279  1.02114
 7.35384  1.01696
 7.42489  1.01279
 7.49595  1.00811
 7.56700  1.00284
 7.63805  0.99738
 7.70910  0.99297
 7.78015  0.98891
 7.85120  0.98592
 7.92226  0.98440
 7.99331  0.98372
 8.06436  0.98400
 8.13541  0.98573
 8.20646  0.98788
 8.27751  0.98994
 8.34856  0.99395
 8.41962  0.99702
 8.49067  0.99947
 8.56172  1.00235
 8.63277  1.00445
 8.70382  1.00573
 8.77487  1.00666
 8.84593  1.00724
 8.91698  1.00641
 8.98803  1.00590
 9.05908  1.00471
 9.13013  1.00337
 9.20118  1.00152
 9.27224  0.99985
 9.34329  0.99686
 9.41434  0.99468
 9.48539  0.99321
 9.55644  0.99091
 9.62749  0.99000
 9.69855  0.98838
 9.76960  0.98733
 9.84065  0.98738
 9.91170  0.98711
 9.98275  0.98719
10.05380  0.98814
10.12486  0.98892
10.19591  0.98987
10.26696  0.99116
10.33801  0.99331
10.40906  0.99490
10.48011  0.99668
10.55117  0.99803
10.62222  0.99986
10.69327  1.00081
10.76432  1.00194
10.83537  1.00318
10.90642  1.00358
10.97747  1.00398
11.04853  1.00433
11.11958  1.00431
11.19063  1.00407
11.26168  1.00383
11.33273  1.00279
11.40378  1.00188
11.47484  1.00140
11.54589  1.00094
11.61694  0.99962
11.68799  0.99856
11.75904  0.99819
11.83009  0.99773
11.90115  0.99693
11.97220  0.99682
12.04325  0.99610
12.11430  0.99616
12.18535  0.99658
12.25640  0.99641
12.32746  0.99664
12.39851  0.99706
12.46956  0.99701
12.54061  0.99750
12.61166  0.99816
12.68271  0.99809
12.75377  0.99888
12.82482  0.99898
12.89587  0.99943
12.96692  0.99951
13.03797  1.00020
13.10902  1.00030
13.18007  1.00028
13.25113  1.00008
13.32218  1.00032
13.39323  0.99997
13.46428  1.00034
13.53533  0.99968
13.60638  0.99973
13.67744  0.99927
13.74849  0.99927
13.81954  0.99888
13.89059  0.99895
13.96164  0.99900
14.03269  0.99879
14.10375  0.99874
14.17480  0.99894
14.24585  0.99899
14.31690  0.99867
14.38795  0.99918
14.45900  0.99925
14.53006  0.99954
14.60111  0.99932
14.67216  0.99955
14.74321  0.99954
14.81426  0.99983
14.88531  1.00011
14.95637  0.99990
15.02742  1.00050
15.09847  1.00013
15.16952  1.00019
15.24057  1.00008
15.31162  1.00022
15.38267  1.00021
15.45373  1.00001
15.52478  0.99978
15.59583  1.00001
15.66688  1.00024
15.73793  0.99949
15.80898  0.99979
15.88004  0.99988
15.95109  1.00001
16.02214  0.99965
16.09319  0.99973
16.16424  0.99974
16.23529  0.99980
16.30635  0.99962
16.37740  0.99974
16.44845  0.99988
16.51950  1.00002
16.59055  1.00019
16.66160  0.99998
16.73266  1.00017
16.80371  1.00030
16.87476  1.00033
16.94581  1.00034
17.01686  1.00053
17.08791  1.00046
17.15897  1.00038
17.23002  1.00055
17.30107  1.00067
17.37212  1.00062
17.44317  1.00063
17.51422  1.00045
17.58528  1.00056
17.65633  1.00071
17.72738  1.00110
17.79843  1.00072
17.86948  1.00053
17.94053  1.00079
18.01158  1.00090
18.08264  1.00106
18.15369  1.00081
18.22474  1.00062
18.29579  1.00060
18.36684  1.00067
18.43789  1.00075
18.50895  1.00105
18.58000  1.00090
18.65105  1.00111
18.72210  1.00092
18.79315  1.00093
18.86420  1.00096
18.93526  1.00112
19.00631  1.00113
19.07736  1.00098
19.14841  1.00109
19.21946  1.00106
19.29051  1.00108
19.36157  1.00101
19.43262  1.00116
19.50367  1.00106
19.57472  1.00110
19.64577  1.00111
19.71682  1.00098
19.78788  1.00115
19.85893  1.00111
19.92998  1.00101
20.00103  1.00127
20.07208  1.00128
20.14313  1.00109
20.21418  1.00113
20.28524  1.00103
20.35629  1.00122
20.42734  1.00108
20.49839  1.00111
20.56944  1.00111
20.64049  1.00102
20.71155  1.00138
20.78260  1.00125
20.85365  1.00119
20.92470  1.00118
20.99575  1.00115
21.06680  1.00113
21.13786  1.00128
21.20891  1.00122
21.27996  1.00055
