 0.03553      inf
 0.10658      inf
 0.17763      inf
 0.24868      inf
 0.31973      inf
 0.39078      inf
 0.46184      inf
 0.53289      inf
 0.60394      inf
 0.67499      inf
 0.74604      inf
 0.81709      inf
 0.88815      inf
 0.95920      inf
 1.03025      inf
 1.10130      inf
 1.17235      inf
 1.24340      inf
 1.31445      inf
 1.38551      inf
 1.45656      inf
 1.52761      inf
 1.59866      inf
 1.66971      inf
 1.74076      inf
 1.81182      inf
 1.88287      inf
 1.95392      inf
 2.02497      inf
 2.09602      inf
 2.16707      inf
 2.23813      inf
 2.30918      inf
 2.38023      inf
 2.45128      inf
 2.52233      inf
 2.59338      inf
 2.66444  8.24135
 2.73549  7.04148
 2.80654  6.35173
 2.87759  5.21085
 2.94864  4.38944
 3.01969  3.69549
 3.09075  3.08355
 3.16180  2.50062
 3.23285  1.93442
 3.30390  1.39619
 3.37495  0.90643
 3.44600  0.49039
 3.51706  0.16078
 3.58811 -0.07419
 3.65916 -0.21995
 3.73021 -0.29027
 3.80126 -0.30854
 3.87231 -0.29111
 3.94336 -0.25181
 4.01442 -0.20029
 4.08547 -0.14454
 4.15652 -0.09044
 4.22757 -0.04014
 4.29862  0.00443
 4.36967  0.04135
 4.44073  0.07019
 4.51178  0.08709
 4.58283  0.09440
 4.65388  0.09245
 4.72493  0.08418
 4.79598  0.07063
 4.86704  0.05555
 4.93809  0.03982
 5.00914  0.02515
 5.08019  0.01174
 5.15124  0.00099
 5.22229 -0.00876
 5.29335 -0.01659
 5.36440 -0.02320
 5.43545 -0.02852
 5.50650 -0.03369
 5.57755 -0.03789
 5.64860 -0.04179
 5.71966 -0.04546
 5.79071 -0.04750
 5.86176 -0.04887
 5.93281 -0.04860
 6.00386 -0.04564
 6.07491 -0.03988
 6.14596 -0.03205
 6.21702 -0.02066
 6.28807 -0.00746
 6.35912  0.00656
 6.43017  0.02059
 6.50122  0.03313
 6.57227  0.04353
 6.64333  0.05070
 6.71438  0.05558
 6.78543  0.05646
 6.85648  0.05588
 6.92753  0.05200
 6.99858  0.04640
 7.06964  0.04019
 7.14069  0.03292
 7.21174  0.02449
 7.28279  0.01655
 7.35384  0.00844
 7.42489  0.00056
 7.49595 -0.00605
 7.56700 -0.01242
 7.63805 -0.01751
 7.70910 -0.02214
 7.78015 -0.02512
 7.85120 -0.02724
 7.92226 -0.02864
 7.99331 -0.02815
 8.06436 -0.02766
 8.13541 -0.02596
 8.20646 -0.02318
 8.27751 -0.02038
 8.34856 -0.01692
 8.41962 -0.01354
 8.49067 -0.00991
 8.56172 -0.00635
 8.63277 -0.00279
 8.70382  0.00053
 8.77487  0.00310
 8.84593  0.00555
 8.91698  0.00793
 8.98803  0.00862
 9.05908  0.00966
 9.13013  0.00999
 9.20118  0.00964
 9.27224  0.00904
 9.34329  0.00808
 9.41434  0.00685
 9.48539  0.00544
 9.55644  0.00391
 9.62749  0.00246
 9.69855  0.00074
 9.76960 -0.00058
 9.84065 -0.00187
 9.91170 -0.00272
 9.98275 -0.00367
10.05380 -0.00389
10.12486 -0.00471
10.19591 -0.00462
10.26696 -0.00458
10.33801 -0.00419
10.40906 -0.00412
10.48011 -0.00339
10.55117 -0.00285
10.62222 -0.00225
10.69327 -0.00141
10.76432 -0.00080
10.83537 -0.00020
10.90642  0.00017
10.97747  0.00076
11.04853  0.00069
11.11958  0.00103
11.19063  0.00071
11.26168  0.00066
11.33273  0.00045
11.40378  0.00014
11.47484 -0.00009
11.54589 -0.00044
11.61694 -0.00078
11.68799 -0.00135
11.75904 -0.00149
11.83009 -0.00187
11.90115 -0.00203
11.97220 -0.00240
12.04325 -0.00219
12.11430 -0.00211
12.18535 -0.00238
12.25640 -0.00220
12.32746 -0.00212
12.39851 -0.00185
12.46956 -0.00154
12.54061 -0.00140
12.61166 -0.00109
12.68271 -0.00079
12.75377 -0.00043
12.82482 -0.00012
12.89587  0.00005
12.96692  0.00016
13.03797  0.00004
13.10902  0.00033
13.18007 -0.00005
13.25113  0.00045
13.32218  0.00028
13.39323  0.00011
13.46428 -0.00004
13.53533  0.00017
13.60638 -0.00046
13.67744 -0.00037
13.74849 -0.00063
13.81954 -0.00097
13.89059 -0.00104
13.96164 -0.00106
14.03269 -0.00139
14.10375 -0.00175
14.17480 -0.00163
14.24585 -0.00168
14.31690 -0.00179
14.38795 -0.00171
14.45900 -0.00169
14.53006 -0.00152
14.60111 -0.00165
14.67216 -0.00145
14.74321 -0.00128
14.81426 -0.00119
14.88531 -0.00100
14.95637 -0.00080
15.02742 -0.00081
15.09847 -0.00076
15.16952 -0.00076
15.24057 -0.00066
15.31162 -0.00058
15.38267 -0.00057
15.45373 -0.00065
15.52478 -0.00060
15.59583 -0.00055
15.66688 -0.00063
15.73793 -0.00084
15.80898 -0.00068
15.88004 -0.00080
15.95109 -0.00088
16.02214 -0.00095
16.09319 -0.00103
16.16424 -0.00086
16.23529 -0.00106
16.30635 -0.00103
16.37740 -0.00098
16.44845 -0.00089
16.51950 -0.00099
16.59055 -0.00108
16.66160 -0.00105
16.73266 -0.00098
16.80371 -0.00077
16.87476 -0.00099
16.94581 -0.00113
17.01686 -0.00088
17.08791 -0.00115
17.15897 -0.00112
17.23002 -0.00098
17.30107 -0.00097
17.37212 -0.00112
17.44317 -0.00092
17.51422 -0.00094
17.58528 -0.00105
17.65633 -0.00101
17.72738 -0.00092
17.79843 -0.00092
17.86948 -0.00089
17.94053 -0.00090
18.01158 -0.00102
18.08264 -0.00091
18.15369 -0.00082
18.22474 -0.00090
18.29579 -0.00103
18.36684 -0.00086
18.43789 -0.00105
18.50895 -0.00099
18.58000 -0.00116
18.65105 -0.00109
18.72210 -0.00101
18.79315 -0.00124
18.86420 -0.00113
18.93526 -0.00114
19.00631 -0.00119
19.07736 -0.00101
19.14841 -0.00111
19.21946 -0.00101
19.29051 -0.00109
19.36157 -0.00121
19.43262 -0.00098
19.50367 -0.00092
19.57472 -0.00092
19.64577 -0.00094
19.71682 -0.00101
19.78788 -0.00084
19.85893 -0.00090
19.92998 -0.00092
20.00103 -0.00085
20.07208 -0.00081
20.14313 -0.00074
20.21418 -0.00068
20.28524 -0.00080
20.35629 -0.00057
20.42734 -0.00080
20.49839 -0.00085
20.56944 -0.00087
20.64049 -0.00069
20.71155 -0.00089
20.78260 -0.00083
20.85365 -0.00084
20.92470 -0.00094
20.99575 -0.00100
21.06680 -0.00080
21.13786 -0.00101
21.20891 -0.00090
21.27996 -0.00050
