 0.03553      inf      nan
 0.10658      inf      nan
 0.17763      inf      nan
 0.24868      inf      nan
 0.31974      inf      nan
 0.39079      inf      nan
 0.46184      inf      nan
 0.53290      inf      nan
 0.60395      inf      nan
 0.67500      inf      nan
 0.74605      inf      nan
 0.81711      inf      nan
 0.88816      inf      nan
 0.95921      inf      nan
 1.03026      inf      nan
 1.10132      inf      nan
 1.17237      inf      nan
 1.24342      inf      nan
 1.31447      inf      nan
 1.38553      inf      nan
 1.45658      inf      nan
 1.52763      inf      nan
 1.59869      inf      nan
 1.66974      inf      nan
 1.74079      inf      nan
 1.81184      inf      nan
 1.88290      inf      nan
 1.95395      inf      nan
 2.02500      inf      nan
 2.09605      inf      nan
 2.16711      inf      nan
 2.23816      inf      nan
 2.30921      inf      nan
 2.38027  4.91860  0.58600
 2.45132  2.57042  0.07686
 2.52237  0.83130  0.02149
 2.59342 -0.35999  0.01061
 2.66448 -1.09090  0.00773
 2.73553 -1.42973  0.00679
 2.80658 -1.49677  0.00673
 2.87763 -1.40093  0.00690
 2.94869 -1.25024  0.00727
 3.01974 -1.09489  0.00781
 3.09079 -0.96166  0.00764
 3.16184 -0.85952  0.00816
 3.23290 -0.77018  0.00797
 3.30395 -0.69773  0.00812
 3.37500 -0.63234  0.00803
 3.44606 -0.57248  0.00841
 3.51711 -0.52511  0.00862
 3.58816 -0.49387  0.00893
 3.65921 -0.47327  0.00889
 3.73027 -0.45961  0.00889
 3.80132 -0.45943  0.00861
 3.87237 -0.45926  0.00859
 3.94342 -0.46871  0.00811
 4.01448 -0.47647  0.00806
 4.08553 -0.49960  0.00766
 4.15658 -0.50107  0.00747
 4.22763 -0.50966  0.00731
 4.29869 -0.51952  0.00728
 4.36974 -0.52472  0.00697
 4.44079 -0.52424  0.00689
 4.51185 -0.52180  0.00709
 4.58290 -0.51049  0.00702
 4.65395 -0.48966  0.00709
 4.72500 -0.46450  0.00715
 4.79606 -0.43170  0.00713
 4.86711 -0.39453  0.00725
 4.93816 -0.35126  0.00761
 5.00921 -0.31649  0.00769
 5.08027 -0.28143  0.00791
 5.15132 -0.24705  0.00808
 5.22237 -0.21575  0.00809
 5.29343 -0.16949  0.00837
 5.36448 -0.14171  0.00853
 5.43553 -0.11220  0.00868
 5.50658 -0.07780  0.00863
 5.57764 -0.05400  0.00871
 5.64869 -0.03626  0.00862
 5.71974 -0.02909  0.00880
 5.79079 -0.02205  0.00864
 5.86185 -0.02201  0.00854
 5.93290 -0.02070  0.00842
 6.00395 -0.02895  0.00850
 6.07500 -0.03183  0.00828
 6.14606 -0.03914  0.00822
 6.21711 -0.05014  0.00828
 6.28816 -0.05253  0.00814
 6.35922 -0.06276  0.00782
 6.43027 -0.07678  0.00786
 6.50132 -0.08089  0.00764
 6.57237 -0.08581  0.00775
 6.64343 -0.08718  0.00769
 6.71448 -0.09090  0.00750
 6.78553 -0.09019  0.00745
 6.85658 -0.09448  0.00730
 6.92764 -0.09103  0.00722
 6.99869 -0.08182  0.00709
 7.06974 -0.07828  0.00698
 7.14080 -0.06846  0.00704
 7.21185 -0.06723  0.00700
 7.28290 -0.06036  0.00696
 7.35395 -0.05074  0.00694
 7.42501 -0.04439  0.00683
 7.49606 -0.03974  0.00658
 7.56711 -0.03599  0.00676
 7.63816 -0.02628  0.00647
 7.70922 -0.02376  0.00664
 7.78027 -0.01697  0.00665
 7.85132 -0.01515  0.00639
 7.92237 -0.01016  0.00629
 7.99343 -0.00792  0.00635
 8.06448 -0.00622  0.00629
 8.13553 -0.00750  0.00618
 8.20659 -0.00369  0.00605
 8.27764 -0.00482  0.00609
 8.34869 -0.00880  0.00593
 8.41974 -0.00321  0.00586
 8.49080 -0.01233  0.00580
 8.56185 -0.00903  0.00571
 8.63290 -0.01310  0.00574
 8.70395 -0.01883  0.00564
 8.77501 -0.01375  0.00563
 8.84606 -0.01458  0.00548
 8.91711 -0.01575  0.00556
 8.98817 -0.01821  0.00550
 9.05922 -0.01730  0.00535
 9.13027 -0.02079  0.00548
 9.20132 -0.01664  0.00526
 9.27238 -0.01812  0.00533
 9.34343 -0.02294  0.00521
 9.41448 -0.01767  0.00523
 9.48553 -0.01608  0.00515
 9.55659 -0.02199  0.00517
 9.62764 -0.01994  0.00503
 9.69869 -0.01331  0.00501
 9.76974 -0.01114  0.00483
 9.84080 -0.01295  0.00485
 9.91185 -0.01071  0.00497
 9.98290 -0.00528  0.00492
10.05396 -0.00823  0.00489
10.12501 -0.00796  0.00479
10.19606 -0.00781  0.00477
10.26711 -0.01045  0.00474
10.33817 -0.00802  0.00464
10.40922 -0.00937  0.00472
10.48027 -0.00745  0.00456
10.55132 -0.00715  0.00462
10.62238 -0.01069  0.00451
10.69343 -0.00855  0.00443
10.76448 -0.00389  0.00445
10.83554 -0.00586  0.00438
10.90659 -0.00205  0.00434
10.97764 -0.00514  0.00439
11.04869 -0.00065  0.00418
11.11975 -0.00209  0.00427
11.19080 -0.00176  0.00421
11.26185  0.00121  0.00411
11.33290 -0.00059  0.00414
11.40396 -0.00226  0.00405
11.47501  0.00335  0.00409
11.54606 -0.00026  0.00399
11.61711  0.00034  0.00401
11.68817  0.00312  0.00410
11.75922  0.00543  0.00406
11.83027  0.00934  0.00399
11.90133  0.01214  0.00398
11.97238  0.00878  0.00398
12.04343  0.01106  0.00399
12.11448  0.01322  0.00390
12.18554  0.00885  0.00398
12.25659  0.01305  0.00408
12.32764  0.01381  0.00406
12.39869  0.01496  0.00402
12.46975  0.01635  0.00400
12.54080  0.01541  0.00399
12.61185  0.01544  0.00404
12.68290  0.01540  0.00401
12.75396  0.01389  0.00389
12.82501  0.01303  0.00383
12.89606  0.01742  0.00391
12.96712  0.01446  0.00394
13.03817  0.01622  0.00392
13.10922  0.01578  0.00379
13.18027  0.01620  0.00388
13.25133  0.01786  0.00384
13.32238  0.01528  0.00387
13.39343  0.01613  0.00384
13.46448  0.01632  0.00376
13.53554  0.01878  0.00381
13.60659  0.01441  0.00371
13.67764  0.01249  0.00360
13.74870  0.01289  0.00366
13.81975  0.01238  0.00361
13.89080  0.00925  0.00361
13.96185  0.00973  0.00353
14.03291  0.01148  0.00356
14.10396  0.01059  0.00357
14.17501  0.00268  0.00357
14.24606  0.00615  0.00343
14.31712  0.01025  0.00347
14.38817  0.00782  0.00350
14.45922  0.00826  0.00341
14.53027  0.00288  0.00340
14.60133 -0.00050  0.00338
14.67238 -0.00006  0.00339
14.74343  0.00229  0.00338
14.81449 -0.00104  0.00336
14.88554 -0.00212  0.00333
14.95659 -0.00027  0.00334
15.02764 -0.00333  0.00336
15.09870 -0.00315  0.00334
15.16975 -0.00230  0.00327
15.24080 -0.00490  0.00327
15.31185 -0.00127  0.00331
15.38291 -0.00283  0.00328
15.45396 -0.00288  0.00329
15.52501 -0.00234  0.00324
15.59607 -0.00282  0.00325
15.66712 -0.00194  0.00325
15.73817 -0.00450  0.00316
15.80922 -0.00071  0.00318
15.88028 -0.00122  0.00303
15.95133 -0.00355  0.00310
16.02238 -0.00180  0.00305
16.09343 -0.00326  0.00303
16.16449 -0.00047  0.00300
16.23554 -0.00336  0.00301
16.30659 -0.00143  0.00298
16.37764 -0.00118  0.00298
16.44870 -0.00136  0.00289
16.51975  0.00018  0.00289
16.59080 -0.00038  0.00281
16.66186  0.00218  0.00285
16.73291 -0.00003  0.00282
16.80396  0.00200  0.00281
16.87501  0.00056  0.00276
16.94607  0.00465  0.00271
17.01712  0.00432  0.00268
17.08817  0.00268  0.00272
17.15922  0.00478  0.00266
17.23028  0.00259  0.00261
17.30133  0.00336  0.00264
17.37238  0.00280  0.00256
17.44344  0.00326  0.00262
17.51449  0.00109  0.00269
17.58554  0.00535  0.00265
17.65659  0.00735  0.00260
17.72765  0.00558  0.00265
17.79870  0.00686  0.00253
17.86975  0.00727  0.00259
17.94080  0.00787  0.00257
18.01186  0.00395  0.00260
18.08291  0.00687  0.00256
18.15396  0.00688  0.00251
18.22501  0.00699  0.00256
18.29607  0.00623  0.00249
18.36712  0.00611  0.00240
18.43817  0.00471  0.00245
18.50923  0.01037  0.00247
18.58028  0.00761  0.00243
18.65133  0.00775  0.00243
18.72238  0.00834  0.00240
18.79344  0.00817  0.00243
18.86449  0.00668  0.00238
18.93554  0.01017  0.00239
19.00659  0.00768  0.00240
19.07765  0.00758  0.00236
19.14870  0.00787  0.00249
19.21975  0.00933  0.00243
19.29081  0.00675  0.00244
19.36186  0.00661  0.00249
19.43291  0.00995  0.00245
19.50396  0.00679  0.00246
19.57502  0.00811  0.00242
19.64607  0.00933  0.00246
19.71712  0.00742  0.00242
19.78817  0.00764  0.00242
19.85923  0.00618  0.00246
19.93028  0.00926  0.00241
20.00133  0.00818  0.00240
20.07238  0.00888  0.00237
20.14344  0.00883  0.00235
20.21449  0.00914  0.00244
20.28554  0.00924  0.00240
20.35660  0.01007  0.00236
20.42765  0.00921  0.00237
20.49870  0.01136  0.00241
20.56975  0.00849  0.00244
20.64081  0.01186  0.00241
20.71186  0.01141  0.00244
20.78291  0.01059  0.00247
20.85396  0.01109  0.00242
20.92502  0.01049  0.00240
20.99607  0.01341  0.00246
21.06712  0.01433  0.00237
21.13817  0.01151  0.00239
21.20923  0.01094  0.00236
21.28028  0.01259  0.00237
