 0.03553      inf      nan
 0.10658      inf      nan
 0.17763      inf      nan
 0.24868      inf      nan
 0.31973      inf      nan
 0.39078      inf      nan
 0.46184      inf      nan
 0.53289      inf      nan
 0.60394      inf      nan
 0.67499      inf      nan
 0.74604      inf      nan
 0.81709      inf      nan
 0.88815      inf      nan
 0.95920      inf      nan
 1.03025      inf      nan
 1.10130      inf      nan
 1.17235      inf      nan
 1.24340      inf      nan
 1.31445      inf      nan
 1.38551      inf      nan
 1.45656      inf      nan
 1.52761      inf      nan
 1.59866      inf      nan
 1.66971      inf      nan
 1.74076      inf      nan
 1.81182      inf      nan
 1.88287      inf      nan
 1.95392      inf      nan
 2.02497      inf      nan
 2.09602      inf      nan
 2.16707      inf      nan
 2.23813      inf      nan
 2.30918      inf      nan
 2.38023      inf      nan
 2.45128      inf      nan
 2.52233      inf      nan
 2.59338      inf      nan
 2.66444      inf      nan
 2.73549      inf      nan
 2.80654      inf      nan
 2.87759      inf      nan
 2.94864  4.61377  0.30048
 3.01969  3.21174  0.08189
 3.09075  1.91097  0.02971
 3.16180  1.00865  0.01747
 3.23285  0.22863  0.01069
 3.30390 -0.44755  0.00718
 3.37495 -0.96620  0.00522
 3.44600 -1.33337  0.00429
 3.51706 -1.53394  0.00388
 3.58811 -1.58451  0.00371
 3.65916 -1.52074  0.00365
 3.73021 -1.37906  0.00375
 3.80126 -1.20198  0.00399
 3.87231 -1.01693  0.00435
 3.94336 -0.84601  0.00474
 4.01442 -0.69163  0.00522
 4.08547 -0.56393  0.00564
 4.15652 -0.44182  0.00605
 4.22757 -0.34049  0.00642
 4.29862 -0.24837  0.00676
 4.36967 -0.15827  0.00698
 4.44073 -0.09081  0.00706
 4.51178 -0.03329  0.00732
 4.58283  0.00029  0.00728
 4.65388  0.02354  0.00736
 4.72493  0.02009  0.00731
 4.79598  0.00806  0.00720
 4.86704 -0.01556  0.00687
 4.93809 -0.04028  0.00687
 5.00914 -0.06886  0.00674
 5.08019 -0.09827  0.00649
 5.15124 -0.13112  0.00629
 5.22229 -0.15768  0.00611
 5.29335 -0.18502  0.00590
 5.36440 -0.20631  0.00576
 5.43545 -0.22661  0.00566
 5.50650 -0.24620  0.00553
 5.57755 -0.26618  0.00540
 5.64860 -0.27328  0.00528
 5.71966 -0.27775  0.00523
 5.79071 -0.28175  0.00516
 5.86176 -0.27548  0.00510
 5.93281 -0.26854  0.00514
 6.00386 -0.25767  0.00501
 6.07491 -0.24448  0.00501
 6.14596 -0.22054  0.00505
 6.21702 -0.19936  0.00505
 6.28807 -0.17746  0.00502
 6.35912 -0.15209  0.00505
 6.43017 -0.13152  0.00506
 6.50122 -0.10791  0.00507
 6.57227 -0.09061  0.00501
 6.64333 -0.07889  0.00501
 6.71438 -0.06289  0.00508
 6.78543 -0.05271  0.00508
 6.85648 -0.04395  0.00504
 6.92753 -0.04170  0.00496
 6.99858 -0.04095  0.00488
 7.06964 -0.03900  0.00492
 7.14069 -0.04895  0.00480
 7.21174 -0.05545  0.00475
 7.28279 -0.05993  0.00471
 7.35384 -0.06630  0.00467
 7.42489 -0.07660  0.00461
 7.49595 -0.07818  0.00453
 7.56700 -0.08570  0.00452
 7.63805 -0.09325  0.00443
 7.70910 -0.10053  0.00438
 7.78015 -0.09788  0.00433
 7.85120 -0.10667  0.00430
 7.92226 -0.10784  0.00422
 7.99331 -0.10739  0.00419
 8.06436 -0.10573  0.00418
 8.13541 -0.10551  0.00413
 8.20646 -0.10326  0.00410
 8.27751 -0.09940  0.00415
 8.34856 -0.09244  0.00407
 8.41962 -0.08568  0.00403
 8.49067 -0.08165  0.00401
 8.56172 -0.07832  0.00398
 8.63277 -0.07347  0.00394
 8.70382 -0.06628  0.00390
 8.77487 -0.06141  0.00388
 8.84593 -0.05450  0.00385
 8.91698 -0.04794  0.00386
 8.98803 -0.04785  0.00381
 9.05908 -0.04464  0.00378
 9.13013 -0.04595  0.00379
 9.20118 -0.03928  0.00376
 9.27224 -0.03804  0.00376
 9.34329 -0.04174  0.00373
 9.41434 -0.04077  0.00372
 9.48539 -0.03891  0.00366
 9.55644 -0.04259  0.00367
 9.62749 -0.04147  0.00363
 9.69855 -0.04344  0.00363
 9.76960 -0.04456  0.00359
 9.84065 -0.04379  0.00355
 9.91170 -0.04776  0.00355
 9.98275 -0.04332  0.00349
10.05380 -0.04509  0.00351
10.12486 -0.04407  0.00347
10.19591 -0.04444  0.00342
10.26696 -0.04359  0.00338
10.33801 -0.04391  0.00339
10.40906 -0.04169  0.00337
10.48011 -0.03945  0.00337
10.55117 -0.03693  0.00332
10.62222 -0.03736  0.00329
10.69327 -0.03542  0.00327
10.76432 -0.03296  0.00325
10.83537 -0.03041  0.00323
10.90642 -0.03214  0.00320
10.97747 -0.02677  0.00317
11.04853 -0.03218  0.00314
11.11958 -0.03016  0.00316
11.19063 -0.02952  0.00314
11.26168 -0.02696  0.00316
11.33273 -0.02809  0.00312
11.40378 -0.02762  0.00311
11.47484 -0.02734  0.00307
11.54589 -0.02636  0.00306
11.61694 -0.02875  0.00303
11.68799 -0.02590  0.00300
11.75904 -0.02857  0.00300
11.83009 -0.02832  0.00292
11.90115 -0.02719  0.00294
11.97220 -0.02602  0.00292
12.04325 -0.02280  0.00291
12.11430 -0.02220  0.00284
12.18535 -0.02163  0.00284
12.25640 -0.02070  0.00282
12.32746 -0.01840  0.00283
12.39851 -0.02152  0.00280
12.46956 -0.02014  0.00279
12.54061 -0.02052  0.00278
12.61166 -0.01816  0.00275
12.68271 -0.02003  0.00275
12.75377 -0.01851  0.00273
12.82482 -0.01775  0.00271
12.89587 -0.01703  0.00273
12.96692 -0.01730  0.00269
13.03797 -0.01655  0.00263
13.10902 -0.01570  0.00266
13.18007 -0.01366  0.00263
13.25113 -0.01502  0.00263
13.32218 -0.01271  0.00263
13.39323 -0.01216  0.00261
13.46428 -0.01317  0.00261
13.53533 -0.01175  0.00259
13.60638 -0.01386  0.00255
13.67744 -0.01134  0.00255
13.74849 -0.01147  0.00253
13.81954 -0.01019  0.00252
13.89059 -0.00977  0.00251
13.96164 -0.01060  0.00248
14.03269 -0.00985  0.00247
14.10375 -0.00895  0.00246
14.17480 -0.00941  0.00246
14.24585 -0.00961  0.00241
14.31690 -0.01105  0.00243
14.38795 -0.01012  0.00240
14.45900 -0.01172  0.00239
14.53006 -0.00979  0.00240
14.60111 -0.00995  0.00237
14.67216 -0.00718  0.00237
14.74321 -0.00835  0.00231
14.81426 -0.00946  0.00233
14.88531 -0.00830  0.00231
14.95637 -0.00930  0.00233
15.02742 -0.01033  0.00228
15.09847 -0.01016  0.00228
15.16952 -0.00787  0.00227
15.24057 -0.00848  0.00224
15.31162 -0.00803  0.00223
15.38267 -0.00999  0.00224
15.45373 -0.00908  0.00223
15.52478 -0.01059  0.00221
15.59583 -0.01048  0.00221
15.66688 -0.01042  0.00219
15.73793 -0.00754  0.00218
15.80898 -0.00853  0.00215
15.88004 -0.00845  0.00217
15.95109 -0.00801  0.00215
16.02214 -0.00848  0.00213
16.09319 -0.00850  0.00210
16.16424 -0.00721  0.00209
16.23529 -0.00663  0.00209
16.30635 -0.00646  0.00208
16.37740 -0.00512  0.00209
16.44845 -0.00335  0.00207
16.51950 -0.00323  0.00208
16.59055 -0.00385  0.00205
16.66160 -0.00262  0.00204
16.73266 -0.00247  0.00203
16.80371 -0.00125  0.00203
16.87476 -0.00165  0.00202
16.94581 -0.00147  0.00201
17.01686  0.00107  0.00202
17.08791  0.00021  0.00201
17.15897  0.00071  0.00200
17.23002  0.00178  0.00201
17.30107  0.00035  0.00199
17.37212  0.00227  0.00201
17.44317  0.00244  0.00200
17.51422  0.00281  0.00201
17.58528  0.00209  0.00197
17.65633  0.00546  0.00196
17.72738  0.00390  0.00194
17.79843  0.00471  0.00192
17.86948  0.00420  0.00192
17.94053  0.00510  0.00191
18.01158  0.00796  0.00188
18.08264  0.00496  0.00187
18.15369  0.00577  0.00185
18.22474  0.00794  0.00183
18.29579  0.00902  0.00185
18.36684  0.00941  0.00183
18.43789  0.01094  0.00182
18.50895  0.01007  0.00182
18.58000  0.01227  0.00182
18.65105  0.01058  0.00181
18.72210  0.01169  0.00179
18.79315  0.01123  0.00177
18.86420  0.01093  0.00178
18.93526  0.00993  0.00174
19.00631  0.00993  0.00177
19.07736  0.01041  0.00174
19.14841  0.01055  0.00176
19.21946  0.01241  0.00173
19.29051  0.01020  0.00171
19.36157  0.01069  0.00174
19.43262  0.01141  0.00171
19.50367  0.01117  0.00173
19.57472  0.01035  0.00172
19.64577  0.01095  0.00170
19.71682  0.01274  0.00169
19.78788  0.01229  0.00170
19.85893  0.01353  0.00171
19.92998  0.01331  0.00168
20.00103  0.01340  0.00169
20.07208  0.01320  0.00167
20.14313  0.01400  0.00169
20.21418  0.01572  0.00168
20.28524  0.01470  0.00170
20.35629  0.01335  0.00166
20.42734  0.01481  0.00169
20.49839  0.01520  0.00167
20.56944  0.01649  0.00170
20.64049  0.01687  0.00168
20.71155  0.01663  0.00169
20.78260  0.01674  0.00168
20.85365  0.01680  0.00168
20.92470  0.01651  0.00168
20.99575  0.01636  0.00167
21.06680  0.01598  0.00167
21.13786  0.01615  0.00167
21.20891  0.01672  0.00168
21.27996  0.01743  0.00166
