 0.03553      inf
 0.10658      inf
 0.17763      inf
 0.24868      inf
 0.31973      inf
 0.39078      inf
 0.46184      inf
 0.53289      inf
 0.60394      inf
 0.67499      inf
 0.74604      inf
 0.81709      inf
 0.88815      inf
 0.95920      inf
 1.03025      inf
 1.10130      inf
 1.17235      inf
 1.24340      inf
 1.31445      inf
 1.38551      inf
 1.45656      inf
 1.52761      inf
 1.59866      inf
 1.66971      inf
 1.74076      inf
 1.81182      inf
 1.88287      inf
 1.95392      inf
 2.02497      inf
 2.09602      inf
 2.16707      inf
 2.23813      inf
 2.30918  6.77117
 2.38023  4.27071
 2.45128  2.31728
 2.52233  0.88786
 2.59338 -0.01960
 2.66444 -0.48592
 2.73549 -0.63649
 2.80654 -0.59020
 2.87759 -0.43937
 2.94864 -0.25177
 3.01969 -0.06824
 3.09075  0.08865
 3.16180  0.20880
 3.23285  0.29339
 3.30390  0.34454
 3.37495  0.36942
 3.44600  0.37163
 3.51706  0.35904
 3.58811  0.33338
 3.65916  0.29888
 3.73021  0.25939
 3.80126  0.21674
 3.87231  0.17302
 3.94336  0.12972
 4.01442  0.08779
 4.08547  0.04812
 4.15652  0.01146
 4.22757 -0.02322
 4.29862 -0.05452
 4.36967 -0.08313
 4.44073 -0.10726
 4.51178 -0.12547
 4.58283 -0.13786
 4.65388 -0.14303
 4.72493 -0.14264
 4.79598 -0.13526
 4.86704 -0.12383
 4.93809 -0.10743
 5.00914 -0.08829
 5.08019 -0.06492
 5.15124 -0.04092
 5.22229 -0.01531
 5.29335  0.00945
 5.36440  0.03300
 5.43545  0.05378
 5.50650  0.06999
 5.57755  0.08285
 5.64860  0.09171
 5.71966  0.09555
 5.79071  0.09614
 5.86176  0.09344
 5.93281  0.08849
 6.00386  0.08179
 6.07491  0.07405
 6.14596  0.06580
 6.21702  0.05683
 6.28807  0.04791
 6.35912  0.03833
 6.43017  0.02934
 6.50122  0.02146
 6.57227  0.01401
 6.64333  0.00734
 6.71438  0.00167
 6.78543 -0.00349
 6.85648 -0.00729
 6.92753 -0.01100
 6.99858 -0.01270
 7.06964 -0.01382
 7.14069 -0.01421
 7.21174 -0.01356
 7.28279 -0.01239
 7.35384 -0.00996
 7.42489 -0.00752
 7.49595 -0.00478
 7.56700 -0.00168
 7.63805  0.00156
 7.70910  0.00417
 7.78015  0.00660
 7.85120  0.00840
 7.92226  0.00931
 7.99331  0.00972
 8.06436  0.00955
 8.13541  0.00851
 8.20646  0.00722
 8.27751  0.00599
 8.34856  0.00359
 8.41962  0.00176
 8.49067  0.00031
 8.56172 -0.00139
 8.63277 -0.00263
 8.70382 -0.00338
 8.77487 -0.00393
 8.84593 -0.00427
 8.91698 -0.00378
 8.98803 -0.00349
 9.05908 -0.00278
 9.13013 -0.00199
 9.20118 -0.00090
 9.27224  0.00009
 9.34329  0.00186
 9.41434  0.00316
 9.48539  0.00403
 9.55644  0.00540
 9.62749  0.00595
 9.69855  0.00692
 9.76960  0.00755
 9.84065  0.00752
 9.91170  0.00768
 9.98275  0.00763
10.05380  0.00707
10.12486  0.00660
10.19591  0.00603
10.26696  0.00526
10.33801  0.00398
10.40906  0.00302
10.48011  0.00197
10.55117  0.00117
10.62222  0.00008
10.69327 -0.00048
10.76432 -0.00115
10.83537 -0.00188
10.90642 -0.00211
10.97747 -0.00235
11.04853 -0.00256
11.11958 -0.00255
11.19063 -0.00241
11.26168 -0.00226
11.33273 -0.00165
11.40378 -0.00111
11.47484 -0.00083
11.54589 -0.00056
11.61694  0.00022
11.68799  0.00086
11.75904  0.00107
11.83009  0.00134
11.90115  0.00182
11.97220  0.00189
12.04325  0.00231
12.11430  0.00228
12.18535  0.00203
12.25640  0.00213
12.32746  0.00199
12.39851  0.00174
12.46956  0.00178
12.54061  0.00148
12.61166  0.00109
12.68271  0.00113
12.75377  0.00066
12.82482  0.00060
12.89587  0.00034
12.96692  0.00029
13.03797 -0.00012
13.10902 -0.00018
13.18007 -0.00017
13.25113 -0.00004
13.32218 -0.00019
13.39323  0.00001
13.46428 -0.00020
13.53533  0.00019
13.60638  0.00016
13.67744  0.00043
13.74849  0.00043
13.81954  0.00066
13.89059  0.00062
13.96164  0.00059
14.03269  0.00072
14.10375  0.00074
14.17480  0.00063
14.24585  0.00060
14.31690  0.00079
14.38795  0.00049
14.45900  0.00044
14.53006  0.00027
14.60111  0.00041
14.67216  0.00027
14.74321  0.00027
14.81426  0.00010
14.88531 -0.00006
14.95637  0.00006
15.02742 -0.00029
15.09847 -0.00008
15.16952 -0.00012
15.24057 -0.00005
15.31162 -0.00013
15.38267 -0.00013
15.45373 -0.00001
15.52478  0.00013
15.59583 -0.00001
15.66688 -0.00014
15.73793  0.00030
15.80898  0.00012
15.88004  0.00007
15.95109 -0.00001
16.02214  0.00021
16.09319  0.00016
16.16424  0.00015
16.23529  0.00012
16.30635  0.00022
16.37740  0.00015
16.44845  0.00007
16.51950 -0.00001
16.59055 -0.00011
16.66160  0.00001
16.73266 -0.00010
16.80371 -0.00018
16.87476 -0.00020
16.94581 -0.00020
17.01686 -0.00031
17.08791 -0.00027
17.15897 -0.00023
17.23002 -0.00033
17.30107 -0.00040
17.37212 -0.00037
17.44317 -0.00037
17.51422 -0.00026
17.58528 -0.00033
17.65633 -0.00042
17.72738 -0.00065
17.79843 -0.00043
17.86948 -0.00031
17.94053 -0.00046
18.01158 -0.00053
18.08264 -0.00063
18.15369 -0.00048
18.22474 -0.00037
18.29579 -0.00035
18.36684 -0.00040
18.43789 -0.00044
18.50895 -0.00062
18.58000 -0.00053
18.65105 -0.00066
18.72210 -0.00055
18.79315 -0.00055
18.86420 -0.00057
18.93526 -0.00066
19.00631 -0.00067
19.07736 -0.00058
19.14841 -0.00065
19.21946 -0.00063
19.29051 -0.00064
19.36157 -0.00060
19.43262 -0.00068
19.50367 -0.00063
19.57472 -0.00065
19.64577 -0.00066
19.71682 -0.00058
19.78788 -0.00068
19.85893 -0.00066
19.92998 -0.00060
20.00103 -0.00075
20.07208 -0.00076
20.14313 -0.00065
20.21418 -0.00067
20.28524 -0.00061
20.35629 -0.00072
20.42734 -0.00064
20.49839 -0.00066
20.56944 -0.00066
20.64049 -0.00061
20.71155 -0.00082
20.78260 -0.00074
20.85365 -0.00070
20.92470 -0.00070
20.99575 -0.00068
21.06680 -0.00067
21.13786 -0.00076
21.20891 -0.00072
21.27996 -0.00032
