 0.03554  0.00000      nan
 0.10661  0.00000      nan
 0.17769  0.00000      nan
 0.24876  0.00000      nan
 0.31984  0.00000      nan
 0.39091  0.00000      nan
 0.46199  0.00000      nan
 0.53306  0.00000      nan
 0.60413  0.00000      nan
 0.67521  0.00000      nan
 0.74628  0.00000      nan
 0.81736  0.00000      nan
 0.88843  0.00000      nan
 0.95951  0.00000      nan
 1.03058  0.00000      nan
 1.10166  0.00000      nan
 1.17273  0.00000      nan
 1.24381  0.00000      nan
 1.31488  0.00000      nan
 1.38596  0.00000      nan
 1.45703  0.00000      nan
 1.52811  0.00000      nan
 1.59918  0.00000      nan
 1.67026  0.00000      nan
 1.74133  0.00000      nan
 1.81240  0.00000      nan
 1.88348  0.00000      nan
 1.95455  0.00000      nan
 2.02563  0.00000      nan
 2.09670  0.00000      nan
 2.16778  0.00000      nan
 2.23885  0.00000      nan
 2.30993  0.00000      nan
 2.38100  0.00000      nan
 2.45208  0.00000      nan
 2.52315  0.00000      nan
 2.59423  0.00000      nan
 2.66530  0.00000      nan
 2.73638  0.00000      nan
 2.80745  0.00000      nan
 2.87852  0.00000      nan
 2.94960  0.00082  0.00082
 3.02067  0.01571  0.00324
 3.09175  0.04875  0.00610
 3.16282  0.09962  0.00907
 3.23390  0.22212  0.01188
 3.30497  0.33935  0.01517
 3.37605  0.47996  0.01792
 3.44712  0.64017  0.01847
 3.51820  0.76807  0.02272
 3.58927  0.94776  0.02430
 3.66035  1.06917  0.02577
 3.73142  1.14418  0.02354
 3.80250  1.30511  0.02887
 3.87357  1.33554  0.02646
 3.94464  1.44543  0.02784
 4.01572  1.53432  0.02956
 4.08679  1.60977  0.03096
 4.15787  1.74640  0.03021
 4.22894  1.73309  0.02669
 4.30002  1.78717  0.01814
 4.37109  1.86837  0.02865
 4.44217  1.87592  0.02929
 4.51324  1.87150  0.02758
 4.58432  1.85998  0.02891
 4.65539  1.86548  0.02776
 4.72647  1.77193  0.02583
 4.79754  1.76218  0.02540
 4.86862  1.69236  0.02336
 4.93969  1.70689  0.02578
 5.01077  1.59113  0.02281
 5.08184  1.56415  0.02486
 5.15291  1.50051  0.02196
 5.22399  1.47835  0.01937
 5.29506  1.43407  0.02180
 5.36614  1.41276  0.01990
 5.43721  1.37801  0.02025
 5.50829  1.41688  0.02027
 5.57936  1.38377  0.01962
 5.65044  1.44754  0.01948
 5.72151  1.42429  0.02016
 5.79259  1.39361  0.01817
 5.86366  1.37567  0.01767
 5.93474  1.33620  0.01789
 6.00581  1.35903  0.01685
 6.07689  1.31053  0.01699
 6.14796  1.29273  0.01735
 6.21903  1.27633  0.01650
 6.29011  1.27103  0.01677
 6.36118  1.25944  0.01721
 6.43226  1.26243  0.01644
 6.50333  1.24414  0.01479
 6.57441  1.20843  0.01337
 6.64548  1.21747  0.01564
 6.71656  1.20328  0.01465
 6.78763  1.22957  0.01489
 6.85871  1.19888  0.01364
 6.92978  1.19054  0.01449
 7.00086  1.19136  0.01367
 7.07193  1.17284  0.01179
 7.14301  1.14582  0.01314
 7.21408  1.14581  0.01336
 7.28515  1.14639  0.01261
 7.35623  1.14727  0.01253
 7.42730  1.11112  0.01297
 7.49838  1.12063  0.01348
 7.56945  1.11145  0.01081
 7.64053  1.11088  0.01186
 7.71160  1.10533  0.01108
 7.78268  1.10417  0.01225
 7.85375  1.10381  0.01146
 7.92483  1.12337  0.01204
 7.99590  1.13556  0.01200
 8.06698  1.12853  0.01126
 8.13805  1.12157  0.01138
 8.20913  1.11670  0.01135
 8.28020  1.13871  0.01193
 8.35128  1.13062  0.01050
 8.42235  1.10970  0.01133
 8.49342  1.12688  0.00973
 8.56450  1.14325  0.01108
 8.63557  1.14431  0.01134
 8.70665  1.10972  0.01143
 8.77772  1.12086  0.01117
 8.84880  1.11629  0.01092
 8.91987  1.11975  0.01091
 8.99095  1.11702  0.01075
 9.06202  1.10629  0.01022
 9.13310  1.09473  0.00941
 9.20417  1.10192  0.01037
 9.27525  1.08893  0.00974
 9.34632  1.06660  0.00947
 9.41740  1.09551  0.00950
 9.48847  1.06706  0.01053
 9.55954  1.08208  0.00974
 9.63062  1.05728  0.00901
 9.70169  1.06462  0.00976
 9.77277  1.05918  0.00991
 9.84384  1.06651  0.00887
 9.91492  1.05623  0.00961
 9.98599  1.06778  0.00920
10.05707  1.06437  0.00930
10.12814  1.03201  0.00923
10.19922  1.04593  0.00896
10.27029  1.04884  0.00824
10.34137  1.04272  0.00905
10.41244  1.03779  0.00873
10.48352  1.04973  0.00732
10.55459  1.05437  0.00777
10.62566  1.03999  0.00717
10.69674  1.05392  0.00924
10.76781  1.03306  0.00888
10.83889  1.04324  0.00851
10.90996  1.02656  0.00924
10.98104  1.05089  0.00896
11.05211  1.04329  0.00779
11.12319  1.03782  0.00807
11.19426  1.05518  0.00808
11.26534  1.04716  0.00800
11.33641  1.03435  0.00767
11.40749  1.02255  0.00804
11.47856  1.02652  0.00834
11.54964  1.04048  0.00841
11.62071  1.04605  0.00847
11.69179  1.03222  0.00774
11.76286  1.03072  0.00755
11.83393  1.03798  0.00748
11.90501  1.03240  0.00755
11.97608  1.03608  0.00656
12.04716  1.02562  0.00752
12.11823  1.03780  0.00720
12.18931  1.02380  0.00688
12.26038  1.02818  0.00656
12.33146  1.01896  0.00690
12.40253  1.02209  0.00741
12.47361  1.02153  0.00728
12.54468  1.03687  0.00745
12.61576  1.02914  0.00696
12.68683  1.01323  0.00746
12.75791  1.00972  0.00752
12.82898  1.01495  0.00683
12.90005  1.01228  0.00676
12.97113  1.01094  0.00642
13.04220  1.01714  0.00601
13.11328  1.00648  0.00631
13.18435  1.01917  0.00598
13.25543  1.01704  0.00604
13.32650  1.01127  0.00605
13.39758  1.00848  0.00675
13.46865  1.01802  0.00667
13.53973  1.02250  0.00680
13.61080  1.02241  0.00636
13.68188  1.00933  0.00622
13.75295  1.00078  0.00629
13.82403  1.01576  0.00666
13.89510  1.01546  0.00652
13.96617  1.01603  0.00611
14.03725  1.00264  0.00630
14.10832  1.00478  0.00654
14.17940  1.00511  0.00655
14.25047  1.00704  0.00552
14.32155  0.99889  0.00600
14.39262  1.01618  0.00547
14.46370  1.01009  0.00568
14.53477  1.01595  0.00631
14.60585  1.00982  0.00619
14.67692  1.00545  0.00594
14.74800  1.00211  0.00591
14.81907  1.00333  0.00618
14.89015  1.00328  0.00552
14.96122  1.00787  0.00570
15.03230  1.00664  0.00548
15.10337  1.00225  0.00532
15.17444  0.98569  0.00535
15.24552  1.00626  0.00600
15.31659  1.00079  0.00603
15.38767  1.00480  0.00551
15.45874  0.99666  0.00548
15.52982  1.00659  0.00514
15.60089  0.99322  0.00561
15.67197  1.00470  0.00511
15.74304  0.99727  0.00555
15.81412  0.98999  0.00527
15.88519  0.99979  0.00558
15.95627  0.99659  0.00559
16.02734  1.00211  0.00528
16.09842  0.99508  0.00451
16.16949  1.00454  0.00554
16.24056  0.99533  0.00555
16.31164  0.99532  0.00560
16.38271  0.99881  0.00513
16.45379  0.99356  0.00571
16.52486  0.99023  0.00493
16.59594  0.99109  0.00502
16.66701  0.99040  0.00513
16.73809  0.98515  0.00508
16.80916  0.99787  0.00548
16.88024  0.99490  0.00509
16.95131  0.98647  0.00533
17.02239  0.99886  0.00543
17.09346  0.99342  0.00463
17.16454  0.99322  0.00509
17.23561  0.98591  0.00505
17.30668  1.00208  0.00465
17.37776  0.99309  0.00476
17.44883  0.99187  0.00473
17.51991  0.99215  0.00454
17.59098  0.99560  0.00491
17.66206  0.99110  0.00477
17.73313  0.98709  0.00472
17.80421  0.98626  0.00471
17.87528  0.99203  0.00476
17.94636  0.99607  0.00474
18.01743  0.99007  0.00458
18.08851  0.99321  0.00519
18.15958  0.98600  0.00446
18.23066  0.98902  0.00520
18.30173  0.98761  0.00463
18.37281  0.99096  0.00478
18.44388  0.99011  0.00468
18.51495  0.99544  0.00440
18.58603  0.99110  0.00470
18.65710  0.99360  0.00422
18.72818  0.98693  0.00480
18.79925  0.99019  0.00488
18.87033  0.99352  0.00428
18.94140  0.98604  0.00427
19.01248  0.98532  0.00483
19.08355  0.97644  0.00426
19.15463  0.98357  0.00455
19.22570  0.98345  0.00424
19.29678  0.98371  0.00481
19.36785  0.98209  0.00445
19.43893  0.99653  0.00384
19.51000  0.98514  0.00440
19.58107  0.98572  0.00361
19.65215  0.99355  0.00410
19.72322  0.97894  0.00449
19.79430  0.98691  0.00399
19.86537  0.98191  0.00436
19.93645  0.99251  0.00470
20.00752  0.99086  0.00378
20.07860  0.98569  0.00445
20.14967  0.98996  0.00420
20.22075  0.98824  0.00444
20.29182  0.99345  0.00440
20.36290  0.98841  0.00426
20.43397  0.99120  0.00438
20.50505  0.98714  0.00444
20.57612  0.98949  0.00411
20.64719  0.98898  0.00385
20.71827  0.98795  0.00400
20.78934  0.98408  0.00362
20.86042  0.99053  0.00458
20.93149  0.98318  0.00439
21.00257  0.99373  0.00388
21.07364  0.99208  0.00436
21.14472  0.98848  0.00461
21.21579  0.98792  0.00407
21.28687  0.98850  0.00366
