 0.03554  0.00000
 0.10661  0.00000
 0.17769  0.00000
 0.24876  0.00000
 0.31984  0.00000
 0.39091  0.00000
 0.46199  0.00000
 0.53306  0.00000
 0.60413  0.00000
 0.67521  0.00000
 0.74628  0.00000
 0.81736  0.00000
 0.88843  0.00000
 0.95951  0.00000
 1.03058  0.00000
 1.10166  0.00000
 1.17273  0.00000
 1.24381  0.00000
 1.31488  0.00000
 1.38596  0.00000
 1.45703  0.00000
 1.52811  0.00000
 1.59918  0.00000
 1.67026  0.00000
 1.74133  0.00000
 1.81240  0.00000
 1.88348  0.00000
 1.95455  0.00000
 2.02563  0.00000
 2.09670  0.00000
 2.16778  0.00000
 2.23885  0.00000
 2.30993  0.00000
 2.38100  0.00000
 2.45208  0.00000
 2.52315  0.00000
 2.59423  0.00004
 2.66530  0.00047
 2.73638  0.00577
 2.80745  0.03639
 2.87852  0.12508
 2.94960  0.28953
 3.02067  0.49068
 3.09175  0.66905
 3.16282  0.80677
 3.23390  0.89335
 3.30497  0.96087
 3.37605  1.01810
 3.44712  1.07022
 3.51820  1.13015
 3.58927  1.20488
 3.66035  1.26868
 3.73142  1.31617
 3.80250  1.32759
 3.87357  1.30633
 3.94464  1.26448
 4.01572  1.20582
 4.08679  1.14454
 4.15787  1.09321
 4.22894  1.04756
 4.30002  1.01887
 4.37109  0.99892
 4.44217  0.98514
 4.51324  0.97484
 4.58432  0.97421
 4.65539  0.96993
 4.72647  0.97452
 4.79754  0.97769
 4.86862  0.98254
 4.93969  0.99214
 5.01077  1.00319
 5.08184  1.01870
 5.15291  1.03081
 5.22399  1.04450
 5.29506  1.04902
 5.36614  1.04996
 5.43721  1.04056
 5.50829  1.02879
 5.57936  1.01573
 5.65044  1.00466
 5.72151  0.99614
 5.79259  0.98996
 5.86366  0.98891
 5.93474  0.98496
 6.00581  0.98509
 6.07689  0.99218
 6.14796  0.99100
 6.21903  0.99332
 6.29011  0.99504
 6.36118  0.99483
 6.43226  0.99449
 6.50333  0.99699
 6.57441  0.99542
 6.64548  0.99596
 6.71656  0.99106
 6.78763  0.99115
 6.85871  0.99053
 6.92978  0.99185
 7.00086  0.98972
 7.07193  0.99253
 7.14301  0.99578
 7.21408  0.99540
 7.28515  0.99666
 7.35623  0.99921
 7.42730  1.00119
 7.49838  1.00219
 7.56945  1.00242
 7.64053  1.00593
 7.71160  1.00708
 7.78268  1.00974
 7.85375  1.01169
 7.92483  1.01252
 7.99590  1.01208
 8.06698  1.01020
 8.13805  1.01193
 8.20913  1.00967
 8.28020  1.00873
 8.35128  1.00767
 8.42235  1.00443
 8.49342  1.00451
 8.56450  1.00327
 8.63557  1.00309
 8.70665  1.00185
 8.77772  1.00027
 8.84880  0.99705
 8.91987  0.99842
 8.99095  0.99910
 9.06202  0.99695
 9.13310  0.99692
 9.20417  0.99723
 9.27525  0.99636
 9.34632  0.99552
 9.41740  0.99660
 9.48847  0.99678
 9.55954  0.99651
 9.63062  0.99801
 9.70169  0.99916
 9.77277  0.99774
 9.84384  0.99822
 9.91492  0.99803
 9.98599  0.99937
10.05707  0.99950
10.12814  1.00043
10.19922  1.00111
10.27029  1.00024
10.34137  1.00042
10.41244  1.00078
10.48352  1.00158
10.55459  1.00188
10.62566  1.00121
10.69674  1.00195
10.76781  1.00080
10.83889  1.00279
10.90996  1.00170
10.98104  1.00178
11.05211  1.00277
11.12319  1.00306
11.19426  1.00133
11.26534  1.00201
11.33641  1.00140
11.40749  1.00163
11.47856  1.00109
11.54964  1.00195
11.62071  1.00172
11.69179  1.00180
11.76286  1.00107
11.83393  1.00118
11.90501  1.00151
11.97608  1.00115
12.04716  1.00088
12.11823  1.00061
12.18931  1.00129
12.26038  1.00053
12.33146  1.00058
12.40253  1.00034
12.47361  0.99947
12.54468  1.00000
12.61576  1.00068
12.68683  1.00002
12.75791  1.00088
12.82898  1.00077
12.90005  1.00084
12.97113  1.00058
13.04220  1.00145
13.11328  1.00106
13.18435  1.00169
13.25543  1.00029
13.32650  1.00144
13.39758  1.00023
13.46865  1.00220
13.53973  1.00118
13.61080  1.00047
13.68188  1.00060
13.75295  1.00169
13.82403  1.00150
13.89510  1.00177
13.96617  1.00113
14.03725  1.00123
14.10832  1.00081
14.17940  1.00034
14.25047  1.00143
14.32155  1.00084
14.39262  1.00145
14.46370  1.00159
14.53477  1.00193
14.60585  1.00102
14.67692  1.00166
14.74800  1.00084
14.81907  1.00082
14.89015  1.00195
14.96122  1.00076
15.03230  1.00060
15.10337  1.00056
15.17444  1.00059
15.24552  1.00037
15.31659  1.00146
15.38767  1.00111
15.45874  1.00089
15.52982  1.00092
15.60089  1.00126
15.67197  1.00151
15.74304  1.00131
15.81412  1.00080
15.88519  1.00209
15.95627  1.00114
16.02734  1.00090
16.09842  1.00103
16.16949  1.00029
16.24056  1.00128
16.31164  1.00124
16.38271  1.00020
16.45379  1.00061
16.52486  1.00112
16.59594  1.00155
16.66701  1.00060
16.73809  1.00134
16.80916  1.00060
16.88024  1.00098
16.95131  1.00090
17.02239  1.00114
17.09346  1.00154
17.16454  1.00088
17.23561  1.00215
17.30668  1.00152
17.37776  1.00169
17.44883  1.00141
17.51991  1.00153
17.59098  1.00137
17.66206  1.00113
17.73313  1.00144
17.80421  1.00222
17.87528  1.00147
17.94636  1.00139
18.01743  1.00058
18.08851  1.00173
18.15958  1.00150
18.23066  1.00039
18.30173  1.00009
18.37281  1.00074
18.44388  1.00093
18.51495  1.00046
18.58603  1.00107
18.65710  1.00187
18.72818  1.00087
18.79925  1.00141
18.87033  1.00183
18.94140  1.00122
19.01248  1.00126
19.08355  1.00161
19.15463  1.00133
19.22570  1.00078
19.29678  1.00130
19.36785  1.00144
19.43893  1.00112
19.51000  1.00077
19.58107  1.00119
19.65215  1.00105
19.72322  1.00082
19.79430  1.00100
19.86537  1.00124
19.93645  1.00060
20.00752  1.00080
20.07860  1.00112
20.14967  1.00122
20.22075  1.00088
20.29182  1.00139
20.36290  1.00118
20.43397  1.00187
20.50505  1.00135
20.57612  1.00084
20.64719  1.00167
20.71827  1.00066
20.78934  1.00090
20.86042  1.00144
20.93149  1.00226
21.00257  1.00052
21.07364  1.00135
21.14472  1.00145
21.21579  1.00122
21.28687  1.00072
