 0.03554  0.00000
 0.10661  0.00000
 0.17769  0.00000
 0.24876  0.00000
 0.31984  0.00000
 0.39091  0.00000
 0.46199  0.00000
 0.53306  0.00000
 0.60413  0.00000
 0.67521  0.00000
 0.74628  0.00000
 0.81736  0.00000
 0.88843  0.00000
 0.95951  0.00000
 1.03058  0.00000
 1.10166  0.00000
 1.17273  0.00000
 1.24381  0.00000
 1.31488  0.00000
 1.38596  0.00000
 1.45703  0.00000
 1.52811  0.00000
 1.59918  0.00000
 1.67026  0.00000
 1.74133  0.00000
 1.81240  0.00000
 1.88348  0.00000
 1.95455  0.00000
 2.02563  0.00000
 2.09670  0.00000
 2.16778  0.00000
 2.23885  0.00000
 2.30993  0.00000
 2.38100  0.00000
 2.45208  0.00000
 2.52315  0.00000
 2.59423  0.00000
 2.66530  0.00004
 2.73638  0.00074
 2.80745  0.00651
 2.87852  0.03721
 2.94960  0.12477
 3.02067  0.30442
 3.09175  0.56762
 3.16282  0.87338
 3.23390  1.15977
 3.30497  1.38637
 3.37605  1.55746
 3.44712  1.66833
 3.51820  1.70665
 3.58927  1.65681
 3.66035  1.55260
 3.73142  1.42605
 3.80250  1.28074
 3.87357  1.12550
 3.94464  0.97825
 4.01572  0.87081
 4.08679  0.80120
 4.15787  0.77651
 4.22894  0.78202
 4.30002  0.81133
 4.37109  0.85246
 4.44217  0.89950
 4.51324  0.95450
 4.58432  1.00870
 4.65539  1.05637
 4.72647  1.08537
 4.79754  1.10294
 4.86862  1.10700
 4.93969  1.11138
 5.01077  1.10476
 5.08184  1.09640
 5.15291  1.08471
 5.22399  1.07514
 5.29506  1.06189
 5.36614  1.04936
 5.43721  1.03708
 5.50829  1.02998
 5.57936  1.02340
 5.65044  1.01407
 5.72151  1.00500
 5.79259  1.00046
 5.86366  0.99473
 5.93474  0.98860
 6.00581  0.97981
 6.07689  0.96985
 6.14796  0.95901
 6.21903  0.94950
 6.29011  0.94351
 6.36118  0.93278
 6.43226  0.92903
 6.50333  0.92570
 6.57441  0.92815
 6.64548  0.92862
 6.71656  0.93672
 6.78763  0.94286
 6.85871  0.95249
 6.92978  0.96452
 7.00086  0.97400
 7.07193  0.98772
 7.14301  0.99889
 7.21408  1.00893
 7.28515  1.01842
 7.35623  1.02702
 7.42730  1.03213
 7.49838  1.03563
 7.56945  1.03897
 7.64053  1.03914
 7.71160  1.03890
 7.78268  1.03615
 7.85375  1.03174
 7.92483  1.03115
 7.99590  1.02772
 8.06698  1.02144
 8.13805  1.01566
 8.20913  1.01388
 8.28020  1.01072
 8.35128  1.00652
 8.42235  1.00106
 8.49342  0.99707
 8.56450  0.99376
 8.63557  0.99255
 8.70665  0.99203
 8.77772  0.98790
 8.84880  0.98767
 8.91987  0.98679
 8.99095  0.98808
 9.06202  0.98630
 9.13310  0.98814
 9.20417  0.98851
 9.27525  0.99015
 9.34632  0.99186
 9.41740  0.99371
 9.48847  0.99404
 9.55954  0.99652
 9.63062  0.99806
 9.70169  0.99951
 9.77277  1.00091
 9.84384  1.00221
 9.91492  1.00173
 9.98599  1.00279
10.05707  1.00473
10.12814  1.00422
10.19922  1.00455
10.27029  1.00394
10.34137  1.00331
10.41244  1.00309
10.48352  1.00314
10.55459  1.00397
10.62566  1.00284
10.69674  1.00129
10.76781  1.00101
10.83889  1.00101
10.90996  1.00092
10.98104  0.99958
11.05211  1.00104
11.12319  0.99976
11.19426  1.00102
11.26534  1.00170
11.33641  1.00036
11.40749  1.00056
11.47856  1.00177
11.54964  1.00088
11.62071  1.00080
11.69179  1.00058
11.76286  0.99927
11.83393  1.00093
11.90501  1.00088
11.97608  1.00116
12.04716  1.00073
12.11823  1.00106
12.18931  1.00136
12.26038  1.00099
12.33146  1.00106
12.40253  1.00063
12.47361  1.00082
12.54468  1.00092
12.61576  1.00184
12.68683  1.00052
12.75791  1.00069
12.82898  1.00000
12.90005  1.00119
12.97113  1.00020
13.04220  1.00082
13.11328  1.00066
13.18435  1.00058
13.25543  1.00008
13.32650  1.00100
13.39758  0.99992
13.46865  1.00043
13.53973  1.00136
13.61080  0.99996
13.68188  1.00236
13.75295  1.00073
13.82403  1.00107
13.89510  1.00207
13.96617  1.00100
14.03725  1.00141
14.10832  1.00177
14.17940  1.00054
14.25047  1.00095
14.32155  1.00146
14.39262  1.00131
14.46370  1.00105
14.53477  1.00128
14.60585  1.00117
14.67692  1.00162
14.74800  1.00037
14.81907  1.00222
14.89015  1.00162
14.96122  1.00089
15.03230  0.99993
15.10337  1.00065
15.17444  1.00114
15.24552  1.00115
15.31659  1.00125
15.38767  1.00075
15.45874  1.00037
15.52982  1.00080
15.60089  1.00153
15.67197  1.00155
15.74304  1.00065
15.81412  1.00112
15.88519  1.00068
15.95627  1.00080
16.02734  1.00124
16.09842  1.00191
16.16949  1.00022
16.24056  1.00189
16.31164  1.00054
16.38271  1.00118
16.45379  1.00191
16.52486  1.00059
16.59594  1.00187
16.66701  1.00068
16.73809  1.00074
16.80916  1.00120
16.88024  1.00080
16.95131  1.00098
17.02239  1.00066
17.09346  1.00100
17.16454  1.00148
17.23561  1.00086
17.30668  1.00200
17.37776  1.00150
17.44883  1.00133
17.51991  1.00049
17.59098  1.00062
17.66206  1.00155
17.73313  1.00087
17.80421  1.00172
17.87528  1.00121
17.94636  1.00040
18.01743  1.00070
18.08851  1.00121
18.15958  1.00090
18.23066  1.00065
18.30173  1.00123
18.37281  1.00150
18.44388  1.00057
18.51495  1.00123
18.58603  1.00064
18.65710  1.00104
18.72818  1.00171
18.79925  1.00064
18.87033  1.00165
18.94140  1.00212
19.01248  1.00111
19.08355  1.00098
19.15463  1.00077
19.22570  1.00116
19.29678  1.00083
19.36785  1.00146
19.43893  1.00107
19.51000  1.00201
19.58107  1.00166
19.65215  1.00069
19.72322  1.00166
19.79430  1.00087
19.86537  1.00073
19.93645  1.00078
20.00752  1.00087
20.07860  1.00120
20.14967  1.00119
20.22075  1.00162
20.29182  1.00109
20.36290  1.00112
20.43397  1.00117
20.50505  1.00097
20.57612  1.00066
20.64719  1.00096
20.71827  1.00082
20.78934  1.00190
20.86042  1.00116
20.93149  1.00145
21.00257  1.00108
21.07364  1.00122
21.14472  1.00121
21.21579  1.00100
21.28687  1.00094
