 0.03554      inf      nan
 0.10661      inf      nan
 0.17769      inf      nan
 0.24876      inf      nan
 0.31984      inf      nan
 0.39091      inf      nan
 0.46199      inf      nan
 0.53306      inf      nan
 0.60413      inf      nan
 0.67521      inf      nan
 0.74628      inf      nan
 0.81736      inf      nan
 0.88843      inf      nan
 0.95951      inf      nan
 1.03058      inf      nan
 1.10166      inf      nan
 1.17273      inf      nan
 1.24381      inf      nan
 1.31488      inf      nan
 1.38596      inf      nan
 1.45703      inf      nan
 1.52811      inf      nan
 1.59918      inf      nan
 1.67026      inf      nan
 1.74133      inf      nan
 1.81240      inf      nan
 1.88348      inf      nan
 1.95455      inf      nan
 2.02563      inf      nan
 2.09670      inf      nan
 2.16778      inf      nan
 2.23885      inf      nan
 2.30993      inf      nan
 2.38100      inf      nan
 2.45208      inf      nan
 2.52315      inf      nan
 2.59423      inf      nan
 2.66530      inf      nan
 2.73638      inf      nan
 2.80745      inf      nan
 2.87852      inf      nan
 2.94960  4.20394  0.58668
 3.02067  2.45866  0.12222
 3.09175  1.78843  0.07412
 3.16282  1.36537  0.05391
 3.23390  0.89069  0.03166
 3.30497  0.63979  0.02647
 3.37605  0.43456  0.02210
 3.44712  0.26404  0.01708
 3.51820  0.15622  0.01751
 3.58927  0.03176  0.01518
 3.66035 -0.03960  0.01427
 3.73142 -0.07973  0.01218
 3.80250 -0.15764  0.01309
 3.87357 -0.17129  0.01173
 3.94464 -0.21810  0.01140
 4.01572 -0.25343  0.01140
 4.08679 -0.28185  0.01139
 4.15787 -0.33007  0.01024
 4.22894 -0.32555  0.00912
 4.30002 -0.34374  0.00601
 4.37109 -0.37004  0.00908
 4.44217 -0.37243  0.00924
 4.51324 -0.37103  0.00873
 4.58432 -0.36737  0.00920
 4.65539 -0.36912  0.00881
 4.72647 -0.33867  0.00863
 4.79754 -0.33540  0.00853
 4.86862 -0.31146  0.00817
 4.93969 -0.31653  0.00894
 5.01077 -0.27495  0.00849
 5.08184 -0.26483  0.00941
 5.15291 -0.24024  0.00866
 5.22399 -0.23143  0.00776
 5.29506 -0.21342  0.00900
 5.36614 -0.20456  0.00834
 5.43721 -0.18982  0.00870
 5.50829 -0.20629  0.00847
 5.57936 -0.19229  0.00839
 5.65044 -0.21896  0.00797
 5.72151 -0.20937  0.00838
 5.79259 -0.19648  0.00772
 5.86366 -0.18881  0.00760
 5.93474 -0.17158  0.00792
 6.00581 -0.18161  0.00734
 6.07689 -0.16010  0.00768
 6.14796 -0.15200  0.00794
 6.21903 -0.14444  0.00765
 6.29011 -0.14198  0.00781
 6.36118 -0.13655  0.00809
 6.43226 -0.13796  0.00771
 6.50333 -0.12932  0.00704
 6.57441 -0.11208  0.00655
 6.64548 -0.11649  0.00761
 6.71656 -0.10955  0.00721
 6.78763 -0.12234  0.00717
 6.85871 -0.10738  0.00673
 6.92978 -0.10325  0.00721
 7.00086 -0.10366  0.00679
 7.07193 -0.09438  0.00595
 7.14301 -0.08058  0.00679
 7.21408 -0.08058  0.00690
 7.28515 -0.08088  0.00651
 7.35623 -0.08133  0.00647
 7.42730 -0.06238  0.00691
 7.49838 -0.06742  0.00712
 7.56945 -0.06255  0.00576
 7.64053 -0.06225  0.00632
 7.71160 -0.05929  0.00594
 7.78268 -0.05867  0.00657
 7.85375 -0.05847  0.00615
 7.92483 -0.06887  0.00635
 7.99590 -0.07526  0.00625
 8.06698 -0.07158  0.00591
 8.13805 -0.06792  0.00601
 8.20913 -0.06535  0.00602
 8.28020 -0.07690  0.00620
 8.35128 -0.07268  0.00550
 8.42235 -0.06162  0.00604
 8.49342 -0.07072  0.00511
 8.56450 -0.07925  0.00574
 8.63557 -0.07981  0.00587
 8.70665 -0.06163  0.00610
 8.77772 -0.06754  0.00590
 8.84880 -0.06513  0.00579
 8.91987 -0.06696  0.00577
 8.99095 -0.06551  0.00570
 9.06202 -0.05980  0.00547
 9.13310 -0.05358  0.00509
 9.20417 -0.05746  0.00557
 9.27525 -0.05044  0.00530
 9.34632 -0.03817  0.00526
 9.41740 -0.05400  0.00513
 9.48847 -0.03842  0.00584
 9.55954 -0.04670  0.00533
 9.63062 -0.03298  0.00505
 9.70169 -0.03707  0.00542
 9.77277 -0.03404  0.00554
 9.84384 -0.03812  0.00493
 9.91492 -0.03239  0.00539
 9.98599 -0.03882  0.00510
10.05707 -0.03693  0.00517
10.12814 -0.01865  0.00530
10.19922 -0.02659  0.00507
10.27029 -0.02823  0.00465
10.34137 -0.02476  0.00514
10.41244 -0.02196  0.00498
10.48352 -0.02873  0.00413
10.55459 -0.03134  0.00436
10.62566 -0.02322  0.00408
10.69674 -0.03109  0.00519
10.76781 -0.01926  0.00509
10.83889 -0.02506  0.00483
10.90996 -0.01552  0.00533
10.98104 -0.02938  0.00505
11.05211 -0.02509  0.00442
11.12319 -0.02198  0.00460
11.19426 -0.03180  0.00453
11.26534 -0.02728  0.00452
11.33641 -0.01999  0.00439
11.40749 -0.01320  0.00465
11.47856 -0.01550  0.00481
11.54964 -0.02349  0.00478
11.62071 -0.02665  0.00479
11.69179 -0.01877  0.00444
11.76286 -0.01791  0.00434
11.83393 -0.02207  0.00427
11.90501 -0.01888  0.00433
11.97608 -0.02099  0.00375
12.04716 -0.01498  0.00434
12.11823 -0.02196  0.00411
12.18931 -0.01392  0.00398
12.26038 -0.01645  0.00378
12.33146 -0.01112  0.00401
12.40253 -0.01293  0.00429
12.47361 -0.01261  0.00422
12.54468 -0.02143  0.00425
12.61576 -0.01700  0.00400
12.68683 -0.00778  0.00436
12.75791 -0.00573  0.00441
12.82898 -0.00878  0.00398
12.90005 -0.00723  0.00396
12.97113 -0.00644  0.00376
13.04220 -0.01006  0.00350
13.11328 -0.00382  0.00371
13.18435 -0.01124  0.00347
13.25543 -0.01000  0.00352
13.32650 -0.00663  0.00354
13.39758 -0.00500  0.00396
13.46865 -0.01057  0.00388
13.53973 -0.01317  0.00394
13.61080 -0.01312  0.00369
13.68188 -0.00550  0.00365
13.75295 -0.00046  0.00372
13.82403 -0.00926  0.00388
13.89510 -0.00908  0.00380
13.96617 -0.00942  0.00356
14.03725 -0.00156  0.00372
14.10832 -0.00282  0.00385
14.17940 -0.00302  0.00386
14.25047 -0.00415  0.00325
14.32155  0.00066  0.00356
14.39262 -0.00950  0.00319
14.46370 -0.00594  0.00333
14.53477 -0.00937  0.00368
14.60585 -0.00578  0.00363
14.67692 -0.00322  0.00350
14.74800 -0.00125  0.00349
14.81907 -0.00197  0.00365
14.89015 -0.00194  0.00326
14.96122 -0.00464  0.00335
15.03230 -0.00392  0.00323
15.10337 -0.00133  0.00314
15.17444  0.00853  0.00321
15.24552 -0.00369  0.00353
15.31659 -0.00047  0.00357
15.38767 -0.00283  0.00325
15.45874  0.00198  0.00325
15.52982 -0.00389  0.00302
15.60089  0.00403  0.00334
15.67197 -0.00277  0.00301
15.74304  0.00162  0.00329
15.81412  0.00596  0.00315
15.88519  0.00013  0.00331
15.95627  0.00202  0.00332
16.02734 -0.00125  0.00312
16.09842  0.00292  0.00268
16.16949 -0.00268  0.00327
16.24056  0.00277  0.00330
16.31164  0.00277  0.00333
16.38271  0.00071  0.00304
16.45379  0.00382  0.00340
16.52486  0.00581  0.00295
16.59594  0.00530  0.00300
16.66701  0.00571  0.00306
16.73809  0.00886  0.00305
16.80916  0.00126  0.00325
16.88024  0.00303  0.00303
16.95131  0.00806  0.00320
17.02239  0.00067  0.00322
17.09346  0.00391  0.00276
17.16454  0.00403  0.00304
17.23561  0.00840  0.00303
17.30668 -0.00123  0.00275
17.37776  0.00410  0.00284
17.44883  0.00483  0.00282
17.51991  0.00466  0.00271
17.59098  0.00261  0.00292
17.66206  0.00529  0.00285
17.73313  0.00769  0.00283
17.80421  0.00819  0.00283
17.87528  0.00474  0.00284
17.94636  0.00233  0.00282
18.01743  0.00591  0.00274
18.08851  0.00403  0.00309
18.15958  0.00835  0.00268
18.23066  0.00653  0.00311
18.30173  0.00738  0.00278
18.37281  0.00537  0.00286
18.44388  0.00589  0.00280
18.51495  0.00270  0.00262
18.58603  0.00529  0.00281
18.65710  0.00380  0.00252
18.72818  0.00779  0.00288
18.79925  0.00583  0.00292
18.87033  0.00385  0.00255
18.94140  0.00832  0.00256
19.01248  0.00875  0.00290
19.08355  0.01411  0.00258
19.15463  0.00981  0.00274
19.22570  0.00988  0.00255
19.29678  0.00972  0.00290
19.36785  0.01070  0.00268
19.43893  0.00206  0.00228
19.51000  0.00886  0.00264
19.58107  0.00851  0.00217
19.65215  0.00383  0.00244
19.72322  0.01260  0.00271
19.79430  0.00780  0.00239
19.86537  0.01081  0.00263
19.93645  0.00445  0.00280
20.00752  0.00543  0.00226
20.07860  0.00853  0.00267
20.14967  0.00597  0.00251
20.22075  0.00700  0.00266
20.29182  0.00389  0.00262
20.36290  0.00690  0.00255
20.43397  0.00523  0.00261
20.50505  0.00766  0.00266
20.57612  0.00625  0.00246
20.64719  0.00656  0.00231
20.71827  0.00718  0.00240
20.78934  0.00950  0.00218
20.86042  0.00563  0.00274
20.93149  0.01004  0.00264
21.00257  0.00372  0.00231
21.07364  0.00471  0.00260
21.14472  0.00686  0.00276
21.21579  0.00719  0.00244
21.28687  0.00684  0.00219
