 0.03554      inf
 0.10661      inf
 0.17769      inf
 0.24876      inf
 0.31984      inf
 0.39091      inf
 0.46199      inf
 0.53306      inf
 0.60413      inf
 0.67521      inf
 0.74628      inf
 0.81736      inf
 0.88843      inf
 0.95951      inf
 1.03058      inf
 1.10166      inf
 1.17273      inf
 1.24381      inf
 1.31488      inf
 1.38596      inf
 1.45703      inf
 1.52811      inf
 1.59918      inf
 1.67026      inf
 1.74133      inf
 1.81240      inf
 1.88348      inf
 1.95455      inf
 2.02563      inf
 2.09670      inf
 2.16778      inf
 2.23885      inf
 2.30993      inf
 2.38100      inf
 2.45208      inf
 2.52315      inf
 2.59423      inf
 2.66530  6.05805
 2.73638  4.26608
 2.80745  2.98075
 2.87852  1.94840
 2.94960  1.23212
 3.02067  0.70409
 3.09175  0.33525
 3.16282  0.08015
 3.23390 -0.08775
 3.30497 -0.19340
 3.37605 -0.26229
 3.44712 -0.30300
 3.51820 -0.31644
 3.58927 -0.29890
 3.66035 -0.26044
 3.73142 -0.21011
 3.80250 -0.14648
 3.87357 -0.06999
 3.94464  0.01302
 4.01572  0.08189
 4.08679  0.13121
 4.15787  0.14975
 4.22894  0.14555
 4.30002  0.12377
 4.37109  0.09450
 4.44217  0.06271
 4.51324  0.02757
 4.58432 -0.00513
 4.65539 -0.03247
 4.72647 -0.04849
 4.79754 -0.05801
 4.86862 -0.06018
 4.93969 -0.06252
 5.01077 -0.05898
 5.08184 -0.05448
 5.15291 -0.04814
 5.22399 -0.04289
 5.29506 -0.03555
 5.36614 -0.02852
 5.43721 -0.02155
 5.50829 -0.01749
 5.57936 -0.01370
 5.65044 -0.00827
 5.72151 -0.00295
 5.79259 -0.00027
 5.86366  0.00313
 5.93474  0.00679
 6.00581  0.01208
 6.07689  0.01813
 6.14796  0.02478
 6.21903  0.03068
 6.29011  0.03443
 6.36118  0.04120
 6.43226  0.04358
 6.50333  0.04571
 6.57441  0.04414
 6.64548  0.04384
 6.71656  0.03870
 6.78763  0.03483
 6.85871  0.02882
 6.92978  0.02139
 7.00086  0.01559
 7.07193  0.00731
 7.14301  0.00065
 7.21408 -0.00526
 7.28515 -0.01080
 7.35623 -0.01578
 7.42730 -0.01872
 7.49838 -0.02073
 7.56945 -0.02263
 7.64053 -0.02273
 7.71160 -0.02259
 7.78268 -0.02102
 7.85375 -0.01850
 7.92483 -0.01816
 7.99590 -0.01619
 8.06698 -0.01256
 8.13805 -0.00920
 8.20913 -0.00816
 8.28020 -0.00631
 8.35128 -0.00385
 8.42235 -0.00062
 8.49342  0.00174
 8.56450  0.00371
 8.63557  0.00443
 8.70665  0.00474
 8.77772  0.00721
 8.84880  0.00735
 8.91987  0.00787
 8.99095  0.00710
 9.06202  0.00816
 9.13310  0.00706
 9.20417  0.00684
 9.27525  0.00586
 9.34632  0.00484
 9.41740  0.00374
 9.48847  0.00354
 9.55954  0.00207
 9.63062  0.00115
 9.70169  0.00029
 9.77277 -0.00054
 9.84384 -0.00130
 9.91492 -0.00102
 9.98599 -0.00165
10.05707 -0.00279
10.12814 -0.00249
10.19922 -0.00269
10.27029 -0.00233
10.34137 -0.00196
10.41244 -0.00183
10.48352 -0.00186
10.55459 -0.00235
10.62566 -0.00168
10.69674 -0.00077
10.76781 -0.00060
10.83889 -0.00060
10.90996 -0.00054
10.98104  0.00025
11.05211 -0.00062
11.12319  0.00014
11.19426 -0.00060
11.26534 -0.00101
11.33641 -0.00021
11.40749 -0.00033
11.47856 -0.00105
11.54964 -0.00052
11.62071 -0.00047
11.69179 -0.00034
11.76286  0.00043
11.83393 -0.00055
11.90501 -0.00052
11.97608 -0.00069
12.04716 -0.00043
12.11823 -0.00063
12.18931 -0.00080
12.26038 -0.00059
12.33146 -0.00063
12.40253 -0.00037
12.47361 -0.00049
12.54468 -0.00055
12.61576 -0.00109
12.68683 -0.00031
12.75791 -0.00041
12.82898  0.00000
12.90005 -0.00071
12.97113 -0.00012
13.04220 -0.00049
13.11328 -0.00039
13.18435 -0.00035
13.25543 -0.00005
13.32650 -0.00059
13.39758  0.00005
13.46865 -0.00025
13.53973 -0.00080
13.61080  0.00003
13.68188 -0.00140
13.75295 -0.00043
13.82403 -0.00063
13.89510 -0.00122
13.96617 -0.00059
14.03725 -0.00083
14.10832 -0.00105
14.17940 -0.00032
14.25047 -0.00056
14.32155 -0.00087
14.39262 -0.00078
14.46370 -0.00062
14.53477 -0.00076
14.60585 -0.00069
14.67692 -0.00096
14.74800 -0.00022
14.81907 -0.00132
14.89015 -0.00096
14.96122 -0.00053
15.03230  0.00004
15.10337 -0.00038
15.17444 -0.00067
15.24552 -0.00068
15.31659 -0.00074
15.38767 -0.00045
15.45874 -0.00022
15.52982 -0.00047
15.60089 -0.00091
15.67197 -0.00092
15.74304 -0.00039
15.81412 -0.00066
15.88519 -0.00041
15.95627 -0.00047
16.02734 -0.00074
16.09842 -0.00113
16.16949 -0.00013
16.24056 -0.00112
16.31164 -0.00032
16.38271 -0.00070
16.45379 -0.00113
16.52486 -0.00035
16.59594 -0.00111
16.66701 -0.00040
16.73809 -0.00044
16.80916 -0.00071
16.88024 -0.00047
16.95131 -0.00058
17.02239 -0.00039
17.09346 -0.00059
17.16454 -0.00088
17.23561 -0.00051
17.30668 -0.00118
17.37776 -0.00089
17.44883 -0.00079
17.51991 -0.00029
17.59098 -0.00037
17.66206 -0.00092
17.73313 -0.00051
17.80421 -0.00101
17.87528 -0.00071
17.94636 -0.00024
18.01743 -0.00041
18.08851 -0.00072
18.15958 -0.00054
18.23066 -0.00038
18.30173 -0.00073
18.37281 -0.00089
18.44388 -0.00034
18.51495 -0.00073
18.58603 -0.00038
18.65710 -0.00062
18.72818 -0.00101
18.79925 -0.00038
18.87033 -0.00097
18.94140 -0.00125
19.01248 -0.00066
19.08355 -0.00058
19.15463 -0.00045
19.22570 -0.00069
19.29678 -0.00049
19.36785 -0.00086
19.43893 -0.00063
19.51000 -0.00119
19.58107 -0.00098
19.65215 -0.00041
19.72322 -0.00098
19.79430 -0.00051
19.86537 -0.00043
19.93645 -0.00046
20.00752 -0.00051
20.07860 -0.00071
20.14967 -0.00070
20.22075 -0.00096
20.29182 -0.00064
20.36290 -0.00066
20.43397 -0.00069
20.50505 -0.00058
20.57612 -0.00039
20.64719 -0.00057
20.71827 -0.00048
20.78934 -0.00112
20.86042 -0.00069
20.93149 -0.00086
21.00257 -0.00064
21.07364 -0.00072
21.14472 -0.00072
21.21579 -0.00059
21.28687 -0.00056
