 0.03554      inf
 0.10661      inf
 0.17769      inf
 0.24876      inf
 0.31984      inf
 0.39091      inf
 0.46199      inf
 0.53306      inf
 0.60413      inf
 0.67521      inf
 0.74628      inf
 0.81736      inf
 0.88843      inf
 0.95951      inf
 1.03058      inf
 1.10166      inf
 1.17273      inf
 1.24381      inf
 1.31488      inf
 1.38596      inf
 1.45703      inf
 1.52811      inf
 1.59918      inf
 1.67026      inf
 1.74133      inf
 1.81240      inf
 1.88348      inf
 1.95455      inf
 2.02563      inf
 2.09670      inf
 2.16778      inf
 2.23885      inf
 2.30993      inf
 2.38100      inf
 2.45208      inf
 2.52315      inf
 2.59423  6.02605
 2.66530  4.53960
 2.73638  3.05144
 2.80745  1.96151
 2.87852  1.23064
 2.94960  0.73378
 3.02067  0.42149
 3.09175  0.23792
 3.16282  0.12711
 3.23390  0.06676
 3.30497  0.02363
 3.37605 -0.01062
 3.44712 -0.04018
 3.51820 -0.07243
 3.58927 -0.11034
 3.66035 -0.14088
 3.73142 -0.16264
 3.80250 -0.16775
 3.87357 -0.15820
 3.94464 -0.13892
 4.01572 -0.11080
 4.08679 -0.07992
 4.15787 -0.05276
 4.22894 -0.02750
 4.30002 -0.01107
 4.37109  0.00064
 4.44217  0.00887
 4.51324  0.01509
 4.58432  0.01547
 4.65539  0.01808
 4.72647  0.01528
 4.79754  0.01335
 4.86862  0.01043
 4.93969  0.00467
 5.01077 -0.00189
 5.08184 -0.01097
 5.15291 -0.01796
 5.22399 -0.02578
 5.29506 -0.02833
 5.36614 -0.02886
 5.43721 -0.02354
 5.50829 -0.01680
 5.57936 -0.00924
 5.65044 -0.00275
 5.72151  0.00229
 5.79259  0.00598
 5.86366  0.00660
 5.93474  0.00897
 6.00581  0.00889
 6.07689  0.00464
 6.14796  0.00535
 6.21903  0.00397
 6.29011  0.00294
 6.36118  0.00307
 6.43226  0.00327
 6.50333  0.00178
 6.57441  0.00272
 6.64548  0.00239
 6.71656  0.00531
 6.78763  0.00526
 6.85871  0.00563
 6.92978  0.00485
 7.00086  0.00611
 7.07193  0.00444
 7.14301  0.00250
 7.21408  0.00273
 7.28515  0.00198
 7.35623  0.00047
 7.42730 -0.00070
 7.49838 -0.00130
 7.56945 -0.00143
 7.64053 -0.00350
 7.71160 -0.00417
 7.78268 -0.00574
 7.85375 -0.00688
 7.92483 -0.00736
 7.99590 -0.00711
 8.06698 -0.00601
 8.13805 -0.00702
 8.20913 -0.00570
 8.28020 -0.00515
 8.35128 -0.00453
 8.42235 -0.00262
 8.49342 -0.00266
 8.56450 -0.00193
 8.63557 -0.00183
 8.70665 -0.00109
 8.77772 -0.00016
 8.84880  0.00175
 8.91987  0.00093
 8.99095  0.00054
 9.06202  0.00181
 9.13310  0.00183
 9.20417  0.00164
 9.27525  0.00216
 9.34632  0.00266
 9.41740  0.00202
 9.48847  0.00191
 9.55954  0.00207
 9.63062  0.00118
 9.70169  0.00050
 9.77277  0.00134
 9.84384  0.00105
 9.91492  0.00117
 9.98599  0.00037
10.05707  0.00029
10.12814 -0.00026
10.19922 -0.00066
10.27029 -0.00014
10.34137 -0.00025
10.41244 -0.00046
10.48352 -0.00094
10.55459 -0.00111
10.62566 -0.00072
10.69674 -0.00115
10.76781 -0.00047
10.83889 -0.00165
10.90996 -0.00100
10.98104 -0.00105
11.05211 -0.00164
11.12319 -0.00181
11.19426 -0.00078
11.26534 -0.00119
11.33641 -0.00083
11.40749 -0.00096
11.47856 -0.00065
11.54964 -0.00115
11.62071 -0.00102
11.69179 -0.00107
11.76286 -0.00063
11.83393 -0.00070
11.90501 -0.00089
11.97608 -0.00068
12.04716 -0.00052
12.11823 -0.00036
12.18931 -0.00076
12.26038 -0.00031
12.33146 -0.00034
12.40253 -0.00020
12.47361  0.00031
12.54468 -0.00000
12.61576 -0.00040
12.68683 -0.00001
12.75791 -0.00052
12.82898 -0.00045
12.90005 -0.00049
12.97113 -0.00034
13.04220 -0.00086
13.11328 -0.00063
13.18435 -0.00100
13.25543 -0.00017
13.32650 -0.00085
13.39758 -0.00014
13.46865 -0.00130
13.53973 -0.00070
13.61080 -0.00028
13.68188 -0.00035
13.75295 -0.00100
13.82403 -0.00089
13.89510 -0.00105
13.96617 -0.00067
14.03725 -0.00073
14.10832 -0.00048
14.17940 -0.00020
14.25047 -0.00085
14.32155 -0.00050
14.39262 -0.00085
14.46370 -0.00094
14.53477 -0.00114
14.60585 -0.00060
14.67692 -0.00098
14.74800 -0.00049
14.81907 -0.00048
14.89015 -0.00115
14.96122 -0.00045
15.03230 -0.00035
15.10337 -0.00033
15.17444 -0.00035
15.24552 -0.00022
15.31659 -0.00086
15.38767 -0.00065
15.45874 -0.00052
15.52982 -0.00055
15.60089 -0.00075
15.67197 -0.00090
15.74304 -0.00077
15.81412 -0.00047
15.88519 -0.00123
15.95627 -0.00068
16.02734 -0.00053
16.09842 -0.00061
16.16949 -0.00017
16.24056 -0.00076
16.31164 -0.00073
16.38271 -0.00012
16.45379 -0.00036
16.52486 -0.00066
16.59594 -0.00092
16.66701 -0.00036
16.73809 -0.00079
16.80916 -0.00035
16.88024 -0.00058
16.95131 -0.00053
17.02239 -0.00067
17.09346 -0.00091
17.16454 -0.00052
17.23561 -0.00127
17.30668 -0.00090
17.37776 -0.00100
17.44883 -0.00084
17.51991 -0.00090
17.59098 -0.00081
17.66206 -0.00067
17.73313 -0.00085
17.80421 -0.00131
17.87528 -0.00087
17.94636 -0.00082
18.01743 -0.00034
18.08851 -0.00103
18.15958 -0.00089
18.23066 -0.00023
18.30173 -0.00005
18.37281 -0.00044
18.44388 -0.00055
18.51495 -0.00027
18.58603 -0.00064
18.65710 -0.00110
18.72818 -0.00051
18.79925 -0.00083
18.87033 -0.00108
18.94140 -0.00072
19.01248 -0.00074
19.08355 -0.00095
19.15463 -0.00079
19.22570 -0.00046
19.29678 -0.00077
19.36785 -0.00085
19.43893 -0.00066
19.51000 -0.00045
19.58107 -0.00071
19.65215 -0.00062
19.72322 -0.00048
19.79430 -0.00059
19.86537 -0.00073
19.93645 -0.00035
20.00752 -0.00047
20.07860 -0.00066
20.14967 -0.00072
20.22075 -0.00052
20.29182 -0.00082
20.36290 -0.00070
20.43397 -0.00111
20.50505 -0.00080
20.57612 -0.00050
20.64719 -0.00098
20.71827 -0.00039
20.78934 -0.00054
20.86042 -0.00085
20.93149 -0.00134
21.00257 -0.00031
21.07364 -0.00080
21.14472 -0.00086
21.21579 -0.00072
21.28687 -0.00043
