multipole   421  423                    1.76747
                                        0.00000    0.00000    0.30141
                                        0.07323
                                        0.00000    0.07323
                                        0.00000    0.00000   -0.14646
multipole   422  421  423              -0.79566
                                       -0.00902    0.00000    0.00361
                                       -0.23354
                                        0.00000   -0.29128
                                        0.00959    0.00000    0.52482
multipole   423  424  421              -0.54134
                                       -0.01626    0.00000    0.26863
                                       -0.10069
                                        0.00000   -0.60175
                                       -0.16121    0.00000    0.70244
multipole   424  423                    0.10262
                                        0.00000    0.00000    0.04416
                                       -0.37847
                                        0.00000   -0.37847
                                        0.00000    0.00000    0.75694
multipole   425  424  423               0.01941
                                        0.01067    0.00000   -0.14098
                                        0.04239
                                        0.00000    0.06614
                                       -0.08113    0.00000   -0.10653
