multipole   451  452                   -0.03020
                                        0.00000    0.00000    0.44097
                                       -0.47059
                                        0.00000   -0.47059
                                        0.00000    0.00000    0.94118
# [452] = [[2]]
multipole   452  451                    0.13002
                                        0.00000    0.00000    0.08689
                                       -0.12954
                                        0.00000   -0.12954
                                        0.00000    0.00000    0.25908
# [453] = [[3, 4, 5]]
multipole   453  452  451               0.19356
                                        0.04232    0.00000   -0.15075
                                        0.02906
                                        0.00000    0.00247
                                        0.01555    0.00000   -0.03153
# [454] = [[6, 7, 8]]
multipole   454  451  452               0.10650
                                        0.00312    0.00000   -0.07874
                                        0.00340
                                        0.00000    0.02721
                                       -0.01603    0.00000   -0.03061
