 0.03550  0.00000      nan
 0.10649  0.00000      nan
 0.17749  0.00000      nan
 0.24848  0.00000      nan
 0.31947  0.00000      nan
 0.39047  0.00000      nan
 0.46146  0.00000      nan
 0.53246  0.00000      nan
 0.60345  0.00000      nan
 0.67445  0.00000      nan
 0.74544  0.00000      nan
 0.81643  0.00000      nan
 0.88743  0.00000      nan
 0.95842  0.00000      nan
 1.02942  0.00000      nan
 1.10041  0.00000      nan
 1.17141  0.00000      nan
 1.24240  0.00000      nan
 1.31340  0.00000      nan
 1.38439  0.00000      nan
 1.45538  0.00000      nan
 1.52638  0.00000      nan
 1.59737  0.00000      nan
 1.66837  0.00000      nan
 1.73936  0.00000      nan
 1.81036  0.00000      nan
 1.88135  0.00000      nan
 1.95234  0.00000      nan
 2.02334  0.00000      nan
 2.09433  0.00000      nan
 2.16533  0.00000      nan
 2.23632  0.00000      nan
 2.30732  0.00000      nan
 2.37831  0.00000      nan
 2.44930  0.00277  0.00067
 2.52030  0.03283  0.00308
 2.59129  0.21558  0.01090
 2.66229  0.68423  0.02473
 2.73328  1.24068  0.03966
 2.80428  1.43580  0.04123
 2.87527  1.33264  0.03651
 2.94627  1.10575  0.02921
 3.01726  0.98890  0.02543
 3.08825  0.87417  0.02195
 3.15925  0.84299  0.02071
 3.23024  0.85525  0.02071
 3.30124  0.89154  0.02113
 3.37223  0.93331  0.02152
 3.44323  0.98167  0.02212
 3.51422  1.06089  0.02223
 3.58521  1.10429  0.02252
 3.65621  1.16389  0.02331
 3.72720  1.20470  0.02309
 3.79820  1.26443  0.02324
 3.86919  1.29544  0.02306
 3.94019  1.36114  0.02368
 4.01118  1.38123  0.02308
 4.08217  1.42847  0.02273
 4.15317  1.46970  0.02329
 4.22416  1.51073  0.02241
 4.29516  1.55525  0.02325
 4.36615  1.59603  0.02259
 4.43715  1.62256  0.02223
 4.50814  1.67731  0.02210
 4.57913  1.69860  0.02189
 4.65013  1.76194  0.02259
 4.72112  1.81436  0.02331
 4.79212  1.86670  0.02384
 4.86311  1.88220  0.02432
 4.93411  1.81694  0.02280
 5.00510  1.72857  0.02183
 5.07610  1.62713  0.02033
 5.14709  1.52121  0.01899
 5.21808  1.47387  0.01807
 5.28908  1.43246  0.01754
 5.36007  1.40612  0.01708
 5.43107  1.37923  0.01670
 5.50206  1.36508  0.01683
 5.57306  1.34067  0.01579
 5.64405  1.32484  0.01552
 5.71504  1.31737  0.01548
 5.78604  1.30923  0.01521
 5.85703  1.30491  0.01507
 5.92803  1.28877  0.01505
 5.99902  1.28884  0.01478
 6.07002  1.27793  0.01484
 6.14101  1.27982  0.01439
 6.21200  1.27189  0.01439
 6.28300  1.26340  0.01408
 6.35399  1.26085  0.01396
 6.42499  1.25190  0.01377
 6.49598  1.23207  0.01345
 6.56698  1.23259  0.01282
 6.63797  1.23501  0.01301
 6.70897  1.23563  0.01301
 6.77996  1.23668  0.01276
 6.85095  1.23720  0.01250
 6.92195  1.22531  0.01210
 6.99294  1.22088  0.01212
 7.06394  1.21296  0.01196
 7.13493  1.20516  0.01175
 7.20593  1.18439  0.01152
 7.27692  1.17124  0.01155
 7.34791  1.15126  0.01132
 7.41891  1.13939  0.01147
 7.48990  1.12592  0.01126
 7.56090  1.11895  0.01074
 7.63189  1.10676  0.01112
 7.70289  1.09494  0.01081
 7.77388  1.09179  0.01056
 7.84487  1.09411  0.01078
 7.91587  1.08608  0.01039
 7.98686  1.09491  0.01022
 8.05786  1.09449  0.01037
 8.12885  1.10457  0.01033
 8.19985  1.09775  0.01007
 8.27084  1.10623  0.00982
 8.34183  1.11034  0.00965
 8.41283  1.11184  0.00973
 8.48382  1.11232  0.00971
 8.55482  1.11546  0.00973
 8.62581  1.11140  0.00963
 8.69681  1.10767  0.00943
 8.76780  1.10559  0.00928
 8.83880  1.10472  0.00927
 8.90979  1.09498  0.00923
 8.98078  1.09463  0.00907
 9.05178  1.08523  0.00899
 9.12277  1.08250  0.00871
 9.19377  1.07544  0.00885
 9.26476  1.07292  0.00898
 9.33576  1.06421  0.00893
 9.40675  1.05895  0.00882
 9.47774  1.04664  0.00871
 9.54874  1.05232  0.00869
 9.61973  1.03780  0.00861
 9.69073  1.04161  0.00869
 9.76172  1.03891  0.00859
 9.83272  1.03284  0.00842
 9.90371  1.02796  0.00838
 9.97470  1.02778  0.00846
10.04570  1.02694  0.00832
10.11669  1.03000  0.00824
10.18769  1.02759  0.00816
10.25868  1.02532  0.00818
10.32968  1.02170  0.00790
10.40067  1.02001  0.00802
10.47167  1.01759  0.00788
10.54266  1.01714  0.00770
10.61365  1.01490  0.00780
10.68465  1.01289  0.00738
10.75564  1.01063  0.00756
10.82664  1.00912  0.00733
10.89763  1.00209  0.00730
10.96863  1.00219  0.00740
11.03962  0.99871  0.00709
11.11061  0.99363  0.00708
11.18161  0.99131  0.00700
11.25260  0.99163  0.00708
11.32360  0.99018  0.00700
11.39459  0.99016  0.00681
11.46559  0.98744  0.00689
11.53658  0.98747  0.00675
11.60757  0.98730  0.00662
11.67857  0.98690  0.00674
11.74956  0.98408  0.00662
11.82056  0.98202  0.00645
11.89155  0.98718  0.00636
11.96255  0.98648  0.00651
12.03354  0.98060  0.00649
12.10453  0.99007  0.00654
12.17553  0.98176  0.00617
12.24652  0.98315  0.00648
12.31752  0.98240  0.00633
12.38851  0.98155  0.00632
12.45951  0.97875  0.00628
12.53050  0.97822  0.00635
12.60150  0.97432  0.00616
12.67249  0.97561  0.00629
12.74348  0.98329  0.00626
12.81448  0.97237  0.00625
12.88547  0.97457  0.00618
12.95647  0.96789  0.00600
13.02746  0.97189  0.00598
13.09846  0.97074  0.00596
13.16945  0.96595  0.00598
13.24044  0.96714  0.00599
13.31144  0.97078  0.00602
13.38243  0.96798  0.00597
13.45343  0.96171  0.00577
13.52442  0.96236  0.00580
13.59542  0.96522  0.00577
13.66641  0.95716  0.00580
13.73740  0.96187  0.00588
13.80840  0.95997  0.00568
13.87939  0.96142  0.00577
13.95039  0.95643  0.00562
14.02138  0.95657  0.00559
14.09238  0.95917  0.00547
14.16337  0.95759  0.00548
14.23437  0.95727  0.00550
14.30536  0.95169  0.00534
14.37635  0.95712  0.00527
14.44735  0.95691  0.00532
14.51834  0.95714  0.00534
14.58934  0.95591  0.00524
14.66033  0.95527  0.00517
14.73133  0.95845  0.00518
14.80232  0.95977  0.00507
14.87331  0.95993  0.00504
14.94431  0.95878  0.00511
15.01530  0.95905  0.00500
15.08630  0.95795  0.00507
15.15729  0.95655  0.00492
15.22829  0.96309  0.00497
15.29928  0.95819  0.00479
15.37027  0.95659  0.00478
15.44127  0.96154  0.00465
15.51226  0.96272  0.00466
15.58326  0.96091  0.00465
15.65425  0.96230  0.00463
15.72525  0.96475  0.00463
15.79624  0.96294  0.00453
15.86723  0.96203  0.00455
15.93823  0.96555  0.00448
16.00922  0.96053  0.00453
16.08022  0.96840  0.00455
16.15121  0.96843  0.00438
16.22221  0.96541  0.00437
16.29320  0.96530  0.00432
16.36420  0.96675  0.00430
16.43519  0.96825  0.00431
16.50618  0.96870  0.00440
16.57718  0.97107  0.00436
16.64817  0.97392  0.00427
16.71917  0.97545  0.00438
16.79016  0.97128  0.00426
16.86116  0.97100  0.00426
16.93215  0.97133  0.00430
17.00314  0.97044  0.00427
17.07414  0.96979  0.00421
17.14513  0.97489  0.00422
17.21613  0.97440  0.00406
17.28712  0.97801  0.00415
17.35812  0.97668  0.00414
17.42911  0.97843  0.00405
17.50010  0.97703  0.00401
17.57110  0.97742  0.00398
17.64209  0.97851  0.00391
17.71309  0.97896  0.00387
17.78408  0.97758  0.00390
17.85508  0.98212  0.00390
17.92607  0.97848  0.00388
17.99707  0.98063  0.00390
18.06806  0.98163  0.00388
18.13905  0.98185  0.00383
18.21005  0.98431  0.00384
18.28104  0.98428  0.00383
18.35204  0.98277  0.00384
18.42303  0.98596  0.00389
18.49403  0.98677  0.00395
18.56502  0.98294  0.00384
18.63601  0.98601  0.00378
18.70701  0.98501  0.00386
18.77800  0.98542  0.00389
18.84900  0.98974  0.00387
18.91999  0.98982  0.00392
18.99099  0.98610  0.00390
19.06198  0.98877  0.00387
19.13297  0.98992  0.00388
19.20397  0.98716  0.00395
19.27496  0.99011  0.00388
19.34596  0.99362  0.00376
19.41695  0.99284  0.00380
19.48795  0.99666  0.00382
19.55894  0.99260  0.00377
19.62993  0.99546  0.00380
19.70093  0.99739  0.00367
19.77192  0.99410  0.00370
19.84292  0.99629  0.00357
19.91391  0.99440  0.00366
19.98491  0.99684  0.00355
20.05590  0.99599  0.00357
20.12690  1.00179  0.00350
20.19789  0.99741  0.00355
20.26888  0.99866  0.00355
20.33988  0.99702  0.00343
20.41087  0.99706  0.00342
20.48187  1.00004  0.00342
20.55286  0.99644  0.00339
20.62386  0.99836  0.00332
20.69485  0.99622  0.00331
20.76584  0.99854  0.00330
20.83684  0.99922  0.00322
20.90783  1.00097  0.00334
20.97883  0.99815  0.00323
21.04982  0.99961  0.00324
21.12082  0.99654  0.00311
21.19181  1.00138  0.00319
21.26280  0.99659  0.00322
