 0.03550  0.00000      nan
 0.10650  0.00000      nan
 0.17749  0.00000      nan
 0.24849  0.00000      nan
 0.31949  0.00000      nan
 0.39048  0.00000      nan
 0.46148  0.00000      nan
 0.53248  0.00000      nan
 0.60347  0.00000      nan
 0.67447  0.00000      nan
 0.74547  0.00000      nan
 0.81646  0.00000      nan
 0.88746  0.00000      nan
 0.95846  0.00000      nan
 1.02945  0.00000      nan
 1.10045  0.00000      nan
 1.17145  0.00000      nan
 1.24245  0.00000      nan
 1.31344  0.00000      nan
 1.38444  0.00000      nan
 1.45544  0.00000      nan
 1.52643  0.00000      nan
 1.59743  0.00000      nan
 1.66843  0.00000      nan
 1.73942  0.00000      nan
 1.81042  0.00000      nan
 1.88142  0.00000      nan
 1.95241  0.00000      nan
 2.02341  0.00000      nan
 2.09441  0.00000      nan
 2.16541  0.00000      nan
 2.23640  0.00000      nan
 2.30740  0.00000      nan
 2.37840  0.00000      nan
 2.44939  0.00000      nan
 2.52039  0.00000      nan
 2.59139  0.00000      nan
 2.66238  0.00000      nan
 2.73338  0.00000      nan
 2.80438  0.00018  0.00013
 2.87537  0.00130  0.00035
 2.94637  0.00767  0.00085
 3.01737  0.03012  0.00184
 3.08836  0.07695  0.00350
 3.15936  0.16513  0.00582
 3.23036  0.29429  0.00852
 3.30136  0.45186  0.01095
 3.37235  0.67423  0.01406
 3.44335  0.87493  0.01632
 3.51435  1.09294  0.01848
 3.58534  1.28113  0.01977
 3.65634  1.42441  0.02046
 3.72734  1.55595  0.02121
 3.79833  1.65689  0.02131
 3.86933  1.69072  0.02102
 3.94033  1.72323  0.02044
 4.01132  1.75577  0.02028
 4.08232  1.75478  0.01946
 4.15332  1.77641  0.01923
 4.22432  1.79067  0.01903
 4.29531  1.82787  0.01930
 4.36631  1.85236  0.01901
 4.43731  1.86615  0.01908
 4.50830  1.88235  0.01922
 4.57930  1.84202  0.01870
 4.65030  1.76902  0.01796
 4.72129  1.70745  0.01716
 4.79229  1.61056  0.01600
 4.86329  1.52474  0.01520
 4.93428  1.42809  0.01397
 5.00528  1.36089  0.01361
 5.07628  1.30263  0.01304
 5.14727  1.27541  0.01273
 5.21827  1.24515  0.01216
 5.28927  1.21512  0.01190
 5.36027  1.22745  0.01200
 5.43126  1.22349  0.01177
 5.50226  1.23008  0.01159
 5.57326  1.23289  0.01154
 5.64425  1.24282  0.01137
 5.71525  1.26446  0.01142
 5.78625  1.28185  0.01140
 5.85724  1.28398  0.01115
 5.92824  1.29791  0.01115
 5.99924  1.29097  0.01086
 6.07023  1.28893  0.01078
 6.14123  1.29296  0.01055
 6.21223  1.28814  0.01050
 6.28323  1.28655  0.01026
 6.35422  1.28990  0.01009
 6.42522  1.27447  0.01018
 6.49622  1.27797  0.01012
 6.56721  1.25967  0.00990
 6.63821  1.24480  0.00978
 6.70921  1.24161  0.00968
 6.78020  1.23320  0.00943
 6.85120  1.21544  0.00933
 6.92220  1.20765  0.00910
 6.99319  1.19342  0.00910
 7.06419  1.16779  0.00877
 7.13519  1.16057  0.00862
 7.20618  1.15134  0.00864
 7.27718  1.15008  0.00849
 7.34818  1.14121  0.00846
 7.41918  1.13364  0.00820
 7.49017  1.13849  0.00810
 7.56117  1.13541  0.00805
 7.63217  1.13076  0.00797
 7.70316  1.13501  0.00790
 7.77416  1.13990  0.00788
 7.84516  1.14423  0.00783
 7.91615  1.14289  0.00768
 7.98715  1.14279  0.00767
 8.05815  1.14836  0.00753
 8.12914  1.14847  0.00755
 8.20014  1.14993  0.00739
 8.27114  1.15778  0.00742
 8.34213  1.15658  0.00725
 8.41313  1.15852  0.00733
 8.48413  1.15076  0.00723
 8.55513  1.14877  0.00713
 8.62612  1.14380  0.00701
 8.69712  1.13986  0.00696
 8.76812  1.14081  0.00694
 8.83911  1.12755  0.00678
 8.91011  1.12505  0.00678
 8.98111  1.11167  0.00673
 9.05210  1.09927  0.00661
 9.12310  1.09559  0.00657
 9.19410  1.08792  0.00649
 9.26509  1.08234  0.00635
 9.33609  1.06723  0.00626
 9.40709  1.06233  0.00620
 9.47809  1.06278  0.00620
 9.54908  1.05626  0.00602
 9.62008  1.05007  0.00607
 9.69108  1.04367  0.00597
 9.76207  1.04418  0.00597
 9.83307  1.04166  0.00588
 9.90407  1.03785  0.00588
 9.97506  1.04664  0.00585
10.04606  1.04254  0.00581
10.11706  1.03858  0.00566
10.18805  1.04125  0.00569
10.25905  1.04431  0.00574
10.33005  1.04214  0.00566
10.40104  1.04242  0.00562
10.47204  1.04374  0.00562
10.54304  1.04283  0.00551
10.61404  1.03955  0.00554
10.68503  1.04329  0.00550
10.75603  1.04249  0.00545
10.82703  1.03453  0.00539
10.89802  1.03034  0.00537
10.96902  1.02570  0.00529
11.04002  1.02690  0.00526
11.11101  1.02180  0.00515
11.18201  1.02327  0.00521
11.25301  1.02190  0.00518
11.32400  1.01290  0.00507
11.39500  1.01278  0.00505
11.46600  1.01732  0.00505
11.53700  1.01151  0.00498
11.60799  1.01084  0.00496
11.67899  1.01179  0.00486
11.74999  1.01516  0.00489
11.82098  1.00809  0.00481
11.89198  1.00763  0.00477
11.96298  1.00968  0.00476
12.03397  1.01291  0.00477
12.10497  1.00180  0.00466
12.17597  1.00934  0.00467
12.24696  1.00720  0.00461
12.31796  1.00514  0.00464
12.38896  1.00103  0.00463
12.45995  1.00905  0.00459
12.53095  1.00618  0.00462
12.60195  1.00967  0.00458
12.67295  1.00290  0.00452
12.74394  1.00454  0.00455
12.81494  1.00440  0.00449
12.88594  1.00416  0.00444
12.95693  1.00099  0.00441
13.02793  1.00218  0.00437
13.09893  0.99695  0.00434
13.16992  0.99658  0.00425
13.24092  1.00345  0.00436
13.31192  1.00259  0.00427
13.38291  1.00066  0.00427
13.45391  0.99892  0.00422
13.52491  0.99820  0.00416
13.59591  0.99658  0.00416
13.66690  0.99892  0.00416
13.73790  0.99385  0.00411
13.80890  0.99580  0.00409
13.87989  0.99505  0.00403
13.95089  0.98869  0.00403
14.02189  0.98384  0.00401
14.09288  0.98817  0.00394
14.16388  0.98351  0.00392
14.23488  0.98323  0.00386
14.30587  0.97960  0.00394
14.37687  0.98091  0.00391
14.44787  0.98149  0.00384
14.51886  0.97665  0.00386
14.58986  0.97692  0.00381
14.66086  0.97944  0.00380
14.73186  0.97567  0.00376
14.80285  0.97035  0.00375
14.87385  0.97799  0.00378
14.94485  0.97410  0.00374
15.01584  0.96830  0.00371
15.08684  0.97089  0.00369
15.15784  0.97008  0.00370
15.22883  0.97083  0.00364
15.29983  0.96808  0.00361
15.37083  0.97113  0.00359
15.44182  0.96923  0.00360
15.51282  0.97217  0.00361
15.58382  0.97329  0.00361
15.65481  0.97270  0.00359
15.72581  0.97212  0.00358
15.79681  0.97226  0.00350
15.86781  0.97540  0.00351
15.93880  0.97551  0.00353
16.00980  0.97474  0.00348
16.08080  0.97939  0.00347
16.15179  0.97734  0.00344
16.22279  0.97936  0.00343
16.29379  0.97751  0.00339
16.36478  0.97800  0.00335
16.43578  0.97776  0.00334
16.50678  0.97920  0.00335
16.57777  0.97715  0.00326
16.64877  0.98093  0.00331
16.71977  0.97705  0.00325
16.79077  0.98152  0.00321
16.86176  0.97883  0.00323
16.93276  0.97972  0.00313
17.00376  0.97830  0.00313
17.07475  0.97667  0.00310
17.14575  0.97937  0.00309
17.21675  0.97897  0.00307
17.28774  0.97846  0.00307
17.35874  0.98183  0.00303
17.42974  0.98152  0.00305
17.50073  0.98497  0.00309
17.57173  0.98513  0.00307
17.64273  0.98172  0.00303
17.71372  0.98071  0.00302
17.78472  0.98092  0.00304
17.85572  0.98261  0.00303
17.92672  0.98362  0.00304
17.99771  0.98269  0.00301
18.06871  0.98268  0.00299
18.13971  0.98470  0.00299
18.21070  0.98193  0.00293
18.28170  0.98190  0.00296
18.35270  0.98601  0.00292
18.42369  0.98413  0.00295
18.49469  0.98407  0.00292
18.56569  0.98458  0.00286
18.63668  0.98476  0.00285
18.70768  0.98833  0.00284
18.77868  0.98830  0.00280
18.84968  0.98668  0.00283
18.92067  0.98713  0.00282
18.99167  0.98887  0.00282
19.06267  0.98972  0.00282
19.13366  0.98932  0.00280
19.20466  0.99211  0.00283
19.27566  0.99150  0.00273
19.34665  0.99158  0.00280
19.41765  0.99030  0.00278
19.48865  0.99395  0.00278
19.55964  0.99384  0.00275
19.63064  0.99329  0.00275
19.70164  0.99458  0.00274
19.77263  0.99482  0.00271
19.84363  0.99645  0.00274
19.91463  0.99363  0.00273
19.98563  0.99290  0.00271
20.05662  0.99667  0.00271
20.12762  0.99208  0.00269
20.19862  0.99320  0.00271
20.26961  0.99692  0.00267
20.34061  0.99190  0.00266
20.41161  0.99620  0.00263
20.48260  0.99282  0.00264
20.55360  0.99148  0.00263
20.62460  0.99656  0.00263
20.69559  0.99742  0.00265
20.76659  0.99430  0.00258
20.83759  0.99503  0.00262
20.90859  0.99478  0.00257
20.97958  0.99630  0.00257
21.05058  0.99431  0.00256
21.12158  0.99511  0.00251
21.19257  0.99758  0.00256
21.26357  0.99384  0.00252
