 0.03550  0.00000
 0.10650  0.00000
 0.17749  0.00000
 0.24849  0.00000
 0.31949  0.00000
 0.39048  0.00000
 0.46148  0.00000
 0.53248  0.00000
 0.60347  0.00000
 0.67447  0.00000
 0.74547  0.00000
 0.81646  0.00000
 0.88746  0.00000
 0.95846  0.00000
 1.02945  0.00000
 1.10045  0.00000
 1.17145  0.00000
 1.24245  0.00000
 1.31344  0.00000
 1.38444  0.00000
 1.45544  0.00000
 1.52643  0.00000
 1.59743  0.00000
 1.66843  0.00000
 1.73942  0.00000
 1.81042  0.00000
 1.88142  0.00000
 1.95241  0.00000
 2.02341  0.00000
 2.09441  0.00000
 2.16541  0.00000
 2.23640  0.00000
 2.30740  0.00000
 2.37840  0.00000
 2.44939  0.00000
 2.52039  0.00002
 2.59139  0.00012
 2.66238  0.00049
 2.73338  0.00211
 2.80438  0.00620
 2.87537  0.01575
 2.94637  0.03725
 3.01737  0.08391
 3.08836  0.18098
 3.15936  0.37459
 3.23036  0.72884
 3.30136  1.28100
 3.37235  1.94073
 3.44335  2.45856
 3.51435  2.61463
 3.58534  2.39605
 3.65634  1.97677
 3.72734  1.52693
 3.79833  1.15818
 3.86933  0.90008
 3.94033  0.74183
 4.01132  0.66058
 4.08232  0.62927
 4.15332  0.63346
 4.22432  0.65963
 4.29531  0.70332
 4.36631  0.75661
 4.43731  0.81865
 4.50830  0.88470
 4.57930  0.95245
 4.65030  1.01526
 4.72129  1.06957
 4.79229  1.11446
 4.86329  1.14744
 4.93428  1.16729
 5.00528  1.17843
 5.07628  1.18212
 5.14727  1.18006
 5.21827  1.17651
 5.28927  1.17002
 5.36027  1.16325
 5.43126  1.15331
 5.50226  1.14195
 5.57326  1.12756
 5.64425  1.10732
 5.71525  1.07991
 5.78625  1.04879
 5.85724  1.01396
 5.92824  0.97797
 5.99924  0.94061
 6.07023  0.90757
 6.14123  0.87766
 6.21223  0.85510
 6.28323  0.84032
 6.35422  0.83272
 6.42522  0.83322
 6.49622  0.83865
 6.56721  0.85143
 6.63821  0.86679
 6.70921  0.88617
 6.78020  0.90792
 6.85120  0.93163
 6.92220  0.95530
 6.99319  0.97898
 7.06419  1.00187
 7.13519  1.02287
 7.20618  1.04242
 7.27718  1.05871
 7.34818  1.07295
 7.41918  1.08303
 7.49017  1.08912
 7.56117  1.09205
 7.63217  1.09141
 7.70316  1.08676
 7.77416  1.07921
 7.84516  1.07088
 7.91615  1.05874
 7.98715  1.04717
 8.05815  1.03470
 8.12914  1.02247
 8.20014  1.01091
 8.27114  0.99955
 8.34213  0.99046
 8.41313  0.98311
 8.48413  0.97710
 8.55513  0.97331
 8.62612  0.97122
 8.69712  0.97035
 8.76812  0.97206
 8.83911  0.97413
 8.91011  0.97720
 8.98111  0.98087
 9.05210  0.98545
 9.12310  0.99053
 9.19410  0.99442
 9.26509  0.99853
 9.33609  1.00293
 9.40709  1.00518
 9.47809  1.00788
 9.54908  1.00950
 9.62008  1.01080
 9.69108  1.01058
 9.76207  1.01101
 9.83307  1.01012
 9.90407  1.00904
 9.97506  1.00768
10.04606  1.00578
10.11706  1.00396
10.18805  1.00228
10.25905  1.00115
10.33005  0.99904
10.40104  0.99784
10.47204  0.99622
10.54304  0.99568
10.61404  0.99571
10.68503  0.99539
10.75603  0.99653
10.82703  0.99659
10.89802  0.99822
10.96902  0.99959
11.04002  1.00113
11.11101  1.00239
11.18201  1.00388
11.25301  1.00510
11.32400  1.00646
11.39500  1.00765
11.46600  1.00839
11.53700  1.00874
11.60799  1.00878
11.67899  1.00904
11.74999  1.00859
11.82098  1.00814
11.89198  1.00739
11.96298  1.00715
12.03397  1.00589
12.10497  1.00478
12.17597  1.00390
12.24696  1.00250
12.31796  1.00133
12.38896  1.00030
12.45995  0.99979
12.53095  0.99865
12.60195  0.99788
12.67295  0.99789
12.74394  0.99741
12.81494  0.99732
12.88594  0.99723
12.95693  0.99746
13.02793  0.99804
13.09893  0.99856
13.16992  0.99920
13.24092  0.99974
13.31192  1.00063
13.38291  1.00159
13.45391  1.00223
13.52491  1.00258
13.59591  1.00326
13.66690  1.00326
13.73790  1.00383
13.80890  1.00384
13.87989  1.00401
13.95089  1.00372
14.02189  1.00387
14.09288  1.00342
14.16388  1.00358
14.23488  1.00299
14.30587  1.00273
14.37687  1.00274
14.44787  1.00249
14.51886  1.00238
14.58986  1.00230
14.66086  1.00199
14.73186  1.00197
14.80285  1.00142
14.87385  1.00153
14.94485  1.00151
15.01584  1.00166
15.08684  1.00153
15.15784  1.00158
15.22883  1.00158
15.29983  1.00145
15.37083  1.00160
15.44182  1.00169
15.51282  1.00184
15.58382  1.00171
15.65481  1.00198
15.72581  1.00213
15.79681  1.00221
15.86781  1.00187
15.93880  1.00200
16.00980  1.00214
16.08080  1.00185
16.15179  1.00180
16.22279  1.00191
16.29379  1.00190
16.36478  1.00177
16.43578  1.00179
16.50678  1.00129
16.57777  1.00159
16.64877  1.00130
16.71977  1.00128
16.79077  1.00132
16.86176  1.00123
16.93276  1.00146
17.00376  1.00146
17.07475  1.00185
17.14575  1.00169
17.21675  1.00185
17.28774  1.00156
17.35874  1.00181
17.42974  1.00177
17.50073  1.00186
17.57173  1.00196
17.64273  1.00214
17.71372  1.00183
17.78472  1.00198
17.85572  1.00188
17.92672  1.00150
17.99771  1.00167
18.06871  1.00155
18.13971  1.00150
18.21070  1.00138
18.28170  1.00146
18.35270  1.00141
18.42369  1.00127
18.49469  1.00140
18.56569  1.00117
18.63668  1.00126
18.70768  1.00125
18.77868  1.00116
18.84968  1.00104
18.92067  1.00114
18.99167  1.00109
19.06267  1.00109
19.13366  1.00112
19.20466  1.00100
19.27566  1.00110
19.34665  1.00116
19.41765  1.00094
19.48865  1.00112
19.55964  1.00118
19.63064  1.00090
19.70164  1.00117
19.77263  1.00095
19.84363  1.00095
19.91463  1.00123
19.98563  1.00142
20.05662  1.00108
20.12762  1.00122
20.19862  1.00110
20.26961  1.00121
20.34061  1.00104
20.41161  1.00121
20.48260  1.00113
20.55360  1.00101
20.62460  1.00117
20.69559  1.00111
20.76659  1.00095
20.83759  1.00087
20.90859  1.00084
20.97958  1.00091
21.05058  1.00077
21.12158  1.00079
21.19257  1.00089
21.26357  0.99985
