 0.03550  0.00000
 0.10650  0.00000
 0.17749  0.00000
 0.24849  0.00000
 0.31949  0.00000
 0.39048  0.00000
 0.46148  0.00000
 0.53248  0.00000
 0.60347  0.00000
 0.67447  0.00000
 0.74547  0.00000
 0.81646  0.00000
 0.88746  0.00000
 0.95846  0.00000
 1.02945  0.00000
 1.10045  0.00000
 1.17145  0.00000
 1.24245  0.00000
 1.31344  0.00000
 1.38444  0.00000
 1.45544  0.00000
 1.52643  0.00000
 1.59743  0.00000
 1.66843  0.00000
 1.73942  0.00000
 1.81042  0.00000
 1.88142  0.00000
 1.95241  0.00000
 2.02341  0.00000
 2.09441  0.00000
 2.16541  0.00000
 2.23640  0.00000
 2.30740  0.00000
 2.37840  0.00000
 2.44939  0.00002
 2.52039  0.00024
 2.59139  0.00216
 2.66238  0.01148
 2.73338  0.04274
 2.80438  0.11937
 2.87537  0.26042
 2.94637  0.46233
 3.01737  0.69714
 3.08836  0.92313
 3.15936  1.10570
 3.23036  1.22881
 3.30136  1.29704
 3.37235  1.32388
 3.44335  1.32387
 3.51435  1.31234
 3.58534  1.29605
 3.65634  1.27974
 3.72734  1.26982
 3.79833  1.26846
 3.86933  1.27549
 3.94033  1.27496
 4.01132  1.25960
 4.08232  1.21947
 4.15332  1.16270
 4.22432  1.10208
 4.29531  1.04492
 4.36631  0.99817
 4.43731  0.95968
 4.50830  0.93060
 4.57930  0.91137
 4.65030  0.89756
 4.72129  0.89094
 4.79229  0.88784
 4.86329  0.89078
 4.93428  0.89709
 5.00528  0.90852
 5.07628  0.92645
 5.14727  0.94580
 5.21827  0.96756
 5.28927  0.98932
 5.36027  1.00783
 5.43126  1.02257
 5.50226  1.03251
 5.57326  1.03855
 5.64425  1.04072
 5.71525  1.04320
 5.78625  1.04358
 5.85724  1.04425
 5.92824  1.04404
 5.99924  1.04381
 6.07023  1.03958
 6.14123  1.03635
 6.21223  1.03038
 6.28323  1.02338
 6.35422  1.01684
 6.42522  1.01019
 6.49622  1.00361
 6.56721  0.99831
 6.63821  0.99310
 6.70921  0.98975
 6.78020  0.98754
 6.85120  0.98687
 6.92220  0.98541
 6.99319  0.98689
 7.06419  0.98861
 7.13519  0.99085
 7.20618  0.99234
 7.27718  0.99576
 7.34818  0.99759
 7.41918  1.00010
 7.49017  1.00256
 7.56117  1.00462
 7.63217  1.00715
 7.70316  1.00841
 7.77416  1.01010
 7.84516  1.01196
 7.91615  1.01255
 7.98715  1.01392
 8.05815  1.01390
 8.12914  1.01378
 8.20014  1.01277
 8.27114  1.01138
 8.34213  1.00917
 8.41313  1.00664
 8.48413  1.00464
 8.55513  1.00240
 8.62612  1.00038
 8.69712  0.99798
 8.76812  0.99663
 8.83911  0.99488
 8.91011  0.99371
 8.98111  0.99339
 9.05210  0.99326
 9.12310  0.99378
 9.19410  0.99445
 9.26509  0.99479
 9.33609  0.99606
 9.40709  0.99749
 9.47809  0.99786
 9.54908  0.99958
 9.62008  1.00074
 9.69108  1.00116
 9.76207  1.00235
 9.83307  1.00303
 9.90407  1.00362
 9.97506  1.00432
10.04606  1.00465
10.11706  1.00443
10.18805  1.00485
10.25905  1.00426
10.33005  1.00343
10.40104  1.00327
10.47204  1.00227
10.54304  1.00198
10.61404  1.00147
10.68503  1.00109
10.75603  1.00037
10.82703  1.00049
10.89802  0.99996
10.96902  0.99981
11.04002  0.99920
11.11101  0.99989
11.18201  1.00006
11.25301  1.00004
11.32400  1.00030
11.39500  1.00048
11.46600  1.00049
11.53700  1.00037
11.60799  1.00061
11.67899  1.00092
11.74999  1.00116
11.82098  1.00155
11.89198  1.00133
11.96298  1.00175
12.03397  1.00173
12.10497  1.00184
12.17597  1.00097
12.24696  1.00153
12.31796  1.00153
12.38896  1.00108
12.45995  1.00111
12.53095  1.00087
12.60195  1.00074
12.67295  1.00100
12.74394  1.00096
12.81494  1.00086
12.88594  1.00070
12.95693  1.00052
13.02793  1.00060
13.09893  1.00084
13.16992  1.00025
13.24092  1.00070
13.31192  1.00049
13.38291  1.00066
13.45391  1.00055
13.52491  1.00094
13.59591  1.00116
13.66690  1.00093
13.73790  1.00137
13.80890  1.00114
13.87989  1.00157
13.95089  1.00177
14.02189  1.00138
14.09288  1.00160
14.16388  1.00149
14.23488  1.00175
14.30587  1.00162
14.37687  1.00177
14.44787  1.00147
14.51886  1.00155
14.58986  1.00114
14.66086  1.00108
14.73186  1.00123
14.80285  1.00101
14.87385  1.00132
14.94485  1.00106
15.01584  1.00071
15.08684  1.00096
15.15784  1.00119
15.22883  1.00090
15.29983  1.00105
15.37083  1.00121
15.44182  1.00128
15.51282  1.00111
15.58382  1.00128
15.65481  1.00135
15.72581  1.00152
15.79681  1.00159
15.86781  1.00149
15.93880  1.00174
16.00980  1.00175
16.08080  1.00150
16.15179  1.00167
16.22279  1.00133
16.29379  1.00157
16.36478  1.00157
16.43578  1.00142
16.50678  1.00129
16.57777  1.00122
16.64877  1.00140
16.71977  1.00140
16.79077  1.00172
16.86176  1.00136
16.93276  1.00152
17.00376  1.00109
17.07475  1.00110
17.14575  1.00095
17.21675  1.00109
17.28774  1.00112
17.35874  1.00110
17.42974  1.00123
17.50073  1.00111
17.57173  1.00115
17.64273  1.00103
17.71372  1.00115
17.78472  1.00136
17.85572  1.00123
17.92672  1.00136
17.99771  1.00139
18.06871  1.00135
18.13971  1.00151
18.21070  1.00148
18.28170  1.00157
18.35270  1.00148
18.42369  1.00140
18.49469  1.00144
18.56569  1.00133
18.63668  1.00129
18.70768  1.00127
18.77868  1.00117
18.84968  1.00086
18.92067  1.00111
18.99167  1.00098
19.06267  1.00115
19.13366  1.00084
19.20466  1.00094
19.27566  1.00124
19.34665  1.00086
19.41765  1.00112
19.48865  1.00100
19.55964  1.00083
19.63064  1.00086
19.70164  1.00090
19.77263  1.00102
19.84363  1.00071
19.91463  1.00090
19.98563  1.00114
20.05662  1.00110
20.12762  1.00112
20.19862  1.00101
20.26961  1.00097
20.34061  1.00119
20.41161  1.00094
20.48260  1.00091
20.55360  1.00088
20.62460  1.00111
20.69559  1.00094
20.76659  1.00103
20.83759  1.00063
20.90859  1.00114
20.97958  1.00103
21.05058  1.00119
21.12158  1.00119
21.19257  1.00128
21.26357  1.00028
