 0.03550      inf
 0.10650      inf
 0.17749      inf
 0.24849      inf
 0.31949      inf
 0.39048      inf
 0.46148      inf
 0.53248      inf
 0.60347      inf
 0.67447      inf
 0.74547      inf
 0.81646      inf
 0.88746      inf
 0.95846      inf
 1.02945      inf
 1.10045      inf
 1.17145      inf
 1.24245      inf
 1.31344      inf
 1.38444      inf
 1.45544      inf
 1.52643      inf
 1.59743      inf
 1.66843      inf
 1.73942      inf
 1.81042      inf
 1.88142      inf
 1.95241      inf
 2.02341      inf
 2.09441      inf
 2.16541      inf
 2.23640      inf
 2.30740      inf
 2.37840      inf
 2.44939  6.50126
 2.52039  4.93192
 2.59139  3.63309
 2.66238  2.64472
 2.73338  1.86633
 2.80438  1.25833
 2.87537  0.79651
 2.94637  0.45671
 3.01737  0.21358
 3.08836  0.04735
 3.15936 -0.05948
 3.23036 -0.12198
 3.30136 -0.15397
 3.37235 -0.16609
 3.44335 -0.16609
 3.51435 -0.16091
 3.58534 -0.15352
 3.65634 -0.14602
 3.72734 -0.14141
 3.79833 -0.14078
 3.86933 -0.14405
 3.94033 -0.14380
 4.01132 -0.13663
 4.08232 -0.11746
 4.15332 -0.08924
 4.22432 -0.05754
 4.29531 -0.02601
 4.36631  0.00109
 4.43731  0.02436
 4.50830  0.04258
 4.57930  0.05494
 4.65030  0.06398
 4.72129  0.06837
 4.79229  0.07043
 4.86329  0.06847
 4.93428  0.06429
 5.00528  0.05680
 5.07628  0.04523
 5.14727  0.03299
 5.21827  0.01952
 5.28927  0.00636
 5.36027 -0.00462
 5.43126 -0.01322
 5.50226 -0.01894
 5.57326 -0.02239
 5.64425 -0.02363
 5.71525 -0.02504
 5.78625 -0.02525
 5.85724 -0.02563
 5.92824 -0.02551
 5.99924 -0.02538
 6.07023 -0.02298
 6.14123 -0.02114
 6.21223 -0.01772
 6.28323 -0.01368
 6.35422 -0.00989
 6.42522 -0.00600
 6.49622 -0.00213
 6.56721  0.00100
 6.63821  0.00410
 6.70921  0.00610
 6.78020  0.00742
 6.85120  0.00783
 6.92220  0.00870
 6.99319  0.00781
 7.06419  0.00678
 7.13519  0.00544
 7.20618  0.00455
 7.27718  0.00251
 7.34818  0.00143
 7.41918 -0.00006
 7.49017 -0.00152
 7.56117 -0.00273
 7.63217 -0.00422
 7.70316 -0.00496
 7.77416 -0.00595
 7.84516 -0.00704
 7.91615 -0.00738
 7.98715 -0.00818
 8.05815 -0.00817
 8.12914 -0.00810
 8.20014 -0.00751
 8.27114 -0.00670
 8.34213 -0.00541
 8.41313 -0.00392
 8.48413 -0.00274
 8.55513 -0.00142
 8.62612 -0.00022
 8.69712  0.00120
 8.76812  0.00200
 8.83911  0.00304
 8.91011  0.00374
 8.98111  0.00393
 9.05210  0.00400
 9.12310  0.00370
 9.19410  0.00329
 9.26509  0.00309
 9.33609  0.00234
 9.40709  0.00149
 9.47809  0.00127
 9.54908  0.00025
 9.62008 -0.00044
 9.69108 -0.00069
 9.76207 -0.00139
 9.83307 -0.00179
 9.90407 -0.00214
 9.97506 -0.00255
10.04606 -0.00275
10.11706 -0.00262
10.18805 -0.00286
10.25905 -0.00252
10.33005 -0.00203
10.40104 -0.00194
10.47204 -0.00135
10.54304 -0.00117
10.61404 -0.00087
10.68503 -0.00064
10.75603 -0.00022
10.82703 -0.00029
10.89802  0.00003
10.96902  0.00011
11.04002  0.00047
11.11101  0.00006
11.18201 -0.00003
11.25301 -0.00002
11.32400 -0.00018
11.39500 -0.00028
11.46600 -0.00029
11.53700 -0.00022
11.60799 -0.00036
11.67899 -0.00055
11.74999 -0.00069
11.82098 -0.00092
11.89198 -0.00079
11.96298 -0.00103
12.03397 -0.00102
12.10497 -0.00109
12.17597 -0.00057
12.24696 -0.00090
12.31796 -0.00090
12.38896 -0.00064
12.45995 -0.00066
12.53095 -0.00052
12.60195 -0.00044
12.67295 -0.00059
12.74394 -0.00057
12.81494 -0.00051
12.88594 -0.00042
12.95693 -0.00031
13.02793 -0.00035
13.09893 -0.00050
13.16992 -0.00015
13.24092 -0.00042
13.31192 -0.00029
13.38291 -0.00039
13.45391 -0.00032
13.52491 -0.00056
13.59591 -0.00069
13.66690 -0.00055
13.73790 -0.00081
13.80890 -0.00067
13.87989 -0.00093
13.95089 -0.00105
14.02189 -0.00081
14.09288 -0.00095
14.16388 -0.00088
14.23488 -0.00104
14.30587 -0.00096
14.37687 -0.00105
14.44787 -0.00087
14.51886 -0.00092
14.58986 -0.00068
14.66086 -0.00064
14.73186 -0.00073
14.80285 -0.00059
14.87385 -0.00078
14.94485 -0.00062
15.01584 -0.00042
15.08684 -0.00057
15.15784 -0.00071
15.22883 -0.00053
15.29983 -0.00062
15.37083 -0.00072
15.44182 -0.00076
15.51282 -0.00066
15.58382 -0.00076
15.65481 -0.00080
15.72581 -0.00090
15.79681 -0.00094
15.86781 -0.00088
15.93880 -0.00103
16.00980 -0.00103
16.08080 -0.00089
16.15179 -0.00099
16.22279 -0.00079
16.29379 -0.00093
16.36478 -0.00093
16.43578 -0.00084
16.50678 -0.00076
16.57777 -0.00072
16.64877 -0.00083
16.71977 -0.00083
16.79077 -0.00102
16.86176 -0.00080
16.93276 -0.00090
17.00376 -0.00065
17.07475 -0.00065
17.14575 -0.00056
17.21675 -0.00065
17.28774 -0.00066
17.35874 -0.00065
17.42974 -0.00073
17.50073 -0.00065
17.57173 -0.00068
17.64273 -0.00061
17.71372 -0.00068
17.78472 -0.00080
17.85572 -0.00073
17.92672 -0.00080
17.99771 -0.00082
18.06871 -0.00080
18.13971 -0.00089
18.21070 -0.00087
18.28170 -0.00093
18.35270 -0.00087
18.42369 -0.00083
18.49469 -0.00085
18.56569 -0.00079
18.63668 -0.00076
18.70768 -0.00075
18.77868 -0.00069
18.84968 -0.00051
18.92067 -0.00066
18.99167 -0.00058
19.06267 -0.00068
19.13366 -0.00050
19.20466 -0.00056
19.27566 -0.00074
19.34665 -0.00051
19.41765 -0.00066
19.48865 -0.00059
19.55964 -0.00049
19.63064 -0.00051
19.70164 -0.00054
19.77263 -0.00061
19.84363 -0.00042
19.91463 -0.00053
19.98563 -0.00068
20.05662 -0.00065
20.12762 -0.00066
20.19862 -0.00060
20.26961 -0.00057
20.34061 -0.00070
20.41161 -0.00056
20.48260 -0.00054
20.55360 -0.00052
20.62460 -0.00066
20.69559 -0.00056
20.76659 -0.00061
20.83759 -0.00037
20.90859 -0.00068
20.97958 -0.00061
21.05058 -0.00071
21.12158 -0.00070
21.19257 -0.00076
21.26357 -0.00017
