 0.03550      inf
 0.10650      inf
 0.17749      inf
 0.24849      inf
 0.31949      inf
 0.39048      inf
 0.46148      inf
 0.53248      inf
 0.60347      inf
 0.67447      inf
 0.74547      inf
 0.81646      inf
 0.88746      inf
 0.95846      inf
 1.02945      inf
 1.10045      inf
 1.17145      inf
 1.24245      inf
 1.31344      inf
 1.38444      inf
 1.45544      inf
 1.52643      inf
 1.59743      inf
 1.66843      inf
 1.73942      inf
 1.81042      inf
 1.88142      inf
 1.95241      inf
 2.02341      inf
 2.09441      inf
 2.16541      inf
 2.23640      inf
 2.30740      inf
 2.37840      inf
 2.44939  7.73229
 2.52039  6.49920
 2.59139  5.36537
 2.66238  4.50588
 2.73338  3.64854
 2.80438  3.00916
 2.87537  2.45736
 2.94637  1.94773
 3.01737  1.46700
 3.08836  1.01194
 3.15936  0.58130
 3.23036  0.18725
 3.30136 -0.14660
 3.37235 -0.39253
 3.44335 -0.53255
 3.51435 -0.56898
 3.58534 -0.51730
 3.65634 -0.40343
 3.72734 -0.25057
 3.79833 -0.08694
 3.86933  0.06232
 3.94033  0.17679
 4.01132  0.24546
 4.08232  0.27421
 4.15332  0.27028
 4.22432  0.24632
 4.29531  0.20835
 4.36631  0.16511
 4.43731  0.11846
 4.50830  0.07252
 4.57930  0.02884
 4.65030 -0.00897
 4.72129 -0.03982
 4.79229 -0.06416
 4.86329 -0.08142
 4.93428 -0.09157
 5.00528 -0.09720
 5.07628 -0.09905
 5.14727 -0.09802
 5.21827 -0.09623
 5.28927 -0.09296
 5.36027 -0.08952
 5.43126 -0.08444
 5.50226 -0.07858
 5.57326 -0.07107
 5.64425 -0.06035
 5.71525 -0.04551
 5.78625 -0.02820
 5.85724 -0.00821
 5.92824  0.01319
 5.99924  0.03624
 6.07023  0.05741
 6.14123  0.07726
 6.21223  0.09267
 6.28323  0.10299
 6.35422  0.10837
 6.42522  0.10801
 6.49622  0.10417
 6.56721  0.09522
 6.63821  0.08463
 6.70921  0.07154
 6.78020  0.05718
 6.85120  0.04192
 6.92220  0.02707
 6.99319  0.01257
 7.06419 -0.00111
 7.13519 -0.01338
 7.20618 -0.02459
 7.27718 -0.03377
 7.34818 -0.04168
 7.41918 -0.04722
 7.49017 -0.05054
 7.56117 -0.05213
 7.63217 -0.05178
 7.70316 -0.04925
 7.77416 -0.04513
 7.84516 -0.04054
 7.91615 -0.03379
 7.98715 -0.02728
 8.05815 -0.02019
 8.12914 -0.01316
 8.20014 -0.00642
 8.27114  0.00026
 8.34213  0.00568
 8.41313  0.01008
 8.48413  0.01371
 8.55513  0.01602
 8.62612  0.01729
 8.69712  0.01782
 8.76812  0.01678
 8.83911  0.01552
 8.91011  0.01365
 8.98111  0.01143
 9.05210  0.00867
 9.12310  0.00563
 9.19410  0.00331
 9.26509  0.00087
 9.33609 -0.00173
 9.40709 -0.00306
 9.47809 -0.00465
 9.54908 -0.00560
 9.62008 -0.00636
 9.69108 -0.00623
 9.76207 -0.00648
 9.83307 -0.00596
 9.90407 -0.00533
 9.97506 -0.00453
10.04606 -0.00341
10.11706 -0.00234
10.18805 -0.00135
10.25905 -0.00068
10.33005  0.00057
10.40104  0.00128
10.47204  0.00224
10.54304  0.00257
10.61404  0.00255
10.68503  0.00274
10.75603  0.00206
10.82703  0.00202
10.89802  0.00105
10.96902  0.00024
11.04002 -0.00067
11.11101 -0.00141
11.18201 -0.00229
11.25301 -0.00301
11.32400 -0.00381
11.39500 -0.00451
11.46600 -0.00495
11.53700 -0.00515
11.60799 -0.00517
11.67899 -0.00533
11.74999 -0.00506
11.82098 -0.00480
11.89198 -0.00436
11.96298 -0.00422
12.03397 -0.00348
12.10497 -0.00282
12.17597 -0.00231
12.24696 -0.00148
12.31796 -0.00078
12.38896 -0.00018
12.45995  0.00012
12.53095  0.00080
12.60195  0.00126
12.67295  0.00125
12.74394  0.00154
12.81494  0.00159
12.88594  0.00164
12.95693  0.00150
13.02793  0.00116
13.09893  0.00086
13.16992  0.00047
13.24092  0.00016
13.31192 -0.00037
13.38291 -0.00094
13.45391 -0.00132
13.52491 -0.00152
13.59591 -0.00193
13.66690 -0.00192
13.73790 -0.00226
13.80890 -0.00227
13.87989 -0.00237
13.95089 -0.00220
14.02189 -0.00229
14.09288 -0.00202
14.16388 -0.00211
14.23488 -0.00177
14.30587 -0.00161
14.37687 -0.00162
14.44787 -0.00147
14.51886 -0.00141
14.58986 -0.00136
14.66086 -0.00118
14.73186 -0.00117
14.80285 -0.00084
14.87385 -0.00090
14.94485 -0.00090
15.01584 -0.00098
15.08684 -0.00091
15.15784 -0.00093
15.22883 -0.00093
15.29983 -0.00086
15.37083 -0.00095
15.44182 -0.00100
15.51282 -0.00109
15.58382 -0.00101
15.65481 -0.00117
15.72581 -0.00126
15.79681 -0.00131
15.86781 -0.00111
15.93880 -0.00118
16.00980 -0.00126
16.08080 -0.00109
16.15179 -0.00106
16.22279 -0.00113
16.29379 -0.00112
16.36478 -0.00105
16.43578 -0.00106
16.50678 -0.00076
16.57777 -0.00094
16.64877 -0.00077
16.71977 -0.00076
16.79077 -0.00078
16.86176 -0.00073
16.93276 -0.00086
17.00376 -0.00086
17.07475 -0.00110
17.14575 -0.00100
17.21675 -0.00110
17.28774 -0.00092
17.35874 -0.00107
17.42974 -0.00105
17.50073 -0.00110
17.57173 -0.00116
17.64273 -0.00127
17.71372 -0.00108
17.78472 -0.00117
17.85572 -0.00111
17.92672 -0.00089
17.99771 -0.00099
18.06871 -0.00092
18.13971 -0.00089
18.21070 -0.00082
18.28170 -0.00087
18.35270 -0.00083
18.42369 -0.00075
18.49469 -0.00083
18.56569 -0.00069
18.63668 -0.00075
18.70768 -0.00074
18.77868 -0.00069
18.84968 -0.00061
18.92067 -0.00068
18.99167 -0.00065
19.06267 -0.00064
19.13366 -0.00066
19.20466 -0.00059
19.27566 -0.00065
19.34665 -0.00068
19.41765 -0.00056
19.48865 -0.00066
19.55964 -0.00070
19.63064 -0.00053
19.70164 -0.00069
19.77263 -0.00056
19.84363 -0.00056
19.91463 -0.00073
19.98563 -0.00084
20.05662 -0.00064
20.12762 -0.00072
20.19862 -0.00065
20.26961 -0.00072
20.34061 -0.00062
20.41161 -0.00071
20.48260 -0.00067
20.55360 -0.00060
20.62460 -0.00069
20.69559 -0.00066
20.76659 -0.00056
20.83759 -0.00051
20.90859 -0.00050
20.97958 -0.00054
21.05058 -0.00046
21.12158 -0.00047
21.19257 -0.00053
21.26357  0.00009
