 0.03550      inf      nan
 0.10649      inf      nan
 0.17749      inf      nan
 0.24848      inf      nan
 0.31947      inf      nan
 0.39047      inf      nan
 0.46146      inf      nan
 0.53246      inf      nan
 0.60345      inf      nan
 0.67445      inf      nan
 0.74544      inf      nan
 0.81643      inf      nan
 0.88743      inf      nan
 0.95842      inf      nan
 1.02942      inf      nan
 1.10041      inf      nan
 1.17141      inf      nan
 1.24240      inf      nan
 1.31340      inf      nan
 1.38439      inf      nan
 1.45538      inf      nan
 1.52638      inf      nan
 1.59737      inf      nan
 1.66837      inf      nan
 1.73936      inf      nan
 1.81036      inf      nan
 1.88135      inf      nan
 1.95234      inf      nan
 2.02334      inf      nan
 2.09433      inf      nan
 2.16533      inf      nan
 2.23632      inf      nan
 2.30732      inf      nan
 2.37831      inf      nan
 2.44930  3.48548  0.14342
 2.52030  2.02250  0.05559
 2.59129  0.90838  0.02995
 2.66229  0.22465  0.02139
 2.73328 -0.12767  0.01892
 2.80428 -0.21414  0.01700
 2.87527 -0.17000  0.01622
 2.94627 -0.05951  0.01564
 3.01726  0.00661  0.01523
 3.08825  0.07961  0.01487
 3.15925  0.10111  0.01455
 3.23024  0.09257  0.01433
 3.30124  0.06797  0.01403
 3.37223  0.04086  0.01365
 3.44323  0.01095  0.01334
 3.51422 -0.03499  0.01240
 3.58521 -0.05873  0.01207
 3.65621 -0.08985  0.01186
 3.72720 -0.11025  0.01135
 3.79820 -0.13890  0.01088
 3.86919 -0.15324  0.01054
 3.94019 -0.18253  0.01030
 4.01118 -0.19120  0.00989
 4.08217 -0.21111  0.00942
 4.15317 -0.22795  0.00938
 4.22416 -0.24426  0.00878
 4.29516 -0.26145  0.00885
 4.36615 -0.27677  0.00838
 4.43715 -0.28653  0.00811
 4.50814 -0.30618  0.00780
 4.57913 -0.31365  0.00763
 4.65013 -0.33532  0.00759
 4.72112 -0.35268  0.00760
 4.79212 -0.36951  0.00756
 4.86311 -0.37441  0.00765
 4.93411 -0.35352  0.00743
 5.00510 -0.32400  0.00748
 5.07610 -0.28820  0.00740
 5.14709 -0.24835  0.00739
 5.21808 -0.22963  0.00726
 5.28908 -0.21276  0.00725
 5.36007 -0.20177  0.00719
 5.43107 -0.19034  0.00717
 5.50206 -0.18424  0.00730
 5.57306 -0.17356  0.00697
 5.64405 -0.16653  0.00694
 5.71504 -0.16318  0.00696
 5.78604 -0.15951  0.00688
 5.85703 -0.15755  0.00684
 5.92803 -0.15018  0.00691
 5.99902 -0.15022  0.00679
 6.07002 -0.14518  0.00688
 6.14101 -0.14606  0.00666
 6.21200 -0.14238  0.00670
 6.28300 -0.13842  0.00660
 6.35399 -0.13722  0.00655
 6.42499 -0.13300  0.00651
 6.49598 -0.12355  0.00646
 6.56698 -0.12380  0.00616
 6.63797 -0.12496  0.00624
 6.70897 -0.12526  0.00623
 6.77996 -0.12576  0.00611
 6.85095 -0.12601  0.00598
 6.92195 -0.12029  0.00585
 6.99294 -0.11815  0.00588
 7.06394 -0.11430  0.00584
 7.13493 -0.11047  0.00577
 7.20593 -0.10018  0.00576
 7.27692 -0.09357  0.00584
 7.34791 -0.08339  0.00582
 7.41891 -0.07725  0.00596
 7.48990 -0.07021  0.00592
 7.56090 -0.06653  0.00568
 7.63189 -0.06005  0.00595
 7.70289 -0.05369  0.00584
 7.77388 -0.05199  0.00573
 7.84487 -0.05325  0.00583
 7.91587 -0.04888  0.00566
 7.98686 -0.05368  0.00553
 8.05786 -0.05345  0.00561
 8.12885 -0.05888  0.00553
 8.19985 -0.05521  0.00543
 8.27084 -0.05977  0.00525
 8.34183 -0.06196  0.00515
 8.41283 -0.06276  0.00518
 8.48382 -0.06302  0.00517
 8.55482 -0.06469  0.00517
 8.62581 -0.06253  0.00513
 8.69681 -0.06054  0.00504
 8.76780 -0.05943  0.00497
 8.83880 -0.05896  0.00497
 8.90979 -0.05372  0.00499
 8.98078 -0.05352  0.00490
 9.05178 -0.04842  0.00490
 9.12277 -0.04693  0.00476
 9.19377 -0.04306  0.00487
 9.26476 -0.04167  0.00495
 9.33576 -0.03684  0.00497
 9.40675 -0.03391  0.00493
 9.47774 -0.02699  0.00493
 9.54874 -0.03019  0.00489
 9.61973 -0.02197  0.00491
 9.69073 -0.02413  0.00494
 9.76172 -0.02260  0.00489
 9.83272 -0.01913  0.00483
 9.90371 -0.01633  0.00483
 9.97470 -0.01622  0.00488
10.04570 -0.01574  0.00479
10.11669 -0.01750  0.00474
10.18769 -0.01611  0.00470
10.25868 -0.01480  0.00472
10.32968 -0.01271  0.00458
10.40067 -0.01173  0.00465
10.47167 -0.01032  0.00458
10.54266 -0.01006  0.00448
10.61365 -0.00875  0.00455
10.68465 -0.00758  0.00431
10.75564 -0.00626  0.00443
10.82664 -0.00537  0.00430
10.89763 -0.00124  0.00431
10.96863 -0.00130  0.00437
11.03962  0.00077  0.00420
11.11061  0.00378  0.00422
11.18161  0.00517  0.00418
11.25260  0.00498  0.00423
11.32360  0.00584  0.00418
11.39459  0.00585  0.00407
11.46559  0.00748  0.00413
11.53658  0.00746  0.00405
11.60757  0.00756  0.00397
11.67857  0.00780  0.00404
11.74956  0.00950  0.00398
11.82056  0.01074  0.00389
11.89155  0.00764  0.00381
11.96255  0.00806  0.00391
12.03354  0.01160  0.00392
12.10453  0.00591  0.00391
12.17553  0.01090  0.00372
12.24652  0.01006  0.00390
12.31752  0.01051  0.00381
12.38851  0.01103  0.00381
12.45951  0.01272  0.00380
12.53050  0.01303  0.00384
12.60150  0.01540  0.00374
12.67249  0.01462  0.00382
12.74348  0.00997  0.00377
12.81448  0.01659  0.00381
12.88547  0.01525  0.00376
12.95647  0.01932  0.00367
13.02746  0.01688  0.00364
13.09846  0.01758  0.00363
13.16945  0.02051  0.00367
13.24044  0.01978  0.00366
13.31144  0.01755  0.00367
13.38243  0.01927  0.00365
13.45343  0.02311  0.00355
13.52442  0.02271  0.00357
13.59542  0.02096  0.00354
13.66641  0.02592  0.00359
13.73740  0.02301  0.00362
13.80840  0.02419  0.00350
13.87939  0.02329  0.00355
13.95039  0.02637  0.00348
14.02138  0.02628  0.00346
14.09238  0.02468  0.00338
14.16337  0.02566  0.00339
14.23437  0.02585  0.00340
14.30536  0.02932  0.00332
14.37635  0.02594  0.00326
14.44735  0.02607  0.00329
14.51834  0.02593  0.00330
14.58934  0.02670  0.00325
14.66033  0.02709  0.00321
14.73133  0.02512  0.00320
14.80232  0.02431  0.00313
14.87331  0.02421  0.00311
14.94431  0.02492  0.00315
15.01530  0.02475  0.00309
15.08630  0.02543  0.00313
15.15729  0.02630  0.00304
15.22829  0.02226  0.00306
15.29928  0.02529  0.00296
15.37027  0.02628  0.00296
15.44127  0.02322  0.00287
15.51226  0.02249  0.00286
15.58326  0.02361  0.00286
15.65425  0.02275  0.00285
15.72525  0.02125  0.00284
15.79624  0.02236  0.00279
15.86723  0.02292  0.00280
15.93823  0.02075  0.00275
16.00922  0.02384  0.00279
16.08022  0.01901  0.00278
16.15121  0.01899  0.00268
16.22221  0.02084  0.00268
16.29320  0.02091  0.00265
16.36420  0.02002  0.00263
16.43519  0.01910  0.00263
16.50618  0.01883  0.00269
16.57718  0.01738  0.00266
16.64817  0.01564  0.00260
16.71917  0.01472  0.00266
16.79016  0.01725  0.00259
16.86116  0.01742  0.00259
16.93215  0.01722  0.00262
17.00314  0.01776  0.00261
17.07414  0.01816  0.00257
17.14513  0.01505  0.00256
17.21613  0.01535  0.00247
17.28712  0.01316  0.00251
17.35812  0.01397  0.00251
17.42911  0.01291  0.00245
17.50010  0.01376  0.00243
17.57110  0.01352  0.00241
17.64209  0.01286  0.00236
17.71309  0.01259  0.00234
17.78408  0.01342  0.00236
17.85508  0.01068  0.00235
17.92607  0.01288  0.00235
17.99707  0.01158  0.00235
18.06806  0.01098  0.00234
18.13905  0.01084  0.00231
18.21005  0.00936  0.00231
18.28104  0.00938  0.00230
18.35204  0.01029  0.00231
18.42303  0.00837  0.00233
18.49403  0.00788  0.00237
18.56502  0.01019  0.00231
18.63601  0.00834  0.00227
18.70701  0.00894  0.00232
18.77800  0.00870  0.00234
18.84900  0.00611  0.00231
18.91999  0.00606  0.00234
18.99099  0.00829  0.00234
19.06198  0.00668  0.00231
19.13297  0.00600  0.00232
19.20397  0.00765  0.00237
19.27496  0.00588  0.00232
19.34596  0.00379  0.00224
19.41695  0.00425  0.00226
19.48795  0.00198  0.00227
19.55894  0.00440  0.00225
19.62993  0.00269  0.00226
19.70093  0.00155  0.00218
19.77192  0.00350  0.00220
19.84292  0.00220  0.00212
19.91391  0.00332  0.00218
19.98491  0.00188  0.00211
20.05590  0.00238  0.00212
20.12690 -0.00106  0.00207
20.19789  0.00154  0.00211
20.26888  0.00079  0.00210
20.33988  0.00177  0.00204
20.41087  0.00174  0.00203
20.48187 -0.00002  0.00203
20.55286  0.00211  0.00202
20.62386  0.00097  0.00197
20.69485  0.00224  0.00197
20.76584  0.00086  0.00196
20.83684  0.00046  0.00191
20.90783 -0.00057  0.00198
20.97883  0.00110  0.00192
21.04982  0.00023  0.00192
21.12082  0.00205  0.00185
21.19181 -0.00082  0.00189
21.26280  0.00202  0.00191
