 0.03550      inf      nan
 0.10650      inf      nan
 0.17749      inf      nan
 0.24849      inf      nan
 0.31949      inf      nan
 0.39048      inf      nan
 0.46148      inf      nan
 0.53248      inf      nan
 0.60347      inf      nan
 0.67447      inf      nan
 0.74547      inf      nan
 0.81646      inf      nan
 0.88746      inf      nan
 0.95846      inf      nan
 1.02945      inf      nan
 1.10045      inf      nan
 1.17145      inf      nan
 1.24245      inf      nan
 1.31344      inf      nan
 1.38444      inf      nan
 1.45544      inf      nan
 1.52643      inf      nan
 1.59743      inf      nan
 1.66843      inf      nan
 1.73942      inf      nan
 1.81042      inf      nan
 1.88142      inf      nan
 1.95241      inf      nan
 2.02341      inf      nan
 2.09441      inf      nan
 2.16541      inf      nan
 2.23640      inf      nan
 2.30740      inf      nan
 2.37840      inf      nan
 2.44939      inf      nan
 2.52039      inf      nan
 2.59139      inf      nan
 2.66238      inf      nan
 2.73338      inf      nan
 2.80438  5.09773  0.41364
 2.87537  3.93451  0.15953
 2.94637  2.88325  0.06587
 3.01737  2.07351  0.03608
 3.08836  1.51827  0.02696
 3.15936  1.06620  0.02088
 3.23036  0.72412  0.01714
 3.30136  0.47028  0.01434
 3.37235  0.23336  0.01235
 3.44335  0.07910  0.01104
 3.51435 -0.05261  0.01001
 3.58534 -0.14666  0.00914
 3.65634 -0.20942  0.00850
 3.72734 -0.26171  0.00807
 3.79833 -0.29893  0.00761
 3.86933 -0.31089  0.00736
 3.94033 -0.32217  0.00702
 4.01132 -0.33324  0.00684
 4.08232 -0.33291  0.00656
 4.15332 -0.34016  0.00641
 4.22432 -0.34489  0.00629
 4.29531 -0.35707  0.00625
 4.36631 -0.36495  0.00608
 4.43731 -0.36934  0.00605
 4.50830 -0.37445  0.00604
 4.57930 -0.36163  0.00601
 4.65030 -0.33769  0.00601
 4.72129 -0.31672  0.00595
 4.79229 -0.28214  0.00588
 4.86329 -0.24972  0.00590
 4.93428 -0.21095  0.00579
 5.00528 -0.18242  0.00592
 5.07628 -0.15652  0.00593
 5.14727 -0.14401  0.00591
 5.21827 -0.12980  0.00578
 5.28927 -0.11535  0.00580
 5.36027 -0.12132  0.00579
 5.43126 -0.11941  0.00569
 5.50226 -0.12259  0.00558
 5.57326 -0.12394  0.00554
 5.64425 -0.12869  0.00542
 5.71525 -0.13891  0.00535
 5.78625 -0.14700  0.00527
 5.85724 -0.14798  0.00514
 5.92824 -0.15437  0.00508
 5.99924 -0.15119  0.00498
 6.07023 -0.15026  0.00495
 6.14123 -0.15211  0.00483
 6.21223 -0.14990  0.00482
 6.28323 -0.14916  0.00472
 6.35422 -0.15070  0.00463
 6.42522 -0.14358  0.00473
 6.49622 -0.14520  0.00469
 6.56721 -0.13666  0.00465
 6.63821 -0.12963  0.00465
 6.70921 -0.12811  0.00462
 6.78020 -0.12409  0.00453
 6.85120 -0.11550  0.00454
 6.92220 -0.11170  0.00446
 6.99319 -0.10468  0.00451
 7.06419 -0.09182  0.00445
 7.13519 -0.08815  0.00440
 7.20618 -0.08343  0.00444
 7.27718 -0.08278  0.00437
 7.34818 -0.07820  0.00439
 7.41918 -0.07426  0.00428
 7.49017 -0.07678  0.00421
 7.56117 -0.07518  0.00420
 7.63217 -0.07275  0.00417
 7.70316 -0.07497  0.00412
 7.77416 -0.07752  0.00409
 7.84516 -0.07976  0.00405
 7.91615 -0.07907  0.00398
 7.98715 -0.07902  0.00397
 8.05815 -0.08189  0.00388
 8.12914 -0.08195  0.00389
 8.20014 -0.08270  0.00380
 8.27114 -0.08673  0.00379
 8.34213 -0.08611  0.00371
 8.41313 -0.08711  0.00374
 8.48413 -0.08313  0.00372
 8.55513 -0.08210  0.00367
 8.62612 -0.07954  0.00363
 8.69712 -0.07750  0.00362
 8.76812 -0.07799  0.00360
 8.83911 -0.07107  0.00356
 8.91011 -0.06975  0.00357
 8.98111 -0.06267  0.00358
 9.05210 -0.05603  0.00356
 9.12310 -0.05404  0.00355
 9.19410 -0.04989  0.00353
 9.26509 -0.04684  0.00347
 9.33609 -0.03852  0.00347
 9.40709 -0.03580  0.00345
 9.47809 -0.03604  0.00345
 9.54908 -0.03240  0.00337
 9.62008 -0.02893  0.00342
 9.69108 -0.02530  0.00338
 9.76207 -0.02560  0.00339
 9.83307 -0.02416  0.00334
 9.90407 -0.02199  0.00335
 9.97506 -0.02698  0.00331
10.04606 -0.02466  0.00330
10.11706 -0.02241  0.00323
10.18805 -0.02393  0.00324
10.25905 -0.02567  0.00325
10.33005 -0.02444  0.00322
10.40104 -0.02459  0.00319
10.47204 -0.02534  0.00319
10.54304 -0.02483  0.00313
10.61404 -0.02296  0.00315
10.68503 -0.02509  0.00312
10.75603 -0.02464  0.00310
10.82703 -0.02010  0.00309
10.89802 -0.01769  0.00308
10.96902 -0.01502  0.00305
11.04002 -0.01571  0.00303
11.11101 -0.01277  0.00299
11.18201 -0.01362  0.00301
11.25301 -0.01283  0.00300
11.32400 -0.00759  0.00296
11.39500 -0.00752  0.00295
11.46600 -0.01017  0.00294
11.53700 -0.00678  0.00292
11.60799 -0.00638  0.00291
11.67899 -0.00694  0.00284
11.74999 -0.00891  0.00285
11.82098 -0.00477  0.00282
11.89198 -0.00450  0.00281
11.96298 -0.00570  0.00279
12.03397 -0.00759  0.00279
12.10497 -0.00106  0.00275
12.17597 -0.00550  0.00274
12.24696 -0.00425  0.00271
12.31796 -0.00304  0.00273
12.38896 -0.00061  0.00274
12.45995 -0.00533  0.00269
12.53095 -0.00365  0.00272
12.60195 -0.00569  0.00269
12.67295 -0.00171  0.00267
12.74394 -0.00268  0.00268
12.81494 -0.00260  0.00264
12.88594 -0.00246  0.00262
12.95693 -0.00059  0.00261
13.02793 -0.00129  0.00258
13.09893  0.00181  0.00257
13.16992  0.00203  0.00252
13.24092 -0.00204  0.00257
13.31192 -0.00153  0.00252
13.38291 -0.00039  0.00253
13.45391  0.00064  0.00250
13.52491  0.00107  0.00247
13.59591  0.00203  0.00247
13.66690  0.00064  0.00246
13.73790  0.00365  0.00245
13.80890  0.00249  0.00243
13.87989  0.00294  0.00240
13.95089  0.00673  0.00241
14.02189  0.00964  0.00241
14.09288  0.00705  0.00236
14.16388  0.00984  0.00236
14.23488  0.01001  0.00232
14.30587  0.01220  0.00238
14.37687  0.01141  0.00236
14.44787  0.01106  0.00232
14.51886  0.01398  0.00234
14.58986  0.01382  0.00231
14.66086  0.01230  0.00229
14.73186  0.01458  0.00228
14.80285  0.01782  0.00229
14.87385  0.01317  0.00229
14.94485  0.01554  0.00227
15.01584  0.01907  0.00227
15.08684  0.01749  0.00225
15.15784  0.01798  0.00226
15.22883  0.01753  0.00222
15.29983  0.01921  0.00221
15.37083  0.01734  0.00219
15.44182  0.01850  0.00220
15.51282  0.01671  0.00220
15.58382  0.01602  0.00219
15.65481  0.01639  0.00219
15.72581  0.01674  0.00218
15.79681  0.01665  0.00213
15.86781  0.01475  0.00213
15.93880  0.01468  0.00214
16.00980  0.01514  0.00211
16.08080  0.01233  0.00210
16.15179  0.01357  0.00208
16.22279  0.01235  0.00207
16.29379  0.01347  0.00206
16.36478  0.01317  0.00203
16.43578  0.01332  0.00202
16.50678  0.01245  0.00202
16.57777  0.01368  0.00198
16.64877  0.01140  0.00200
16.71977  0.01374  0.00197
16.79077  0.01104  0.00193
16.86176  0.01267  0.00195
16.93276  0.01213  0.00189
17.00376  0.01299  0.00190
17.07475  0.01397  0.00188
17.14575  0.01234  0.00187
17.21675  0.01258  0.00186
17.28774  0.01289  0.00186
17.35874  0.01085  0.00183
17.42974  0.01104  0.00184
17.50073  0.00897  0.00186
17.57173  0.00887  0.00184
17.64273  0.01092  0.00183
17.71372  0.01153  0.00182
17.78472  0.01141  0.00183
17.85572  0.01039  0.00183
17.92672  0.00977  0.00183
17.99771  0.01033  0.00181
18.06871  0.01034  0.00180
18.13971  0.00913  0.00180
18.21070  0.01080  0.00177
18.28170  0.01081  0.00178
18.35270  0.00834  0.00175
18.42369  0.00947  0.00178
18.49469  0.00950  0.00175
18.56569  0.00920  0.00172
18.63668  0.00909  0.00172
18.70768  0.00695  0.00170
18.77868  0.00697  0.00168
18.84968  0.00794  0.00170
18.92067  0.00767  0.00169
18.99167  0.00662  0.00169
19.06267  0.00612  0.00169
19.13366  0.00636  0.00167
19.20466  0.00469  0.00169
19.27566  0.00505  0.00163
19.34665  0.00500  0.00167
19.41765  0.00577  0.00166
19.48865  0.00359  0.00166
19.55964  0.00366  0.00164
19.63064  0.00398  0.00164
19.70164  0.00322  0.00163
19.77263  0.00307  0.00161
19.84363  0.00210  0.00163
19.91463  0.00378  0.00163
19.98563  0.00422  0.00162
20.05662  0.00197  0.00161
20.12762  0.00471  0.00160
20.19862  0.00404  0.00162
20.26961  0.00182  0.00158
20.34061  0.00481  0.00159
20.41161  0.00225  0.00156
20.48260  0.00427  0.00158
20.55360  0.00507  0.00157
20.62460  0.00204  0.00156
20.69559  0.00153  0.00157
20.76659  0.00339  0.00154
20.83759  0.00295  0.00156
20.90859  0.00310  0.00153
20.97958  0.00219  0.00152
21.05058  0.00338  0.00152
21.12158  0.00290  0.00149
21.19257  0.00143  0.00152
21.26357  0.00366  0.00150
