 0.03549  0.00000      nan
 0.10648  0.00000      nan
 0.17746  0.00000      nan
 0.24844  0.00000      nan
 0.31943  0.00000      nan
 0.39041  0.00000      nan
 0.46140  0.00000      nan
 0.53238  0.00000      nan
 0.60336  0.00000      nan
 0.67435  0.00000      nan
 0.74533  0.00000      nan
 0.81632  0.00000      nan
 0.88730  0.00000      nan
 0.95828  0.00000      nan
 1.02927  0.00000      nan
 1.10025  0.00000      nan
 1.17124  0.00000      nan
 1.24222  0.00000      nan
 1.31321  0.00000      nan
 1.38419  0.00000      nan
 1.45517  0.00000      nan
 1.52616  0.00000      nan
 1.59714  0.00000      nan
 1.66813  0.00000      nan
 1.73911  0.00000      nan
 1.81009  0.00000      nan
 1.88108  0.00000      nan
 1.95206  0.00000      nan
 2.02305  0.00000      nan
 2.09403  0.00000      nan
 2.16501  0.00000      nan
 2.23600  0.00000      nan
 2.30698  0.00000      nan
 2.37797  0.00062  0.00043
 2.44895  0.00379  0.00115
 2.51993  0.05509  0.00406
 2.59092  0.47088  0.01473
 2.66190  1.80192  0.03963
 2.73289  3.81631  0.06795
 2.80387  4.94411  0.08134
 2.87485  4.93601  0.07729
 2.94584  4.23657  0.06791
 3.01682  3.55232  0.05785
 3.08781  2.97037  0.05074
 3.15879  2.54402  0.04271
 3.22977  2.27110  0.03743
 3.30076  1.99673  0.03320
 3.37174  1.80260  0.03156
 3.44273  1.70911  0.02780
 3.51371  1.61058  0.02707
 3.58470  1.51789  0.02549
 3.65568  1.48792  0.02618
 3.72666  1.46339  0.02430
 3.79765  1.45141  0.02443
 3.86863  1.46363  0.02433
 3.93962  1.50942  0.02452
 4.01060  1.53139  0.02466
 4.08158  1.63390  0.02562
 4.15257  1.69366  0.02551
 4.22355  1.80137  0.02517
 4.29454  1.91599  0.02603
 4.36552  2.00169  0.02522
 4.43650  2.09129  0.02618
 4.50749  2.17007  0.02596
 4.57847  2.26779  0.02764
 4.64946  2.34328  0.02846
 4.72044  2.39667  0.02819
 4.79142  2.43553  0.02787
 4.86241  2.47422  0.02733
 4.93339  2.45076  0.02601
 5.00438  2.45333  0.02578
 5.07536  2.37622  0.02445
 5.14634  2.24936  0.02345
 5.21733  2.09256  0.02254
 5.28831  1.90140  0.02149
 5.35930  1.72980  0.01990
 5.43028  1.60371  0.01946
 5.50127  1.49508  0.01877
 5.57225  1.40996  0.01837
 5.64323  1.35208  0.01844
 5.71422  1.30547  0.01710
 5.78520  1.26579  0.01715
 5.85619  1.25018  0.01687
 5.92717  1.23546  0.01717
 5.99815  1.23503  0.01660
 6.06914  1.21562  0.01676
 6.14012  1.21857  0.01641
 6.21111  1.23523  0.01604
 6.28209  1.23079  0.01613
 6.35307  1.22507  0.01567
 6.42406  1.23748  0.01517
 6.49504  1.23973  0.01583
 6.56603  1.24578  0.01568
 6.63701  1.26586  0.01573
 6.70799  1.25441  0.01524
 6.77898  1.26406  0.01485
 6.84996  1.25921  0.01561
 6.92095  1.25272  0.01497
 6.99193  1.25651  0.01524
 7.06291  1.24516  0.01480
 7.13390  1.21906  0.01482
 7.20488  1.21470  0.01451
 7.27587  1.19366  0.01391
 7.34685  1.18922  0.01417
 7.41783  1.17566  0.01387
 7.48882  1.15482  0.01351
 7.55980  1.12641  0.01316
 7.63079  1.10801  0.01314
 7.70177  1.09576  0.01308
 7.77276  1.07839  0.01276
 7.84374  1.06052  0.01246
 7.91472  1.05918  0.01201
 7.98571  1.04282  0.01189
 8.05669  1.02943  0.01168
 8.12768  1.02355  0.01135
 8.19866  1.02893  0.01130
 8.26964  1.01800  0.01122
 8.34063  1.02139  0.01123
 8.41161  1.01340  0.01107
 8.48260  1.01899  0.01071
 8.55358  1.01977  0.01068
 8.62456  1.01794  0.01054
 8.69555  1.01435  0.01042
 8.76653  1.02052  0.01072
 8.83752  1.02314  0.01057
 8.90850  1.01817  0.01039
 8.97948  1.02240  0.01002
 9.05047  1.02319  0.01024
 9.12145  1.01860  0.01029
 9.19244  1.01820  0.01010
 9.26342  1.01660  0.00995
 9.33440  1.01710  0.00997
 9.40539  1.01229  0.01000
 9.47637  1.00879  0.00972
 9.54736  1.00851  0.00976
 9.61834  1.00204  0.00957
 9.68932  0.98439  0.00938
 9.76031  0.98777  0.00935
 9.83129  0.98805  0.00942
 9.90228  0.98136  0.00909
 9.97326  0.97520  0.00902
10.04425  0.97693  0.00894
10.11523  0.96546  0.00884
10.18621  0.97722  0.00893
10.25720  0.96999  0.00859
10.32818  0.97114  0.00851
10.39917  0.97235  0.00861
10.47015  0.96697  0.00831
10.54113  0.96533  0.00833
10.61212  0.97428  0.00838
10.68310  0.97247  0.00814
10.75409  0.96359  0.00812
10.82507  0.97265  0.00795
10.89605  0.96687  0.00804
10.96704  0.96450  0.00816
11.03802  0.96480  0.00802
11.10901  0.96843  0.00790
11.17999  0.96175  0.00772
11.25097  0.95974  0.00770
11.32196  0.97058  0.00776
11.39294  0.96630  0.00775
11.46393  0.96817  0.00794
11.53491  0.96285  0.00768
11.60589  0.96180  0.00786
11.67688  0.96329  0.00778
11.74786  0.96154  0.00765
11.81885  0.95899  0.00743
11.88983  0.95798  0.00727
11.96082  0.95761  0.00732
12.03180  0.96033  0.00726
12.10278  0.96120  0.00714
12.17377  0.95569  0.00713
12.24475  0.96583  0.00711
12.31574  0.95660  0.00693
12.38672  0.96367  0.00725
12.45770  0.96938  0.00699
12.52869  0.96766  0.00710
12.59967  0.96542  0.00712
12.67066  0.97320  0.00710
12.74164  0.96905  0.00687
12.81262  0.97434  0.00688
12.88361  0.97525  0.00681
12.95459  0.97485  0.00702
13.02558  0.97249  0.00668
13.09656  0.97783  0.00675
13.16754  0.97354  0.00655
13.23853  0.97879  0.00672
13.30951  0.97747  0.00660
13.38050  0.97839  0.00664
13.45148  0.97948  0.00646
13.52246  0.98176  0.00637
13.59345  0.98434  0.00649
13.66443  0.98375  0.00657
13.73542  0.98944  0.00635
13.80640  0.98705  0.00631
13.87738  0.98316  0.00624
13.94837  0.98787  0.00602
14.01935  0.99495  0.00613
14.09034  0.98852  0.00607
14.16132  0.99463  0.00608
14.23231  0.99402  0.00602
14.30329  0.99518  0.00606
14.37427  0.99413  0.00597
14.44526  0.99844  0.00607
14.51624  0.99644  0.00584
14.58723  0.99493  0.00591
14.65821  0.99880  0.00582
14.72919  0.99930  0.00589
14.80018  1.00893  0.00575
14.87116  1.00668  0.00577
14.94215  1.00631  0.00567
15.01313  1.00696  0.00584
15.08411  1.00307  0.00572
15.15510  1.00400  0.00599
15.22608  1.01113  0.00595
15.29707  1.01467  0.00577
15.36805  1.01106  0.00586
15.43903  1.00960  0.00584
15.51002  1.00976  0.00593
15.58100  1.01214  0.00595
15.65199  1.01397  0.00597
15.72297  1.01637  0.00581
15.79395  1.00970  0.00573
15.86494  1.01736  0.00576
15.93592  1.01446  0.00583
16.00691  1.01435  0.00571
16.07789  1.01720  0.00570
16.14887  1.01627  0.00572
16.21986  1.02185  0.00579
16.29084  1.01201  0.00583
16.36183  1.01215  0.00556
16.43281  1.01329  0.00549
16.50380  1.01773  0.00536
16.57478  1.01109  0.00523
16.64576  1.01247  0.00530
16.71675  1.01064  0.00533
16.78773  1.01195  0.00528
16.85872  1.01034  0.00524
16.92970  1.00912  0.00532
17.00068  1.00933  0.00527
17.07167  1.00887  0.00514
17.14265  1.00634  0.00527
17.21364  1.00962  0.00521
17.28462  1.00617  0.00508
17.35560  1.00978  0.00500
17.42659  1.00902  0.00503
17.49757  1.01368  0.00514
17.56856  1.00431  0.00494
17.63954  1.00799  0.00503
17.71052  1.00881  0.00489
17.78151  1.00888  0.00503
17.85249  1.00598  0.00493
17.92348  1.00724  0.00500
17.99446  1.00467  0.00496
18.06544  1.00311  0.00494
18.13643  1.00667  0.00498
18.20741  1.01245  0.00497
18.27840  1.01053  0.00485
18.34938  1.00759  0.00484
18.42037  1.00986  0.00502
18.49135  1.00984  0.00496
18.56233  1.00539  0.00494
18.63332  1.00748  0.00488
18.70430  1.00673  0.00491
18.77529  1.00682  0.00481
18.84627  1.01183  0.00470
18.91725  1.00610  0.00470
18.98824  1.00670  0.00470
19.05922  1.01089  0.00473
19.13021  1.01037  0.00458
19.20119  1.01124  0.00455
19.27217  1.01027  0.00457
19.34316  1.01446  0.00477
19.41414  1.01000  0.00461
19.48513  1.01336  0.00447
19.55611  1.01036  0.00457
19.62709  1.01211  0.00445
19.69808  1.01277  0.00452
19.76906  1.01051  0.00449
19.84005  1.01294  0.00456
19.91103  1.01388  0.00449
19.98201  1.01525  0.00461
20.05300  1.01334  0.00465
20.12398  1.01762  0.00454
20.19497  1.01459  0.00446
20.26595  1.01255  0.00452
20.33693  1.01740  0.00435
20.40792  1.01111  0.00441
20.47890  1.01517  0.00455
20.54989  1.01368  0.00435
20.62087  1.01203  0.00431
20.69186  1.01452  0.00443
20.76284  1.01197  0.00421
20.83382  1.01362  0.00425
20.90481  1.00990  0.00419
20.97579  1.01093  0.00430
21.04678  1.00638  0.00418
21.11776  1.00771  0.00423
21.18874  1.00569  0.00423
21.25973  1.00869  0.00424
