 0.03549  0.00000      nan
 0.10647  0.00000      nan
 0.17745  0.00000      nan
 0.24843  0.00000      nan
 0.31941  0.00000      nan
 0.39039  0.00000      nan
 0.46137  0.00000      nan
 0.53236  0.00000      nan
 0.60334  0.00000      nan
 0.67432  0.00000      nan
 0.74530  0.00000      nan
 0.81628  0.00000      nan
 0.88726  0.00000      nan
 0.95824  0.00000      nan
 1.02922  0.00000      nan
 1.10020  0.00000      nan
 1.17118  0.00000      nan
 1.24216  0.00000      nan
 1.31314  0.00000      nan
 1.38412  0.00000      nan
 1.45510  0.00000      nan
 1.52609  0.00000      nan
 1.59707  0.00000      nan
 1.66805  0.00000      nan
 1.73903  0.00000      nan
 1.81001  0.00000      nan
 1.88099  0.00000      nan
 1.95197  0.00000      nan
 2.02295  0.00000      nan
 2.09393  0.00000      nan
 2.16491  0.00000      nan
 2.23589  0.00000      nan
 2.30687  0.00000      nan
 2.37785  0.00000      nan
 2.44883  0.00000      nan
 2.51982  0.00000      nan
 2.59080  0.00000      nan
 2.66178  0.00000      nan
 2.73276  0.00000      nan
 2.80374  0.00000      nan
 2.87472  0.00000      nan
 2.94570  0.00000      nan
 3.01668  0.00126  0.00032
 3.08766  0.01126  0.00110
 3.15864  0.05839  0.00256
 3.22962  0.26019  0.00623
 3.30060  0.84453  0.01367
 3.37158  2.08767  0.02511
 3.44256  3.98579  0.03881
 3.51355  5.99724  0.05037
 3.58453  7.29973  0.05624
 3.65551  7.58507  0.05516
 3.72649  7.15343  0.05078
 3.79747  6.31346  0.04526
 3.86845  5.40689  0.04008
 3.93943  4.57776  0.03501
 4.01041  3.88298  0.03084
 4.08139  3.33362  0.02737
 4.15237  2.89753  0.02460
 4.22335  2.54234  0.02256
 4.29433  2.24123  0.02025
 4.36531  2.02224  0.01869
 4.43629  1.82513  0.01718
 4.50728  1.69024  0.01606
 4.57826  1.58589  0.01524
 4.64924  1.52731  0.01456
 4.72022  1.48969  0.01429
 4.79120  1.49508  0.01450
 4.86218  1.51311  0.01440
 4.93316  1.53046  0.01438
 5.00414  1.56072  0.01426
 5.07512  1.59545  0.01440
 5.14610  1.61301  0.01442
 5.21708  1.64799  0.01436
 5.28806  1.66261  0.01427
 5.35904  1.66080  0.01424
 5.43002  1.67636  0.01414
 5.50101  1.66720  0.01390
 5.57199  1.66663  0.01364
 5.64297  1.66086  0.01344
 5.71395  1.65677  0.01345
 5.78493  1.64373  0.01309
 5.85591  1.62018  0.01284
 5.92689  1.60469  0.01273
 5.99787  1.57925  0.01252
 6.06885  1.54474  0.01214
 6.13983  1.48982  0.01168
 6.21081  1.44650  0.01116
 6.28179  1.39492  0.01105
 6.35277  1.35321  0.01059
 6.42375  1.28096  0.01022
 6.49473  1.24161  0.00989
 6.56572  1.18916  0.00950
 6.63670  1.15343  0.00932
 6.70768  1.12654  0.00891
 6.77866  1.09825  0.00872
 6.84964  1.08240  0.00855
 6.92062  1.07253  0.00837
 6.99160  1.06563  0.00834
 7.06258  1.06858  0.00829
 7.13356  1.06139  0.00809
 7.20454  1.07749  0.00817
 7.27552  1.08343  0.00797
 7.34650  1.08684  0.00799
 7.41748  1.09735  0.00795
 7.48846  1.11236  0.00797
 7.55945  1.12992  0.00800
 7.63043  1.14118  0.00809
 7.70141  1.13857  0.00793
 7.77239  1.16456  0.00804
 7.84337  1.17375  0.00800
 7.91435  1.18054  0.00799
 7.98533  1.19075  0.00797
 8.05631  1.18854  0.00794
 8.12729  1.19567  0.00789
 8.19827  1.18800  0.00786
 8.26925  1.18643  0.00775
 8.34023  1.18426  0.00760
 8.41121  1.18090  0.00761
 8.48219  1.17206  0.00749
 8.55318  1.16315  0.00740
 8.62416  1.15270  0.00726
 8.69514  1.14584  0.00723
 8.76612  1.13725  0.00704
 8.83710  1.11850  0.00692
 8.90808  1.11225  0.00675
 8.97906  1.10780  0.00679
 9.05004  1.09601  0.00664
 9.12102  1.08143  0.00656
 9.19200  1.08603  0.00651
 9.26298  1.08232  0.00644
 9.33396  1.08148  0.00651
 9.40494  1.07297  0.00638
 9.47592  1.07759  0.00632
 9.54691  1.07204  0.00628
 9.61789  1.07307  0.00621
 9.68887  1.07522  0.00629
 9.75985  1.07266  0.00617
 9.83083  1.07348  0.00620
 9.90181  1.07168  0.00603
 9.97279  1.07310  0.00605
10.04377  1.06937  0.00607
10.11475  1.07101  0.00594
10.18573  1.06152  0.00582
10.25671  1.06257  0.00580
10.32769  1.06441  0.00579
10.39867  1.06081  0.00570
10.46965  1.06447  0.00572
10.54064  1.05742  0.00560
10.61162  1.06050  0.00555
10.68260  1.05418  0.00553
10.75358  1.04944  0.00551
10.82456  1.05174  0.00549
10.89554  1.04817  0.00543
10.96652  1.04892  0.00541
11.03750  1.04522  0.00533
11.10848  1.04927  0.00531
11.17946  1.04610  0.00532
11.25044  1.04105  0.00528
11.32142  1.04313  0.00518
11.39240  1.04443  0.00518
11.46338  1.03478  0.00512
11.53437  1.03945  0.00514
11.60535  1.03429  0.00502
11.67633  1.03284  0.00506
11.74731  1.03276  0.00505
11.81829  1.03278  0.00506
11.88927  1.02759  0.00499
11.96025  1.02925  0.00499
12.03123  1.02268  0.00492
12.10221  1.02110  0.00486
12.17319  1.02368  0.00487
12.24417  1.01643  0.00472
12.31515  1.02330  0.00479
12.38613  1.01845  0.00476
12.45711  1.01325  0.00465
12.52810  1.01416  0.00470
12.59908  1.01348  0.00466
12.67006  1.01628  0.00468
12.74104  1.01178  0.00460
12.81202  1.01190  0.00452
12.88300  1.00752  0.00451
12.95398  1.00458  0.00447
13.02496  1.00332  0.00439
13.09594  1.00025  0.00440
13.16692  0.99573  0.00434
13.23790  0.99952  0.00430
13.30888  0.99253  0.00432
13.37986  0.99646  0.00422
13.45084  0.99595  0.00425
13.52183  0.99545  0.00425
13.59281  0.99242  0.00422
13.66379  0.99041  0.00409
13.73477  0.98980  0.00421
13.80575  0.98991  0.00417
13.87673  0.98962  0.00413
13.94771  0.98826  0.00413
14.01869  0.98546  0.00409
14.08967  0.98270  0.00403
14.16065  0.98062  0.00402
14.23163  0.98078  0.00402
14.30261  0.98081  0.00399
14.37359  0.98101  0.00399
14.44457  0.97982  0.00396
14.51556  0.98244  0.00392
14.58654  0.98211  0.00387
14.65752  0.97870  0.00386
14.72850  0.98263  0.00385
14.79948  0.98349  0.00387
14.87046  0.98117  0.00383
14.94144  0.97829  0.00379
15.01242  0.98356  0.00379
15.08340  0.98103  0.00377
15.15438  0.97828  0.00371
15.22536  0.98206  0.00372
15.29634  0.98073  0.00368
15.36732  0.98146  0.00364
15.43830  0.98273  0.00366
15.50929  0.98132  0.00363
15.58027  0.98000  0.00366
15.65125  0.98135  0.00355
15.72223  0.98285  0.00355
15.79321  0.98353  0.00351
15.86419  0.98481  0.00357
15.93517  0.98175  0.00347
16.00615  0.98477  0.00344
16.07713  0.98199  0.00346
16.14811  0.97944  0.00349
16.21909  0.98359  0.00340
16.29007  0.98284  0.00341
16.36105  0.98807  0.00338
16.43203  0.98295  0.00336
16.50302  0.98626  0.00333
16.57400  0.98248  0.00335
16.64498  0.98403  0.00334
16.71596  0.98203  0.00339
16.78694  0.98122  0.00337
16.85792  0.98223  0.00333
16.92890  0.98298  0.00333
16.99988  0.98276  0.00332
17.07086  0.98341  0.00332
17.14184  0.98499  0.00327
17.21282  0.98035  0.00323
17.28380  0.98242  0.00329
17.35478  0.98134  0.00322
17.42576  0.98662  0.00322
17.49675  0.98377  0.00320
17.56773  0.98462  0.00317
17.63871  0.98261  0.00317
17.70969  0.98282  0.00318
17.78067  0.98397  0.00316
17.85165  0.98635  0.00319
17.92263  0.98378  0.00319
17.99361  0.98326  0.00318
18.06459  0.98439  0.00315
18.13557  0.98220  0.00312
18.20655  0.98319  0.00317
18.27753  0.98268  0.00315
18.34851  0.98157  0.00313
18.41949  0.97963  0.00308
18.49047  0.97981  0.00311
18.56146  0.98218  0.00308
18.63244  0.98127  0.00305
18.70342  0.97625  0.00304
18.77440  0.98026  0.00303
18.84538  0.97951  0.00301
18.91636  0.97824  0.00299
18.98734  0.97838  0.00295
19.05832  0.97670  0.00295
19.12930  0.97809  0.00291
19.20028  0.97782  0.00296
19.27126  0.97924  0.00293
19.34224  0.97728  0.00288
19.41322  0.97720  0.00290
19.48420  0.97529  0.00289
19.55519  0.97846  0.00284
19.62617  0.97515  0.00283
19.69715  0.97879  0.00281
19.76813  0.97903  0.00281
19.83911  0.97829  0.00279
19.91009  0.97846  0.00276
19.98107  0.97687  0.00281
20.05205  0.97790  0.00275
20.12303  0.97771  0.00275
20.19401  0.97896  0.00275
20.26499  0.97805  0.00273
20.33597  0.97623  0.00271
20.40695  0.97854  0.00270
20.47793  0.97719  0.00268
20.54892  0.97479  0.00265
20.61990  0.97524  0.00266
20.69088  0.97234  0.00263
20.76186  0.97728  0.00262
20.83284  0.97620  0.00258
20.90382  0.97671  0.00263
20.97480  0.97481  0.00259
21.04578  0.97566  0.00260
21.11676  0.97762  0.00262
21.18774  0.97613  0.00258
21.25872  0.97563  0.00262
