 0.03549  0.00000
 0.10647  0.00000
 0.17745  0.00000
 0.24843  0.00000
 0.31941  0.00000
 0.39039  0.00000
 0.46137  0.00000
 0.53236  0.00000
 0.60334  0.00000
 0.67432  0.00000
 0.74530  0.00000
 0.81628  0.00000
 0.88726  0.00000
 0.95824  0.00000
 1.02922  0.00000
 1.10020  0.00000
 1.17118  0.00000
 1.24216  0.00000
 1.31314  0.00000
 1.38412  0.00000
 1.45510  0.00000
 1.52609  0.00000
 1.59707  0.00000
 1.66805  0.00000
 1.73903  0.00000
 1.81001  0.00000
 1.88099  0.00000
 1.95197  0.00000
 2.02295  0.00000
 2.09393  0.00000
 2.16491  0.00000
 2.23589  0.00000
 2.30687  0.00001
 2.37785  0.00072
 2.44883  0.01902
 2.51982  0.22040
 2.59080  1.04945
 2.66178  2.34970
 2.73276  3.07036
 2.80374  2.84945
 2.87472  2.20726
 2.94570  1.60037
 3.01668  1.16472
 3.08766  0.88608
 3.15864  0.71317
 3.22962  0.61081
 3.30060  0.55320
 3.37158  0.52578
 3.44256  0.51915
 3.51355  0.52903
 3.58453  0.55086
 3.65551  0.58443
 3.72649  0.62606
 3.79747  0.67245
 3.86845  0.72911
 3.93943  0.78685
 4.01041  0.84805
 4.08139  0.91052
 4.15237  0.97263
 4.22335  1.03529
 4.29433  1.09405
 4.36531  1.15161
 4.43629  1.20071
 4.50728  1.24351
 4.57826  1.27227
 4.64924  1.28534
 4.72022  1.28576
 4.79120  1.27422
 4.86218  1.25065
 4.93316  1.21708
 5.00414  1.17783
 5.07512  1.13405
 5.14610  1.08848
 5.21708  1.04117
 5.28806  0.99694
 5.35904  0.95658
 5.43002  0.92245
 5.50101  0.89412
 5.57199  0.87346
 5.64297  0.86003
 5.71395  0.85250
 5.78493  0.85136
 5.85591  0.85398
 5.92689  0.86054
 5.99787  0.87025
 6.06885  0.88114
 6.13983  0.89385
 6.21081  0.90824
 6.28179  0.92244
 6.35277  0.93709
 6.42375  0.95129
 6.49473  0.96550
 6.56572  0.97839
 6.63670  0.99035
 6.70768  1.00116
 6.77866  1.00987
 6.84964  1.01799
 6.92062  1.02335
 6.99160  1.02834
 7.06258  1.02982
 7.13356  1.03189
 7.20454  1.03046
 7.27552  1.02887
 7.34650  1.02496
 7.41748  1.01994
 7.48846  1.01480
 7.55945  1.00814
 7.63043  1.00253
 7.70141  0.99704
 7.77239  0.99247
 7.84337  0.98996
 7.91435  0.98596
 7.98533  0.98485
 8.05631  0.98527
 8.12729  0.98538
 8.19827  0.98707
 8.26925  0.98933
 8.34023  0.99177
 8.41121  0.99452
 8.48219  0.99797
 8.55318  1.00048
 8.62416  1.00313
 8.69514  1.00452
 8.76612  1.00573
 8.83710  1.00647
 8.90808  1.00621
 8.97906  1.00532
 9.05004  1.00461
 9.12102  1.00359
 9.19200  1.00179
 9.26298  0.99972
 9.33396  0.99775
 9.40494  0.99546
 9.47592  0.99397
 9.54691  0.99182
 9.61789  0.99053
 9.68887  0.98914
 9.75985  0.98834
 9.83083  0.98780
 9.90181  0.98834
 9.97279  0.98824
10.04377  0.98867
10.11475  0.99014
10.18573  0.99113
10.25671  0.99286
10.32769  0.99419
10.39867  0.99610
10.46965  0.99768
10.54064  0.99906
10.61162  1.00040
10.68260  1.00200
10.75358  1.00323
10.82456  1.00424
10.89554  1.00497
10.96652  1.00499
11.03750  1.00558
11.10848  1.00568
11.17946  1.00514
11.25044  1.00490
11.32142  1.00383
11.39240  1.00295
11.46338  1.00284
11.53437  1.00142
11.60535  1.00053
11.67633  0.99972
11.74731  0.99901
11.81829  0.99832
11.88927  0.99792
11.96025  0.99741
12.03123  0.99690
12.10221  0.99638
12.17319  0.99681
12.24417  0.99672
12.31515  0.99734
12.38613  0.99736
12.45711  0.99825
12.52810  0.99844
12.59908  0.99854
12.67006  0.99894
12.74104  0.99946
12.81202  1.00028
12.88300  1.00043
12.95398  1.00053
13.02496  1.00121
13.09594  1.00152
13.16692  1.00128
13.23790  1.00137
13.30888  1.00170
13.37986  1.00117
13.45084  1.00170
13.52183  1.00119
13.59281  1.00093
13.66379  1.00110
13.73477  1.00095
13.80575  1.00106
13.87673  1.00053
13.94771  1.00063
14.01869  1.00022
14.08967  1.00012
14.16065  1.00016
14.23163  1.00009
14.30261  1.00042
14.37359  1.00025
14.44457  1.00025
14.51556  1.00019
14.58654  1.00019
14.65752  1.00097
14.72850  1.00096
14.79948  1.00079
14.87046  1.00117
14.94144  1.00143
15.01242  1.00116
15.08340  1.00109
15.15438  1.00139
15.22536  1.00138
15.29634  1.00136
15.36732  1.00145
15.43830  1.00131
15.50929  1.00116
15.58027  1.00144
15.65125  1.00133
15.72223  1.00101
15.79321  1.00120
15.86419  1.00118
15.93517  1.00070
16.00615  1.00075
16.07713  1.00080
16.14811  1.00089
16.21909  1.00084
16.29007  1.00083
16.36105  1.00062
16.43203  1.00064
16.50302  1.00073
16.57400  1.00070
16.64498  1.00093
16.71596  1.00105
16.78694  1.00115
16.85792  1.00140
16.92890  1.00111
16.99988  1.00134
17.07086  1.00127
17.14184  1.00134
17.21282  1.00131
17.28380  1.00138
17.35478  1.00133
17.42576  1.00133
17.49675  1.00134
17.56773  1.00127
17.63871  1.00107
17.70969  1.00099
17.78067  1.00136
17.85165  1.00070
17.92263  1.00096
17.99361  1.00094
18.06459  1.00082
18.13557  1.00081
18.20655  1.00091
18.27753  1.00085
18.34851  1.00093
18.41949  1.00087
18.49047  1.00060
18.56146  1.00118
18.63244  1.00072
18.70342  1.00077
18.77440  1.00084
18.84538  1.00102
18.91636  1.00086
18.98734  1.00062
19.05832  1.00120
19.12930  1.00102
19.20028  1.00133
19.27126  1.00126
19.34224  1.00160
19.41322  1.00139
19.48420  1.00115
19.55519  1.00116
19.62617  1.00155
19.69715  1.00135
19.76813  1.00131
19.83911  1.00123
19.91009  1.00134
19.98107  1.00130
20.05205  1.00115
20.12303  1.00117
20.19401  1.00148
20.26499  1.00123
20.33597  1.00116
20.40695  1.00113
20.47793  1.00125
20.54892  1.00114
20.61990  1.00155
20.69088  1.00124
20.76186  1.00122
20.83284  1.00129
20.90382  1.00119
20.97480  1.00133
21.04578  1.00141
21.11676  1.00151
21.18774  1.00151
21.25872  1.00055
