 0.03549  0.00000
 0.10647  0.00000
 0.17745  0.00000
 0.24843  0.00000
 0.31941  0.00000
 0.39039  0.00000
 0.46137  0.00000
 0.53236  0.00000
 0.60334  0.00000
 0.67432  0.00000
 0.74530  0.00000
 0.81628  0.00000
 0.88726  0.00000
 0.95824  0.00000
 1.02922  0.00000
 1.10020  0.00000
 1.17118  0.00000
 1.24216  0.00000
 1.31314  0.00000
 1.38412  0.00000
 1.45510  0.00000
 1.52609  0.00000
 1.59707  0.00000
 1.66805  0.00000
 1.73903  0.00000
 1.81001  0.00000
 1.88099  0.00000
 1.95197  0.00000
 2.02295  0.00000
 2.09393  0.00000
 2.16491  0.00000
 2.23589  0.00000
 2.30687  0.00000
 2.37785  0.00000
 2.44883  0.00000
 2.51982  0.00000
 2.59080  0.00000
 2.66178  0.00000
 2.73276  0.00000
 2.80374  0.00001
 2.87472  0.00008
 2.94570  0.00035
 3.01668  0.00131
 3.08766  0.00435
 3.15864  0.01368
 3.22962  0.03811
 3.30060  0.09589
 3.37158  0.21357
 3.44256  0.41906
 3.51355  0.71310
 3.58453  1.05655
 3.65551  1.37636
 3.72649  1.60833
 3.79747  1.72333
 3.86845  1.73325
 3.93943  1.66395
 4.01041  1.55663
 4.08139  1.43788
 4.15237  1.32311
 4.22335  1.22595
 4.29433  1.14036
 4.36531  1.06841
 4.43629  1.01143
 4.50728  0.97038
 4.57826  0.94207
 4.64924  0.92505
 4.72022  0.91466
 4.79120  0.91246
 4.86218  0.91429
 4.93316  0.92001
 5.00414  0.92871
 5.07512  0.93914
 5.14610  0.95046
 5.21708  0.96361
 5.28806  0.97617
 5.35904  0.98973
 5.43002  1.00341
 5.50101  1.01665
 5.57199  1.02875
 5.64297  1.04188
 5.71395  1.05189
 5.78493  1.06063
 5.85591  1.06673
 5.92689  1.06892
 5.99787  1.06673
 6.06885  1.06107
 6.13983  1.05120
 6.21081  1.03805
 6.28179  1.02243
 6.35277  1.00554
 6.42375  0.98791
 6.49473  0.97229
 6.56572  0.95878
 6.63670  0.94878
 6.70768  0.94234
 6.77866  0.93930
 6.84964  0.93958
 6.92062  0.94325
 6.99160  0.94817
 7.06258  0.95580
 7.13356  0.96402
 7.20454  0.97268
 7.27552  0.98242
 7.34650  0.99127
 7.41748  1.00058
 7.48846  1.01012
 7.55945  1.01800
 7.63043  1.02530
 7.70141  1.03159
 7.77239  1.03718
 7.84337  1.04214
 7.91435  1.04496
 7.98533  1.04624
 8.05631  1.04650
 8.12729  1.04530
 8.19827  1.04288
 8.26925  1.03996
 8.34023  1.03528
 8.41121  1.03055
 8.48219  1.02458
 8.55318  1.01748
 8.62416  1.01087
 8.69514  1.00453
 8.76612  0.99886
 8.83710  0.99398
 8.90808  0.98962
 8.97906  0.98624
 9.05004  0.98403
 9.12102  0.98317
 9.19200  0.98227
 9.26298  0.98268
 9.33396  0.98478
 9.40494  0.98522
 9.47592  0.98862
 9.54691  0.99128
 9.61789  0.99392
 9.68887  0.99676
 9.75985  0.99935
 9.83083  1.00173
 9.90181  1.00390
 9.97279  1.00603
10.04377  1.00701
10.11475  1.00838
10.18573  1.00914
10.25671  1.00957
10.32769  1.00946
10.39867  1.00950
10.46965  1.00800
10.54064  1.00773
10.61162  1.00683
10.68260  1.00523
10.75358  1.00399
10.82456  1.00313
10.89554  1.00189
10.96652  1.00107
11.03750  1.00006
11.10848  0.99897
11.17946  0.99911
11.25044  0.99885
11.32142  0.99921
11.39240  0.99949
11.46338  0.99953
11.53437  0.99999
11.60535  1.00054
11.67633  1.00062
11.74731  1.00155
11.81829  1.00195
11.88927  1.00253
11.96025  1.00344
12.03123  1.00354
12.10221  1.00347
12.17319  1.00364
12.24417  1.00363
12.31515  1.00384
12.38613  1.00381
12.45711  1.00365
12.52810  1.00331
12.59908  1.00261
12.67006  1.00216
12.74104  1.00174
12.81202  1.00164
12.88300  1.00115
12.95398  1.00090
13.02496  1.00050
13.09594  1.00015
13.16692  1.00011
13.23790  0.99971
13.30888  0.99994
13.37986  1.00025
13.45084  0.99999
13.52183  1.00050
13.59281  1.00054
13.66379  1.00051
13.73477  1.00138
13.80575  1.00160
13.87673  1.00174
13.94771  1.00229
14.01869  1.00238
14.08967  1.00301
14.16065  1.00319
14.23163  1.00347
14.30261  1.00326
14.37359  1.00353
14.44457  1.00341
14.51556  1.00322
14.58654  1.00333
14.65752  1.00305
14.72850  1.00267
14.79948  1.00274
14.87046  1.00278
14.94144  1.00254
15.01242  1.00234
15.08340  1.00199
15.15438  1.00208
15.22536  1.00184
15.29634  1.00152
15.36732  1.00130
15.43830  1.00151
15.50929  1.00111
15.58027  1.00127
15.65125  1.00125
15.72223  1.00173
15.79321  1.00148
15.86419  1.00190
15.93517  1.00161
16.00615  1.00180
16.07713  1.00172
16.14811  1.00226
16.21909  1.00192
16.29007  1.00186
16.36105  1.00168
16.43203  1.00178
16.50302  1.00220
16.57400  1.00194
16.64498  1.00234
16.71596  1.00210
16.78694  1.00222
16.85792  1.00202
16.92890  1.00211
16.99988  1.00175
17.07086  1.00173
17.14184  1.00173
17.21282  1.00177
17.28380  1.00178
17.35478  1.00185
17.42576  1.00170
17.49675  1.00170
17.56773  1.00187
17.63871  1.00174
17.70969  1.00189
17.78067  1.00161
17.85165  1.00164
17.92263  1.00192
17.99361  1.00192
18.06459  1.00195
18.13557  1.00214
18.20655  1.00169
18.27753  1.00180
18.34851  1.00171
18.41949  1.00197
18.49047  1.00192
18.56146  1.00181
18.63244  1.00183
18.70342  1.00180
18.77440  1.00163
18.84538  1.00158
18.91636  1.00131
18.98734  1.00139
19.05832  1.00108
19.12930  1.00124
19.20028  1.00098
19.27126  1.00097
19.34224  1.00119
19.41322  1.00094
19.48420  1.00088
19.55519  1.00111
19.62617  1.00098
19.69715  1.00064
19.76813  1.00096
19.83911  1.00118
19.91009  1.00111
19.98107  1.00104
20.05205  1.00115
20.12303  1.00116
20.19401  1.00114
20.26499  1.00121
20.33597  1.00127
20.40695  1.00117
20.47793  1.00145
20.54892  1.00124
20.61990  1.00136
20.69088  1.00128
20.76186  1.00137
20.83284  1.00120
20.90382  1.00143
20.97480  1.00116
21.04578  1.00133
21.11676  1.00123
21.18774  1.00108
21.25872  1.00064
