 0.03549      inf      nan
 0.10647      inf      nan
 0.17745      inf      nan
 0.24843      inf      nan
 0.31941      inf      nan
 0.39039      inf      nan
 0.46137      inf      nan
 0.53236      inf      nan
 0.60334      inf      nan
 0.67432      inf      nan
 0.74530      inf      nan
 0.81628      inf      nan
 0.88726      inf      nan
 0.95824      inf      nan
 1.02922      inf      nan
 1.10020      inf      nan
 1.17118      inf      nan
 1.24216      inf      nan
 1.31314      inf      nan
 1.38412      inf      nan
 1.45510      inf      nan
 1.52609      inf      nan
 1.59707      inf      nan
 1.66805      inf      nan
 1.73903      inf      nan
 1.81001      inf      nan
 1.88099      inf      nan
 1.95197      inf      nan
 2.02295      inf      nan
 2.09393      inf      nan
 2.16491      inf      nan
 2.23589      inf      nan
 2.30687      inf      nan
 2.37785      inf      nan
 2.44883      inf      nan
 2.51982      inf      nan
 2.59080      inf      nan
 2.66178      inf      nan
 2.73276      inf      nan
 2.80374      inf      nan
 2.87472      inf      nan
 2.94570      inf      nan
 3.01668  3.95337  0.14862
 3.08766  2.65598  0.05808
 3.15864  1.68163  0.02592
 3.22962  0.79703  0.01418
 3.30060  0.10004  0.00958
 3.37158 -0.43574  0.00712
 3.44256 -0.81858  0.00576
 3.51355 -1.06045  0.00497
 3.58453 -1.17680  0.00456
 3.65551 -1.19950  0.00430
 3.72649 -1.16481  0.00420
 3.79747 -1.09087  0.00424
 3.86845 -0.99910  0.00439
 3.93943 -0.90056  0.00453
 4.01041 -0.80311  0.00470
 4.08139 -0.71280  0.00486
 4.15237 -0.62980  0.00503
 4.22335 -0.55239  0.00525
 4.29433 -0.47776  0.00535
 4.36531 -0.41689  0.00547
 4.43629 -0.35618  0.00557
 4.50728 -0.31072  0.00562
 4.57826 -0.27300  0.00569
 4.64924 -0.25072  0.00564
 4.72022 -0.23595  0.00568
 4.79120 -0.23809  0.00574
 4.86218 -0.24519  0.00563
 4.93316 -0.25194  0.00556
 5.00414 -0.26353  0.00541
 5.07512 -0.27656  0.00534
 5.14610 -0.28304  0.00529
 5.21708 -0.29574  0.00516
 5.28806 -0.30097  0.00508
 5.35904 -0.30032  0.00507
 5.43002 -0.30584  0.00499
 5.50101 -0.30260  0.00494
 5.57199 -0.30239  0.00484
 5.64297 -0.30034  0.00479
 5.71395 -0.29888  0.00481
 5.78493 -0.29421  0.00472
 5.85591 -0.28566  0.00469
 5.92689 -0.27997  0.00470
 5.99787 -0.27051  0.00469
 6.06885 -0.25743  0.00465
 6.13983 -0.23601  0.00464
 6.21081 -0.21854  0.00457
 6.28179 -0.19704  0.00469
 6.35277 -0.17907  0.00463
 6.42375 -0.14658  0.00473
 6.49473 -0.12811  0.00472
 6.56572 -0.10256  0.00473
 6.63670 -0.08450  0.00479
 6.70768 -0.07054  0.00468
 6.77866 -0.05548  0.00470
 6.84964 -0.04687  0.00467
 6.92062 -0.04145  0.00462
 6.99160 -0.03763  0.00463
 7.06258 -0.03927  0.00459
 7.13356 -0.03527  0.00451
 7.20454 -0.04418  0.00449
 7.27552 -0.04744  0.00435
 7.34650 -0.04930  0.00435
 7.41748 -0.05499  0.00429
 7.48846 -0.06304  0.00424
 7.55945 -0.07231  0.00419
 7.63043 -0.07818  0.00420
 7.70141 -0.07683  0.00412
 7.77239 -0.09019  0.00409
 7.84337 -0.09484  0.00404
 7.91435 -0.09826  0.00401
 7.98533 -0.10335  0.00396
 8.05631 -0.10225  0.00396
 8.12729 -0.10579  0.00391
 8.19827 -0.10198  0.00392
 8.26925 -0.10120  0.00387
 8.34023 -0.10012  0.00380
 8.41121 -0.09844  0.00382
 8.48219 -0.09399  0.00379
 8.55318 -0.08947  0.00377
 8.62416 -0.08413  0.00373
 8.69514 -0.08059  0.00373
 8.76612 -0.07614  0.00366
 8.83710 -0.06630  0.00366
 8.90808 -0.06298  0.00359
 8.97906 -0.06061  0.00363
 9.05004 -0.05427  0.00359
 9.12102 -0.04635  0.00359
 9.19200 -0.04885  0.00355
 9.26298 -0.04683  0.00352
 9.33396 -0.04637  0.00356
 9.40494 -0.04169  0.00352
 9.47592 -0.04424  0.00347
 9.54691 -0.04118  0.00347
 9.61789 -0.04175  0.00343
 9.68887 -0.04294  0.00346
 9.75985 -0.04152  0.00340
 9.83083 -0.04198  0.00342
 9.90181 -0.04098  0.00333
 9.97279 -0.04177  0.00334
10.04377 -0.03971  0.00336
10.11475 -0.04061  0.00328
10.18573 -0.03534  0.00325
10.25671 -0.03593  0.00323
10.32769 -0.03695  0.00322
10.39867 -0.03495  0.00318
10.46965 -0.03699  0.00318
10.54064 -0.03305  0.00313
10.61162 -0.03477  0.00310
10.68260 -0.03124  0.00311
10.75358 -0.02857  0.00311
10.82456 -0.02986  0.00309
10.89554 -0.02785  0.00307
10.96652 -0.02827  0.00306
11.03750 -0.02618  0.00302
11.10848 -0.02847  0.00299
11.17946 -0.02668  0.00301
11.25044 -0.02382  0.00300
11.32142 -0.02500  0.00294
11.39240 -0.02573  0.00294
11.46338 -0.02024  0.00293
11.53437 -0.02290  0.00293
11.60535 -0.01996  0.00288
11.67633 -0.01913  0.00290
11.74731 -0.01908  0.00290
11.81829 -0.01909  0.00290
11.88927 -0.01611  0.00287
11.96025 -0.01707  0.00287
12.03123 -0.01328  0.00285
12.10221 -0.01236  0.00282
12.17319 -0.01385  0.00282
12.24417 -0.00965  0.00275
12.31515 -0.01364  0.00277
12.38613 -0.01082  0.00276
12.45711 -0.00779  0.00272
12.52810 -0.00832  0.00275
12.59908 -0.00792  0.00272
12.67006 -0.00956  0.00273
12.74104 -0.00693  0.00269
12.81202 -0.00701  0.00265
12.88300 -0.00443  0.00265
12.95398 -0.00270  0.00263
13.02496 -0.00196  0.00259
13.09594 -0.00015  0.00260
13.16692  0.00253  0.00258
13.23790  0.00028  0.00255
13.30888  0.00444  0.00258
13.37986  0.00210  0.00251
13.45084  0.00240  0.00252
13.52183  0.00270  0.00253
13.59281  0.00450  0.00252
13.66379  0.00570  0.00245
13.73477  0.00607  0.00252
13.80575  0.00600  0.00250
13.87673  0.00618  0.00247
13.94771  0.00699  0.00247
14.01869  0.00867  0.00245
14.08967  0.01033  0.00243
14.16065  0.01158  0.00243
14.23163  0.01149  0.00243
14.30261  0.01147  0.00241
14.37359  0.01135  0.00241
14.44457  0.01207  0.00239
14.51556  0.01049  0.00236
14.58654  0.01069  0.00233
14.65752  0.01275  0.00233
14.72850  0.01037  0.00232
14.79948  0.00986  0.00233
14.87046  0.01125  0.00231
14.94144  0.01300  0.00230
15.01242  0.00981  0.00228
15.08340  0.01134  0.00228
15.15438  0.01300  0.00225
15.22536  0.01072  0.00224
15.29634  0.01152  0.00222
15.36732  0.01108  0.00219
15.43830  0.01032  0.00221
15.50929  0.01116  0.00219
15.58027  0.01196  0.00221
15.65125  0.01115  0.00214
15.72223  0.01024  0.00214
15.79321  0.00983  0.00211
15.86419  0.00906  0.00215
15.93517  0.01090  0.00209
16.00615  0.00908  0.00207
16.07713  0.01076  0.00208
16.14811  0.01230  0.00211
16.21909  0.00980  0.00205
16.29007  0.01025  0.00205
16.36105  0.00710  0.00203
16.43203  0.01018  0.00202
16.50302  0.00819  0.00200
16.57400  0.01046  0.00202
16.64498  0.00953  0.00201
16.71596  0.01074  0.00204
16.78694  0.01122  0.00203
16.85792  0.01061  0.00201
16.92890  0.01016  0.00201
16.99988  0.01030  0.00200
17.07086  0.00990  0.00200
17.14184  0.00895  0.00197
17.21282  0.01175  0.00195
17.28380  0.01050  0.00198
17.35478  0.01115  0.00194
17.42576  0.00797  0.00193
17.49675  0.00969  0.00192
17.56773  0.00918  0.00191
17.63871  0.01039  0.00191
17.70969  0.01026  0.00192
17.78067  0.00957  0.00190
17.85165  0.00813  0.00191
17.92263  0.00968  0.00192
17.99361  0.00999  0.00192
18.06459  0.00931  0.00190
18.13557  0.01063  0.00188
18.20655  0.01004  0.00191
18.27753  0.01034  0.00190
18.34851  0.01101  0.00189
18.41949  0.01219  0.00186
18.49047  0.01208  0.00188
18.56146  0.01065  0.00186
18.63244  0.01119  0.00184
18.70342  0.01423  0.00184
18.77440  0.01180  0.00183
18.84538  0.01225  0.00182
18.91636  0.01302  0.00181
18.98734  0.01294  0.00179
19.05832  0.01396  0.00179
19.12930  0.01312  0.00176
19.20028  0.01328  0.00179
19.27126  0.01242  0.00177
19.34224  0.01361  0.00175
19.41322  0.01365  0.00176
19.48420  0.01481  0.00175
19.55519  0.01289  0.00172
19.62617  0.01490  0.00172
19.69715  0.01269  0.00170
19.76813  0.01255  0.00170
19.83911  0.01299  0.00169
19.91009  0.01289  0.00167
19.98107  0.01385  0.00170
20.05205  0.01323  0.00166
20.12303  0.01334  0.00166
20.19401  0.01259  0.00166
20.26499  0.01314  0.00165
20.33597  0.01424  0.00165
20.40695  0.01284  0.00164
20.47793  0.01366  0.00162
20.54892  0.01512  0.00161
20.61990  0.01484  0.00162
20.69088  0.01661  0.00160
20.76186  0.01361  0.00159
20.83284  0.01426  0.00157
20.90382  0.01395  0.00159
20.97480  0.01510  0.00157
21.04578  0.01459  0.00158
21.11676  0.01340  0.00158
21.18774  0.01430  0.00156
21.25872  0.01461  0.00159
