 0.03549      inf
 0.10647      inf
 0.17745      inf
 0.24843      inf
 0.31941      inf
 0.39039      inf
 0.46137      inf
 0.53236      inf
 0.60334      inf
 0.67432      inf
 0.74530      inf
 0.81628      inf
 0.88726      inf
 0.95824      inf
 1.02922      inf
 1.10020      inf
 1.17118      inf
 1.24216      inf
 1.31314      inf
 1.38412      inf
 1.45510      inf
 1.52609      inf
 1.59707      inf
 1.66805      inf
 1.73903      inf
 1.81001      inf
 1.88099      inf
 1.95197      inf
 2.02295      inf
 2.09393      inf
 2.16491      inf
 2.23589      inf
 2.30687  6.84090
 2.37785  4.28077
 2.44883  2.34564
 2.51982  0.89528
 2.59080 -0.02857
 2.66178 -0.50574
 2.73276 -0.66410
 2.80374 -0.61990
 2.87472 -0.46872
 2.94570 -0.27838
 3.01668 -0.09027
 3.08766  0.07160
 3.15864  0.20012
 3.22962  0.29184
 3.30060  0.35048
 3.37158  0.38058
 3.44256  0.38810
 3.51355  0.37693
 3.58453  0.35299
 3.65551  0.31797
 3.72649  0.27724
 3.79747  0.23492
 3.86845  0.18703
 3.93943  0.14191
 4.01041  0.09757
 4.08139  0.05549
 4.15237  0.01643
 4.22335 -0.02053
 4.29433 -0.05321
 4.36531 -0.08357
 4.43629 -0.10829
 4.50728 -0.12902
 4.57826 -0.14255
 4.64924 -0.14860
 4.72022 -0.14880
 4.79120 -0.14346
 4.86218 -0.13241
 4.93316 -0.11630
 5.00414 -0.09690
 5.07512 -0.07447
 5.14610 -0.05019
 5.21708 -0.02388
 5.28806  0.00182
 5.35904  0.02628
 5.43002  0.04779
 5.50101  0.06626
 5.57199  0.08010
 5.64297  0.08927
 5.71395  0.09447
 5.78493  0.09526
 5.85591  0.09344
 5.92689  0.08892
 5.99787  0.08228
 6.06885  0.07491
 6.13983  0.06643
 6.21081  0.05698
 6.28179  0.04779
 6.35277  0.03847
 6.42375  0.02956
 6.49473  0.02078
 6.56572  0.01293
 6.63670  0.00574
 6.70768 -0.00069
 6.77866 -0.00581
 6.84964 -0.01055
 6.92062 -0.01367
 6.99160 -0.01654
 7.06258 -0.01740
 7.13356 -0.01858
 7.20454 -0.01777
 7.27552 -0.01685
 7.34650 -0.01459
 7.41748 -0.01169
 7.48846 -0.00870
 7.55945 -0.00480
 7.63043 -0.00149
 7.70141  0.00175
 7.77239  0.00447
 7.84337  0.00597
 7.91435  0.00837
 7.98533  0.00904
 8.05631  0.00878
 8.12729  0.00872
 8.19827  0.00771
 8.26925  0.00635
 8.34023  0.00489
 8.41121  0.00326
 8.48219  0.00120
 8.55318 -0.00028
 8.62416 -0.00185
 8.69514 -0.00267
 8.76612 -0.00338
 8.83710 -0.00382
 8.90808 -0.00367
 8.97906 -0.00314
 9.05004 -0.00272
 9.12102 -0.00212
 9.19200 -0.00106
 9.26298  0.00017
 9.33396  0.00134
 9.40494  0.00269
 9.47592  0.00358
 9.54691  0.00486
 9.61789  0.00563
 9.68887  0.00646
 9.75985  0.00694
 9.83083  0.00727
 9.90181  0.00694
 9.97279  0.00700
10.04377  0.00674
10.11475  0.00587
10.18573  0.00528
10.25671  0.00424
10.32769  0.00345
10.39867  0.00231
10.46965  0.00138
10.54064  0.00056
10.61162 -0.00024
10.68260 -0.00118
10.75358 -0.00191
10.82456 -0.00251
10.89554 -0.00293
10.96652 -0.00295
11.03750 -0.00329
11.10848 -0.00336
11.17946 -0.00304
11.25044 -0.00289
11.32142 -0.00226
11.39240 -0.00174
11.46338 -0.00168
11.53437 -0.00084
11.60535 -0.00031
11.67633  0.00017
11.74731  0.00059
11.81829  0.00100
11.88927  0.00123
11.96025  0.00153
12.03123  0.00184
12.10221  0.00215
12.17319  0.00189
12.24417  0.00194
12.31515  0.00158
12.38613  0.00156
12.45711  0.00104
12.52810  0.00092
12.59908  0.00086
12.67006  0.00063
12.74104  0.00032
12.81202 -0.00016
12.88300 -0.00026
12.95398 -0.00032
13.02496 -0.00071
13.09594 -0.00090
13.16692 -0.00076
13.23790 -0.00081
13.30888 -0.00100
13.37986 -0.00069
13.45084 -0.00101
13.52183 -0.00070
13.59281 -0.00055
13.66379 -0.00065
13.73477 -0.00056
13.80575 -0.00063
13.87673 -0.00031
13.94771 -0.00038
14.01869 -0.00013
14.08967 -0.00007
14.16065 -0.00009
14.23163 -0.00005
14.30261 -0.00025
14.37359 -0.00015
14.44457 -0.00015
14.51556 -0.00011
14.58654 -0.00011
14.65752 -0.00057
14.72850 -0.00057
14.79948 -0.00047
14.87046 -0.00069
14.94144 -0.00085
15.01242 -0.00069
15.08340 -0.00065
15.15438 -0.00082
15.22536 -0.00082
15.29634 -0.00080
15.36732 -0.00086
15.43830 -0.00077
15.50929 -0.00069
15.58027 -0.00085
15.65125 -0.00079
15.72223 -0.00060
15.79321 -0.00071
15.86419 -0.00070
15.93517 -0.00041
16.00615 -0.00044
16.07713 -0.00047
16.14811 -0.00053
16.21909 -0.00050
16.29007 -0.00049
16.36105 -0.00037
16.43203 -0.00038
16.50302 -0.00043
16.57400 -0.00042
16.64498 -0.00055
16.71596 -0.00062
16.78694 -0.00068
16.85792 -0.00083
16.92890 -0.00066
16.99988 -0.00079
17.07086 -0.00075
17.14184 -0.00079
17.21282 -0.00077
17.28380 -0.00081
17.35478 -0.00079
17.42576 -0.00079
17.49675 -0.00079
17.56773 -0.00075
17.63871 -0.00063
17.70969 -0.00059
17.78067 -0.00080
17.85165 -0.00041
17.92263 -0.00057
17.99361 -0.00055
18.06459 -0.00049
18.13557 -0.00048
18.20655 -0.00054
18.27753 -0.00051
18.34851 -0.00055
18.41949 -0.00052
18.49047 -0.00036
18.56146 -0.00070
18.63244 -0.00043
18.70342 -0.00046
18.77440 -0.00049
18.84538 -0.00061
18.91636 -0.00051
18.98734 -0.00037
19.05832 -0.00071
19.12930 -0.00060
19.20028 -0.00079
19.27126 -0.00074
19.34224 -0.00095
19.41322 -0.00082
19.48420 -0.00068
19.55519 -0.00068
19.62617 -0.00091
19.69715 -0.00080
19.76813 -0.00078
19.83911 -0.00073
19.91009 -0.00079
19.98107 -0.00077
20.05205 -0.00068
20.12303 -0.00069
20.19401 -0.00087
20.26499 -0.00073
20.33597 -0.00068
20.40695 -0.00067
20.47793 -0.00074
20.54892 -0.00067
20.61990 -0.00091
20.69088 -0.00074
20.76186 -0.00072
20.83284 -0.00076
20.90382 -0.00070
20.97480 -0.00079
21.04578 -0.00083
21.11676 -0.00089
21.18774 -0.00089
21.25872 -0.00033
