 0.03549      inf
 0.10647      inf
 0.17745      inf
 0.24843      inf
 0.31941      inf
 0.39039      inf
 0.46137      inf
 0.53236      inf
 0.60334      inf
 0.67432      inf
 0.74530      inf
 0.81628      inf
 0.88726      inf
 0.95824      inf
 1.02922      inf
 1.10020      inf
 1.17118      inf
 1.24216      inf
 1.31314      inf
 1.38412      inf
 1.45510      inf
 1.52609      inf
 1.59707      inf
 1.66805      inf
 1.73903      inf
 1.81001      inf
 1.88099      inf
 1.95197      inf
 2.02295      inf
 2.09393      inf
 2.16491      inf
 2.23589      inf
 2.30687      inf
 2.37785      inf
 2.44883      inf
 2.51982      inf
 2.59080      inf
 2.66178      inf
 2.73276      inf
 2.80374  6.78442
 2.87472  5.57732
 2.94570  4.71516
 3.01668  3.93054
 3.08766  3.21948
 3.15864  2.54078
 3.22962  1.93417
 3.30060  1.38800
 3.37158  0.91391
 3.44256  0.51488
 3.51355  0.20018
 3.58453 -0.03257
 3.65551 -0.18911
 3.72649 -0.28131
 3.79747 -0.32220
 3.86845 -0.32560
 3.93943 -0.30144
 4.01041 -0.26197
 4.08139 -0.21500
 4.15237 -0.16575
 4.22335 -0.12060
 4.29433 -0.07775
 4.36531 -0.03918
 4.43629 -0.00673
 4.50728  0.01780
 4.57826  0.03533
 4.64924  0.04612
 4.72022  0.05281
 4.79120  0.05423
 4.86218  0.05305
 4.93316  0.04936
 5.00414  0.04378
 5.07512  0.03717
 5.14610  0.03008
 5.21708  0.02195
 5.28806  0.01428
 5.35904  0.00611
 5.43002 -0.00202
 5.50101 -0.00978
 5.57199 -0.01678
 5.64297 -0.02429
 5.71395 -0.02995
 5.78493 -0.03485
 5.85591 -0.03824
 5.92689 -0.03945
 5.99787 -0.03824
 6.06885 -0.03509
 6.13983 -0.02956
 6.21081 -0.02211
 6.28179 -0.01313
 6.35277 -0.00327
 6.42375  0.00720
 6.49473  0.01664
 6.56572  0.02492
 6.63670  0.03113
 6.70768  0.03516
 6.77866  0.03707
 6.84964  0.03689
 6.92062  0.03459
 6.99160  0.03151
 7.06258  0.02676
 7.13356  0.02169
 7.20454  0.01640
 7.27552  0.01050
 7.34650  0.00519
 7.41748 -0.00035
 7.48846 -0.00596
 7.55945 -0.01056
 7.63043 -0.01479
 7.70141 -0.01841
 7.77239 -0.02161
 7.84337 -0.02443
 7.91435 -0.02604
 7.98533 -0.02676
 8.05631 -0.02691
 8.12729 -0.02623
 8.19827 -0.02485
 8.26925 -0.02319
 8.34023 -0.02053
 8.41121 -0.01781
 8.48219 -0.01437
 8.55318 -0.01026
 8.62416 -0.00640
 8.69514 -0.00268
 8.76612  0.00067
 8.83710  0.00358
 8.90808  0.00618
 8.97906  0.00820
 9.05004  0.00953
 9.12102  0.01005
 9.19200  0.01059
 9.26298  0.01034
 9.33396  0.00908
 9.40494  0.00882
 9.47592  0.00678
 9.54691  0.00518
 9.61789  0.00361
 9.68887  0.00192
 9.75985  0.00039
 9.83083 -0.00102
 9.90181 -0.00231
 9.97279 -0.00356
10.04377 -0.00414
10.11475 -0.00494
10.18573 -0.00538
10.25671 -0.00564
10.32769 -0.00557
10.39867 -0.00560
10.46965 -0.00471
10.54064 -0.00456
10.61162 -0.00403
10.68260 -0.00309
10.75358 -0.00236
10.82456 -0.00185
10.89554 -0.00112
10.96652 -0.00063
11.03750 -0.00004
11.10848  0.00061
11.17946  0.00053
11.25044  0.00068
11.32142  0.00047
11.39240  0.00030
11.46338  0.00028
11.53437  0.00001
11.60535 -0.00032
11.67633 -0.00037
11.74731 -0.00092
11.81829 -0.00115
11.88927 -0.00150
11.96025 -0.00203
12.03123 -0.00209
12.10221 -0.00205
12.17319 -0.00215
12.24417 -0.00214
12.31515 -0.00227
12.38613 -0.00225
12.45711 -0.00216
12.52810 -0.00196
12.59908 -0.00154
12.67006 -0.00128
12.74104 -0.00103
12.81202 -0.00097
12.88300 -0.00068
12.95398 -0.00053
13.02496 -0.00030
13.09594 -0.00009
13.16692 -0.00007
13.23790  0.00017
13.30888  0.00004
13.37986 -0.00015
13.45084  0.00001
13.52183 -0.00029
13.59281 -0.00032
13.66379 -0.00030
13.73477 -0.00081
13.80575 -0.00094
13.87673 -0.00103
13.94771 -0.00135
14.01869 -0.00141
14.08967 -0.00178
14.16065 -0.00188
14.23163 -0.00205
14.30261 -0.00193
14.37359 -0.00209
14.44457 -0.00202
14.51556 -0.00190
14.58654 -0.00197
14.65752 -0.00180
14.72850 -0.00158
14.79948 -0.00162
14.87046 -0.00164
14.94144 -0.00150
15.01242 -0.00138
15.08340 -0.00118
15.15438 -0.00123
15.22536 -0.00109
15.29634 -0.00090
15.36732 -0.00077
15.43830 -0.00089
15.50929 -0.00066
15.58027 -0.00075
15.65125 -0.00074
15.72223 -0.00102
15.79321 -0.00087
15.86419 -0.00112
15.93517 -0.00095
16.00615 -0.00107
16.07713 -0.00102
16.14811 -0.00134
16.21909 -0.00114
16.29007 -0.00110
16.36105 -0.00099
16.43203 -0.00105
16.50302 -0.00130
16.57400 -0.00115
16.64498 -0.00138
16.71596 -0.00124
16.78694 -0.00131
16.85792 -0.00119
16.92890 -0.00125
16.99988 -0.00103
17.07086 -0.00103
17.14184 -0.00102
17.21282 -0.00105
17.28380 -0.00105
17.35478 -0.00110
17.42576 -0.00100
17.49675 -0.00100
17.56773 -0.00111
17.63871 -0.00103
17.70969 -0.00112
17.78067 -0.00095
17.85165 -0.00097
17.92263 -0.00114
17.99361 -0.00114
18.06459 -0.00115
18.13557 -0.00127
18.20655 -0.00100
18.27753 -0.00106
18.34851 -0.00101
18.41949 -0.00117
18.49047 -0.00114
18.56146 -0.00107
18.63244 -0.00108
18.70342 -0.00106
18.77440 -0.00097
18.84538 -0.00093
18.91636 -0.00077
18.98734 -0.00082
19.05832 -0.00064
19.12930 -0.00073
19.20028 -0.00058
19.27126 -0.00058
19.34224 -0.00070
19.41322 -0.00056
19.48420 -0.00052
19.55519 -0.00066
19.62617 -0.00058
19.69715 -0.00038
19.76813 -0.00057
19.83911 -0.00070
19.91009 -0.00065
19.98107 -0.00061
20.05205 -0.00068
20.12303 -0.00069
20.19401 -0.00067
20.26499 -0.00072
20.33597 -0.00075
20.40695 -0.00069
20.47793 -0.00086
20.54892 -0.00073
20.61990 -0.00080
20.69088 -0.00076
20.76186 -0.00081
20.83284 -0.00071
20.90382 -0.00085
20.97480 -0.00069
21.04578 -0.00079
21.11676 -0.00072
21.18774 -0.00064
21.25872 -0.00038
