 0.03549      inf      nan
 0.10648      inf      nan
 0.17746      inf      nan
 0.24844      inf      nan
 0.31943      inf      nan
 0.39041      inf      nan
 0.46140      inf      nan
 0.53238      inf      nan
 0.60336      inf      nan
 0.67435      inf      nan
 0.74533      inf      nan
 0.81632      inf      nan
 0.88730      inf      nan
 0.95828      inf      nan
 1.02927      inf      nan
 1.10025      inf      nan
 1.17124      inf      nan
 1.24222      inf      nan
 1.31321      inf      nan
 1.38419      inf      nan
 1.45517      inf      nan
 1.52616      inf      nan
 1.59714      inf      nan
 1.66813      inf      nan
 1.73911      inf      nan
 1.81009      inf      nan
 1.88108      inf      nan
 1.95206      inf      nan
 2.02305      inf      nan
 2.09403      inf      nan
 2.16501      inf      nan
 2.23600      inf      nan
 2.30698      inf      nan
 2.37797  4.37365  0.41041
 2.44895  3.30036  0.17908
 2.51993  1.71604  0.04365
 2.59092  0.44587  0.01852
 2.66190 -0.34860  0.01302
 2.73289 -0.79286  0.01054
 2.80387 -0.94613  0.00974
 2.87485 -0.94516  0.00927
 2.94584 -0.85470  0.00949
 3.01682 -0.75042  0.00964
 3.08781 -0.64450  0.01011
 3.15879 -0.55278  0.00994
 3.22977 -0.48560  0.00976
 3.30076 -0.40937  0.00984
 3.37174 -0.34883  0.01037
 3.44273 -0.31730  0.00963
 3.51371 -0.28214  0.00995
 3.58470 -0.24705  0.00994
 3.65568 -0.23525  0.01042
 3.72666 -0.22541  0.00983
 3.79765 -0.22054  0.00996
 3.86863 -0.22550  0.00984
 3.93962 -0.24374  0.00961
 4.01060 -0.25230  0.00953
 4.08158 -0.29065  0.00928
 4.15257 -0.31192  0.00892
 4.22355 -0.34842  0.00827
 4.29454 -0.38494  0.00804
 4.36552 -0.41084  0.00746
 4.43650 -0.43677  0.00741
 4.50749 -0.45866  0.00708
 4.57847 -0.48473  0.00722
 4.64946 -0.50412  0.00719
 4.72044 -0.51746  0.00696
 4.79142 -0.52698  0.00677
 4.86241 -0.53631  0.00654
 4.93339 -0.53067  0.00628
 5.00438 -0.53129  0.00622
 5.07536 -0.51238  0.00609
 5.14634 -0.47990  0.00617
 5.21733 -0.43713  0.00638
 5.28831 -0.38041  0.00669
 5.35930 -0.32442  0.00681
 5.43028 -0.27961  0.00718
 5.50127 -0.23809  0.00743
 5.57225 -0.20339  0.00772
 5.64323 -0.17857  0.00807
 5.71422 -0.15780  0.00775
 5.78520 -0.13953  0.00802
 5.85619 -0.13219  0.00799
 5.92717 -0.12517  0.00823
 5.99815 -0.12497  0.00795
 6.06914 -0.11559  0.00816
 6.14012 -0.11703  0.00797
 6.21111 -0.12506  0.00769
 6.28209 -0.12293  0.00776
 6.35307 -0.12017  0.00757
 6.42406 -0.12614  0.00726
 6.49504 -0.12722  0.00756
 6.56603 -0.13010  0.00745
 6.63701 -0.13956  0.00736
 6.70799 -0.13418  0.00719
 6.77898 -0.13872  0.00695
 6.84996 -0.13645  0.00734
 6.92095 -0.13339  0.00707
 6.99193 -0.13518  0.00718
 7.06291 -0.12980  0.00704
 7.13390 -0.11726  0.00720
 7.20488 -0.11514  0.00707
 7.27587 -0.10480  0.00690
 7.34685 -0.10259  0.00706
 7.41783 -0.09580  0.00699
 7.48882 -0.08521  0.00693
 7.55980 -0.07047  0.00691
 7.63079 -0.06072  0.00702
 7.70177 -0.05414  0.00707
 7.77276 -0.04468  0.00700
 7.84374 -0.03479  0.00696
 7.91472 -0.03404  0.00672
 7.98571 -0.02482  0.00675
 8.05669 -0.01717  0.00672
 8.12768 -0.01378  0.00657
 8.19866 -0.01689  0.00650
 8.26964 -0.01056  0.00653
 8.34063 -0.01253  0.00651
 8.41161 -0.00788  0.00647
 8.48260 -0.01114  0.00622
 8.55358 -0.01159  0.00620
 8.62456 -0.01053  0.00613
 8.69555 -0.00843  0.00608
 8.76653 -0.01203  0.00622
 8.83752 -0.01355  0.00611
 8.90850 -0.01066  0.00604
 8.97948 -0.01311  0.00580
 9.05047 -0.01357  0.00593
 9.12145 -0.01091  0.00598
 9.19244 -0.01068  0.00587
 9.26342 -0.00975  0.00580
 9.33440 -0.01004  0.00580
 9.40539 -0.00723  0.00585
 9.47637 -0.00518  0.00570
 9.54736 -0.00502  0.00573
 9.61834 -0.00120  0.00566
 9.68932  0.00931  0.00564
 9.76031  0.00729  0.00560
 9.83129  0.00711  0.00564
 9.90228  0.01114  0.00548
 9.97326  0.01487  0.00548
10.04425  0.01382  0.00542
10.11523  0.02081  0.00542
10.18621  0.01364  0.00541
10.25720  0.01804  0.00524
10.32818  0.01734  0.00519
10.39917  0.01660  0.00524
10.47015  0.01988  0.00509
10.54113  0.02089  0.00511
10.61212  0.01543  0.00509
10.68310  0.01652  0.00495
10.75409  0.02195  0.00499
10.82507  0.01642  0.00484
10.89605  0.01995  0.00492
10.96704  0.02140  0.00501
11.03802  0.02122  0.00492
11.10901  0.01899  0.00483
11.17999  0.02309  0.00475
11.25097  0.02433  0.00475
11.32196  0.01768  0.00473
11.39294  0.02030  0.00475
11.46393  0.01915  0.00485
11.53491  0.02241  0.00472
11.60589  0.02306  0.00484
11.67688  0.02214  0.00478
11.74786  0.02322  0.00471
11.81885  0.02479  0.00458
11.88983  0.02541  0.00449
11.96082  0.02564  0.00453
12.03180  0.02397  0.00448
12.10278  0.02342  0.00440
12.17377  0.02683  0.00442
12.24475  0.02058  0.00436
12.31574  0.02627  0.00429
12.38672  0.02191  0.00445
12.45770  0.01841  0.00427
12.52869  0.01946  0.00434
12.59967  0.02083  0.00437
12.67066  0.01608  0.00432
12.74164  0.01861  0.00420
12.81262  0.01539  0.00418
12.88361  0.01483  0.00413
12.95459  0.01508  0.00426
13.02558  0.01651  0.00406
13.09656  0.01327  0.00408
13.16754  0.01587  0.00398
13.23853  0.01269  0.00406
13.30951  0.01349  0.00400
13.38050  0.01294  0.00402
13.45148  0.01228  0.00391
13.52246  0.01090  0.00384
13.59345  0.00935  0.00390
13.66443  0.00970  0.00395
13.73542  0.00628  0.00380
13.80640  0.00772  0.00379
13.87738  0.01006  0.00376
13.94837  0.00723  0.00361
14.01935  0.00300  0.00364
14.09034  0.00683  0.00363
14.16132  0.00319  0.00362
14.23231  0.00355  0.00359
14.30329  0.00286  0.00361
14.37427  0.00349  0.00356
14.44526  0.00092  0.00360
14.51624  0.00211  0.00347
14.58723  0.00301  0.00351
14.65821  0.00071  0.00345
14.72919  0.00042  0.00349
14.80018 -0.00526  0.00337
14.87116 -0.00394  0.00339
14.94215 -0.00373  0.00334
15.01313 -0.00411  0.00343
15.08411 -0.00182  0.00337
15.15510 -0.00236  0.00353
15.22608 -0.00655  0.00348
15.29707 -0.00862  0.00336
15.36805 -0.00651  0.00343
15.43903 -0.00566  0.00342
15.51002 -0.00575  0.00347
15.58100 -0.00714  0.00348
15.65199 -0.00821  0.00348
15.72297 -0.00961  0.00338
15.79395 -0.00572  0.00336
15.86494 -0.01019  0.00335
15.93592 -0.00850  0.00341
16.00691 -0.00844  0.00333
16.07789 -0.01010  0.00332
16.14887 -0.00955  0.00333
16.21986 -0.01280  0.00336
16.29084 -0.00707  0.00341
16.36183 -0.00715  0.00325
16.43281 -0.00782  0.00321
16.50380 -0.01041  0.00312
16.57478 -0.00653  0.00306
16.64576 -0.00734  0.00310
16.71675 -0.00627  0.00312
16.78773 -0.00703  0.00309
16.85872 -0.00609  0.00307
16.92970 -0.00537  0.00312
17.00068 -0.00550  0.00309
17.07167 -0.00523  0.00302
17.14265 -0.00374  0.00310
17.21364 -0.00567  0.00306
17.28462 -0.00364  0.00299
17.35560 -0.00576  0.00293
17.42659 -0.00532  0.00295
17.49757 -0.00804  0.00300
17.56856 -0.00254  0.00291
17.63954 -0.00471  0.00296
17.71052 -0.00519  0.00287
17.78151 -0.00523  0.00295
17.85249 -0.00353  0.00290
17.92348 -0.00427  0.00294
17.99446 -0.00276  0.00292
18.06544 -0.00184  0.00291
18.13643 -0.00394  0.00293
18.20741 -0.00732  0.00290
18.27840 -0.00620  0.00284
18.34938 -0.00448  0.00284
18.42037 -0.00581  0.00294
18.49135 -0.00579  0.00291
18.56233 -0.00318  0.00291
18.63332 -0.00441  0.00287
18.70430 -0.00397  0.00289
18.77529 -0.00403  0.00283
18.84627 -0.00696  0.00275
18.91725 -0.00360  0.00277
18.98824 -0.00396  0.00276
19.05922 -0.00641  0.00277
19.13021 -0.00611  0.00268
19.20119 -0.00661  0.00266
19.27217 -0.00605  0.00268
19.34316 -0.00850  0.00278
19.41414 -0.00589  0.00270
19.48513 -0.00786  0.00261
19.55611 -0.00610  0.00268
19.62709 -0.00713  0.00260
19.69808 -0.00751  0.00264
19.76906 -0.00619  0.00263
19.84005 -0.00761  0.00267
19.91103 -0.00816  0.00262
19.98201 -0.00896  0.00269
20.05300 -0.00784  0.00271
20.12398 -0.01034  0.00264
20.19497 -0.00858  0.00260
20.26595 -0.00739  0.00264
20.33693 -0.01021  0.00253
20.40792 -0.00654  0.00258
20.47890 -0.00891  0.00266
20.54989 -0.00804  0.00254
20.62087 -0.00708  0.00252
20.69186 -0.00853  0.00258
20.76284 -0.00704  0.00246
20.83382 -0.00801  0.00248
20.90481 -0.00583  0.00246
20.97579 -0.00644  0.00252
21.04678 -0.00377  0.00246
21.11776 -0.00454  0.00248
21.18874 -0.00336  0.00249
21.25973 -0.00512  0.00249
