 0.03532  0.00000      nan
 0.10597  0.00000      nan
 0.17661  0.00000      nan
 0.24726  0.00000      nan
 0.31790  0.00000      nan
 0.38855  0.00000      nan
 0.45920  0.00000      nan
 0.52984  0.00000      nan
 0.60049  0.00000      nan
 0.67113  0.00000      nan
 0.74178  0.00000      nan
 0.81242  0.00000      nan
 0.88307  0.00000      nan
 0.95371  0.00000      nan
 1.02436  0.00000      nan
 1.09500  0.00000      nan
 1.16565  0.00000      nan
 1.23630  0.00000      nan
 1.30694  0.00000      nan
 1.37759  0.00000      nan
 1.44823  0.00000      nan
 1.51888  0.00000      nan
 1.58952  0.00000      nan
 1.66017  0.00000      nan
 1.73081  0.00000      nan
 1.80146  0.00000      nan
 1.87210  0.00000      nan
 1.94275  0.00000      nan
 2.01340  0.00000      nan
 2.08404  0.00000      nan
 2.15469  0.00000      nan
 2.22533  0.00000      nan
 2.29598  0.00000      nan
 2.36662  0.00000      nan
 2.43727  0.00000      nan
 2.50791  0.00000      nan
 2.57856  0.00000      nan
 2.64920  0.00000      nan
 2.71985  0.00000      nan
 2.79050  0.00091  0.00090
 2.86114  0.02944  0.00522
 2.93179  0.24001  0.01367
 3.00243  1.15528  0.03211
 3.07308  3.51251  0.06792
 3.14372  6.89936  0.09743
 3.21437  9.46276  0.11771
 3.28501 11.27412  0.12727
 3.35566 11.91881  0.14079
 3.42630 12.52666  0.14645
 3.49695 12.79208  0.15313
 3.56760 12.37628  0.14485
 3.63824 10.67757  0.12808
 3.70889  8.71463  0.10927
 3.77953  6.17394  0.08059
 3.85018  4.00728  0.06124
 3.92082  2.32201  0.04033
 3.99147  1.32964  0.02640
 4.06211  0.75275  0.01853
 4.13276  0.52135  0.01540
 4.20340  0.45863  0.01438
 4.27405  0.42186  0.01239
 4.34470  0.46159  0.01336
 4.41534  0.49239  0.01165
 4.48599  0.54958  0.01419
 4.55663  0.62657  0.01532
 4.62728  0.69500  0.01564
 4.69792  0.75713  0.01702
 4.76857  0.83276  0.01578
 4.83921  0.95576  0.01900
 4.90986  0.97904  0.01770
 4.98050  1.08465  0.01770
 5.05115  1.15039  0.01928
 5.12180  1.22157  0.01893
 5.19244  1.28743  0.01939
 5.26309  1.37134  0.01986
 5.33373  1.40628  0.02182
 5.40438  1.49282  0.02006
 5.47502  1.51699  0.02155
 5.54567  1.55304  0.02095
 5.61631  1.57176  0.01983
 5.68696  1.59981  0.02029
 5.75760  1.60293  0.01970
 5.82825  1.59227  0.02183
 5.89890  1.53928  0.01931
 5.96954  1.50804  0.01998
 6.04019  1.41701  0.01916
 6.11083  1.37893  0.01680
 6.18148  1.30992  0.01785
 6.25212  1.24440  0.01466
 6.32277  1.16673  0.01517
 6.39341  1.12184  0.01465
 6.46406  1.09219  0.01272
 6.53470  1.02537  0.01487
 6.60535  0.99186  0.01342
 6.67600  0.99341  0.01213
 6.74664  0.95854  0.01327
 6.81729  0.97417  0.01333
 6.88793  0.97760  0.01302
 6.95858  0.96283  0.01092
 7.02922  1.01058  0.01405
 7.09987  1.01996  0.01196
 7.17051  1.02134  0.01160
 7.24116  1.04761  0.01029
 7.31180  1.07322  0.01308
 7.38245  1.06019  0.01285
 7.45310  1.04887  0.01211
 7.52374  1.09627  0.01256
 7.59439  1.10252  0.01315
 7.66503  1.12996  0.01181
 7.73568  1.14235  0.01118
 7.80632  1.13968  0.01159
 7.87697  1.13350  0.01202
 7.94761  1.11546  0.01084
 8.01826  1.13702  0.01196
 8.08890  1.15701  0.01218
 8.15955  1.12748  0.01141
 8.23020  1.12967  0.01211
 8.30084  1.11217  0.01167
 8.37149  1.10147  0.01077
 8.44213  1.08729  0.01123
 8.51278  1.08027  0.01075
 8.58342  1.08460  0.01219
 8.65407  1.07530  0.01097
 8.72471  1.05684  0.01048
 8.79536  1.05706  0.01136
 8.86600  1.06076  0.00984
 8.93665  1.06128  0.01140
 9.00730  1.04513  0.01022
 9.07794  1.06248  0.00998
 9.14859  1.02919  0.01026
 9.21923  1.03867  0.00969
 9.28988  1.04043  0.01008
 9.36052  1.04202  0.00932
 9.43117  1.03436  0.00908
 9.50181  1.04197  0.00946
 9.57246  1.03113  0.00910
 9.64310  1.04818  0.00657
 9.71375  1.02758  0.01002
 9.78440  1.04249  0.00897
 9.85504  1.03234  0.01023
 9.92569  1.06843  0.00904
 9.99633  1.04593  0.00836
10.06698  1.03529  0.00923
10.13762  1.03595  0.00912
10.20827  1.03418  0.00864
10.27891  1.03773  0.00682
10.34956  1.02639  0.00848
10.42020  1.02702  0.00840
10.49085  1.02766  0.00811
10.56150  1.02133  0.00885
10.63214  1.03139  0.00822
10.70279  1.03094  0.00750
10.77343  1.03066  0.00798
10.84408  1.03536  0.00776
10.91472  1.01170  0.00892
10.98537  1.02229  0.00829
11.05601  1.01159  0.00687
11.12666  1.01058  0.00788
11.19730  1.02428  0.00828
11.26795  1.01611  0.00761
11.33860  1.00729  0.00852
11.40924  1.00836  0.00742
11.47989  1.00869  0.00783
11.55053  1.01562  0.00780
11.62118  1.00578  0.00740
11.69182  1.00367  0.00699
11.76247  1.02660  0.00711
11.83311  1.01281  0.00808
11.90376  1.00743  0.00787
11.97440  1.00576  0.00769
12.04505  1.00700  0.00748
12.11570  1.01074  0.00656
12.18634  1.01519  0.00755
12.25699  1.00003  0.00733
12.32763  1.01487  0.00784
12.39828  1.01182  0.00628
12.46892  1.01950  0.00689
12.53957  1.00425  0.00762
12.61021  1.00703  0.00728
12.68086  1.00241  0.00680
12.75150  0.99125  0.00656
12.82215  0.99265  0.00608
12.89280  0.99843  0.00695
12.96344  0.99994  0.00712
13.03409  1.00265  0.00701
13.10473  1.00339  0.00677
13.17538  1.00703  0.00693
13.24602  1.00327  0.00603
13.31667  0.99333  0.00665
13.38731  1.00729  0.00648
13.45796  0.99987  0.00624
13.52860  1.00053  0.00620
13.59925  1.00117  0.00660
13.66990  0.99308  0.00573
13.74054  0.99416  0.00682
13.81119  0.99766  0.00603
13.88183  0.99809  0.00664
13.95248  0.99209  0.00600
14.02312  1.00126  0.00658
14.09377  1.00581  0.00664
14.16441  0.98506  0.00629
14.23506  0.99144  0.00623
14.30570  0.99002  0.00643
14.37635  1.00237  0.00611
14.44700  0.99728  0.00617
14.51764  0.99173  0.00652
14.58829  0.99494  0.00573
14.65893  0.98950  0.00593
14.72958  0.98990  0.00606
14.80022  0.98879  0.00556
14.87087  0.99058  0.00609
14.94151  0.99549  0.00604
15.01216  0.98586  0.00599
15.08280  0.98565  0.00590
15.15345  0.98717  0.00581
15.22410  0.98947  0.00605
15.29474  0.98853  0.00591
15.36539  0.98901  0.00579
15.43603  0.98679  0.00508
15.50668  0.99737  0.00558
15.57732  0.97806  0.00602
15.64797  0.99290  0.00519
15.71861  0.97978  0.00530
15.78926  0.98972  0.00516
15.85990  0.99572  0.00573
15.93055  0.98512  0.00526
16.00120  0.98857  0.00542
16.07184  0.98618  0.00540
16.14249  0.99199  0.00556
16.21313  0.98479  0.00528
16.28378  0.98380  0.00509
16.35442  0.98659  0.00556
16.42507  0.98461  0.00533
16.49571  0.98122  0.00515
16.56636  0.98336  0.00527
16.63700  0.98258  0.00492
16.70765  0.98692  0.00512
16.77830  0.97923  0.00554
16.84894  0.97595  0.00543
16.91959  0.98102  0.00533
16.99023  0.97998  0.00470
17.06088  0.97797  0.00500
17.13152  0.97325  0.00525
17.20217  0.98123  0.00556
17.27281  0.98819  0.00481
17.34346  0.98039  0.00514
17.41410  0.98099  0.00456
17.48475  0.97890  0.00461
17.55540  0.98309  0.00453
17.62604  0.98561  0.00499
17.69669  0.98685  0.00427
17.76733  0.97231  0.00480
17.83798  0.97431  0.00461
17.90862  0.98291  0.00379
17.97927  0.97139  0.00495
18.04991  0.98081  0.00514
18.12056  0.98983  0.00511
18.19120  0.97395  0.00508
18.26185  0.98624  0.00488
18.33250  0.98423  0.00458
18.40314  0.98592  0.00463
18.47379  0.98664  0.00478
18.54443  0.98435  0.00465
18.61508  0.98129  0.00496
18.68572  0.97900  0.00482
18.75637  0.97591  0.00457
18.82701  0.98064  0.00470
18.89766  0.98305  0.00443
18.96830  0.97868  0.00446
19.03895  0.97765  0.00466
19.10960  0.97581  0.00399
19.18024  0.98070  0.00452
19.25089  0.97671  0.00480
19.32153  0.97735  0.00453
19.39218  0.98457  0.00473
19.46282  0.97330  0.00460
19.53347  0.97962  0.00473
19.60411  0.97766  0.00452
19.67476  0.98829  0.00461
19.74540  0.97636  0.00462
19.81605  0.98167  0.00463
19.88670  0.98211  0.00390
19.95734  0.97759  0.00456
20.02799  0.97606  0.00457
20.09863  0.98086  0.00418
20.16928  0.98134  0.00465
20.23992  0.97957  0.00413
20.31057  0.97863  0.00401
20.38121  0.98488  0.00445
20.45186  0.98256  0.00455
20.52250  0.97248  0.00397
20.59315  0.97744  0.00451
20.66380  0.97209  0.00389
20.73444  0.97899  0.00381
20.80509  0.97774  0.00362
20.87573  0.97385  0.00427
20.94638  0.97996  0.00420
21.01702  0.97914  0.00405
21.08767  0.98584  0.00435
21.15831  0.98698  0.00428
