 0.03532  0.00000
 0.10597  0.00000
 0.17661  0.00000
 0.24726  0.00000
 0.31790  0.00000
 0.38855  0.00000
 0.45920  0.00000
 0.52984  0.00000
 0.60049  0.00000
 0.67113  0.00000
 0.74178  0.00000
 0.81242  0.00000
 0.88307  0.00000
 0.95371  0.00000
 1.02436  0.00000
 1.09500  0.00000
 1.16565  0.00000
 1.23630  0.00000
 1.30694  0.00000
 1.37759  0.00000
 1.44823  0.00000
 1.51888  0.00000
 1.58952  0.00000
 1.66017  0.00000
 1.73081  0.00000
 1.80146  0.00000
 1.87210  0.00000
 1.94275  0.00000
 2.01340  0.00000
 2.08404  0.00000
 2.15469  0.00000
 2.22533  0.00000
 2.29598  0.00000
 2.36662  0.00000
 2.43727  0.00000
 2.50791  0.00163
 2.57856  0.08352
 2.64920  0.74383
 2.71985  2.08058
 2.79050  2.80769
 2.86114  2.53204
 2.93179  1.89208
 3.00243  1.35805
 3.07308  1.01998
 3.14372  0.81993
 3.21437  0.70226
 3.28501  0.63052
 3.35566  0.59708
 3.42630  0.58100
 3.49695  0.58010
 3.56760  0.58956
 3.63824  0.60774
 3.70889  0.63485
 3.77953  0.66500
 3.85018  0.69805
 3.92082  0.73579
 3.99147  0.77518
 4.06211  0.81118
 4.13276  0.85014
 4.20340  0.88957
 4.27405  0.93365
 4.34470  0.98457
 4.41534  1.03160
 4.48599  1.08969
 4.55663  1.13837
 4.62728  1.18205
 4.69792  1.20994
 4.76857  1.21994
 4.83921  1.22268
 4.90986  1.21875
 4.98050  1.21071
 5.05115  1.18977
 5.12180  1.17505
 5.19244  1.14896
 5.26309  1.12668
 5.33373  1.09886
 5.40438  1.06920
 5.47502  1.04112
 5.54567  1.00739
 5.61631  0.98202
 5.68696  0.95636
 5.75760  0.93785
 5.82825  0.92073
 5.89890  0.91175
 5.96954  0.90297
 6.04019  0.90357
 6.11083  0.90363
 6.18148  0.90579
 6.25212  0.91198
 6.32277  0.92001
 6.39341  0.92805
 6.46406  0.93506
 6.53470  0.94359
 6.60535  0.95237
 6.67600  0.96312
 6.74664  0.97249
 6.81729  0.97977
 6.88793  0.98982
 6.95858  0.99621
 7.02922  1.00471
 7.09987  1.01298
 7.17051  1.01806
 7.24116  1.02382
 7.31180  1.02831
 7.38245  1.02917
 7.45310  1.02879
 7.52374  1.03059
 7.59439  1.03206
 7.66503  1.03267
 7.73568  1.02881
 7.80632  1.02627
 7.87697  1.02441
 7.94761  1.02070
 8.01826  1.01665
 8.08890  1.01507
 8.15955  1.01218
 8.23020  1.00774
 8.30084  1.00521
 8.37149  1.00407
 8.44213  0.99955
 8.51278  0.99994
 8.58342  0.99704
 8.65407  0.99655
 8.72471  0.99692
 8.79536  0.99532
 8.86600  0.99485
 8.93665  0.99404
 9.00730  0.99555
 9.07794  0.99275
 9.14859  0.99329
 9.21923  0.99520
 9.28988  0.99378
 9.36052  0.99525
 9.43117  0.99581
 9.50181  0.99242
 9.57246  0.99639
 9.64310  0.99627
 9.71375  0.99763
 9.78440  0.99591
 9.85504  0.99654
 9.92569  0.99746
 9.99633  0.99828
10.06698  0.99931
10.13762  1.00011
10.20827  1.00106
10.27891  1.00097
10.34956  1.00141
10.42020  1.00197
10.49085  1.00240
10.56150  1.00364
10.63214  1.00307
10.70279  1.00349
10.77343  1.00395
10.84408  1.00393
10.91472  1.00476
10.98537  1.00431
11.05601  1.00375
11.12666  1.00324
11.19730  1.00413
11.26795  1.00329
11.33860  1.00327
11.40924  1.00375
11.47989  1.00291
11.55053  1.00219
11.62118  1.00157
11.69182  1.00017
11.76247  1.00084
11.83311  1.00069
11.90376  1.00038
11.97440  0.99917
12.04505  0.99923
12.11570  1.00109
12.18634  0.99986
12.25699  0.99964
12.32763  1.00010
12.39828  0.99789
12.46892  0.99959
12.53957  1.00054
12.61021  1.00006
12.68086  0.99964
12.75150  0.99977
12.82215  1.00038
12.89280  1.00024
12.96344  0.99948
13.03409  1.00053
13.10473  1.00060
13.17538  1.00049
13.24602  1.00135
13.31667  1.00003
13.38731  1.00121
13.45796  1.00187
13.52860  1.00026
13.59925  1.00156
13.66990  1.00157
13.74054  1.00021
13.81119  1.00232
13.88183  1.00209
13.95248  1.00187
14.02312  1.00169
14.09377  1.00082
14.16441  1.00096
14.23506  1.00102
14.30570  1.00077
14.37635  1.00034
14.44700  1.00229
14.51764  1.00088
14.58829  1.00179
14.65893  0.99935
14.72958  1.00088
14.80022  1.00037
14.87087  1.00133
14.94151  1.00007
15.01216  1.00030
15.08280  1.00128
15.15345  1.00124
15.22410  1.00163
15.29474  1.00033
15.36539  1.00026
15.43603  1.00026
15.50668  1.00087
15.57732  1.00087
15.64797  1.00135
15.71861  1.00156
15.78926  0.99990
15.85990  1.00115
15.93055  1.00024
16.00120  1.00029
16.07184  1.00108
16.14249  1.00071
16.21313  1.00126
16.28378  1.00118
16.35442  1.00058
16.42507  0.99998
16.49571  1.00034
16.56636  1.00141
16.63700  1.00125
16.70765  1.00155
16.77830  1.00127
16.84894  1.00040
16.91959  1.00035
16.99023  1.00053
17.06088  1.00110
17.13152  1.00067
17.20217  1.00143
17.27281  1.00072
17.34346  1.00142
17.41410  1.00114
17.48475  1.00120
17.55540  1.00064
17.62604  1.00149
17.69669  1.00048
17.76733  1.00070
17.83798  1.00095
17.90862  1.00050
17.97927  1.00150
18.04991  1.00184
18.12056  1.00095
18.19120  1.00115
18.26185  1.00126
18.33250  1.00053
18.40314  1.00121
18.47379  1.00085
18.54443  1.00031
18.61508  1.00142
18.68572  1.00107
18.75637  1.00060
18.82701  1.00136
18.89766  1.00080
18.96830  1.00122
19.03895  1.00071
19.10960  1.00092
19.18024  1.00039
19.25089  1.00110
19.32153  1.00090
19.39218  1.00110
19.46282  1.00079
19.53347  1.00049
19.60411  1.00072
19.67476  1.00025
19.74540  1.00089
19.81605  1.00092
19.88670  1.00167
19.95734  1.00086
20.02799  1.00105
20.09863  1.00079
20.16928  1.00196
20.23992  1.00045
20.31057  1.00109
20.38121  1.00137
20.45186  1.00141
20.52250  1.00116
20.59315  1.00084
20.66380  1.00083
20.73444  1.00051
20.80509  1.00101
20.87573  1.00052
20.94638  1.00123
21.01702  1.00156
21.08767  1.00092
21.15831  0.99996
