 0.03532  0.00000
 0.10597  0.00000
 0.17661  0.00000
 0.24726  0.00000
 0.31790  0.00000
 0.38855  0.00000
 0.45920  0.00000
 0.52984  0.00000
 0.60049  0.00000
 0.67113  0.00000
 0.74178  0.00000
 0.81242  0.00000
 0.88307  0.00000
 0.95371  0.00000
 1.02436  0.00000
 1.09500  0.00000
 1.16565  0.00000
 1.23630  0.00000
 1.30694  0.00000
 1.37759  0.00000
 1.44823  0.00000
 1.51888  0.00000
 1.58952  0.00000
 1.66017  0.00000
 1.73081  0.00000
 1.80146  0.00000
 1.87210  0.00000
 1.94275  0.00000
 2.01340  0.00000
 2.08404  0.00000
 2.15469  0.00000
 2.22533  0.00000
 2.29598  0.00000
 2.36662  0.00000
 2.43727  0.00000
 2.50791  0.00000
 2.57856  0.00000
 2.64920  0.00003
 2.71985  0.00052
 2.79050  0.00817
 2.86114  0.04885
 2.93179  0.17508
 3.00243  0.43071
 3.07308  0.81132
 3.14372  1.23853
 3.21437  1.61557
 3.28501  1.90027
 3.35566  2.09231
 3.42630  2.14505
 3.49695  2.06324
 3.56760  1.86533
 3.63824  1.60265
 3.70889  1.35044
 3.77953  1.11771
 3.85018  0.92278
 3.92082  0.76268
 3.99147  0.65715
 4.06211  0.60687
 4.13276  0.60150
 4.20340  0.62951
 4.27405  0.67568
 4.34470  0.73328
 4.41534  0.79611
 4.48599  0.86498
 4.55663  0.93042
 4.62728  0.98757
 4.69792  1.02923
 4.76857  1.06200
 4.83921  1.08265
 4.90986  1.09280
 4.98050  1.09807
 5.05115  1.10041
 5.12180  1.09884
 5.19244  1.09634
 5.26309  1.08827
 5.33373  1.08692
 5.40438  1.07884
 5.47502  1.07643
 5.54567  1.06550
 5.61631  1.05756
 5.68696  1.04864
 5.75760  1.03832
 5.82825  1.02785
 5.89890  1.01095
 5.96954  0.99718
 6.04019  0.97661
 6.11083  0.96059
 6.18148  0.94444
 6.25212  0.93017
 6.32277  0.91848
 6.39341  0.91107
 6.46406  0.90806
 6.53470  0.90626
 6.60535  0.91591
 6.67600  0.92212
 6.74664  0.93323
 6.81729  0.94681
 6.88793  0.95910
 6.95858  0.97474
 7.02922  0.98995
 7.09987  1.00462
 7.17051  1.01782
 7.24116  1.02647
 7.31180  1.03633
 7.38245  1.04421
 7.45310  1.04697
 7.52374  1.04874
 7.59439  1.05222
 7.66503  1.04826
 7.73568  1.04774
 7.80632  1.04177
 7.87697  1.03811
 7.94761  1.03445
 8.01826  1.02580
 8.08890  1.01910
 8.15955  1.01575
 8.23020  1.00788
 8.30084  1.00228
 8.37149  0.99922
 8.44213  0.99394
 8.51278  0.98756
 8.58342  0.98601
 8.65407  0.98257
 8.72471  0.98232
 8.79536  0.98173
 8.86600  0.97997
 8.93665  0.98221
 9.00730  0.98100
 9.07794  0.98544
 9.14859  0.98538
 9.21923  0.98949
 9.28988  0.99038
 9.36052  0.99287
 9.43117  0.99608
 9.50181  0.99724
 9.57246  1.00010
 9.64310  1.00216
 9.71375  1.00265
 9.78440  1.00508
 9.85504  1.00493
 9.92569  1.00779
 9.99633  1.00755
10.06698  1.00649
10.13762  1.00892
10.20827  1.00744
10.27891  1.00686
10.34956  1.00605
10.42020  1.00584
10.49085  1.00368
10.56150  1.00457
10.63214  1.00352
10.70279  1.00258
10.77343  1.00151
10.84408  1.00123
10.91472  1.00069
10.98537  1.00102
11.05601  0.99904
11.12666  0.99851
11.19730  0.99950
11.26795  1.00003
11.33860  1.00041
11.40924  0.99904
11.47989  0.99976
11.55053  1.00088
11.62118  0.99959
11.69182  0.99871
11.76247  1.00055
11.83311  1.00212
11.90376  0.99966
11.97440  1.00020
12.04505  1.00056
12.11570  1.00119
12.18634  1.00083
12.25699  1.00154
12.32763  1.00086
12.39828  1.00249
12.46892  1.00015
12.53957  1.00106
12.61021  1.00257
12.68086  1.00163
12.75150  1.00125
12.82215  1.00103
12.89280  1.00099
12.96344  1.00109
13.03409  1.00130
13.10473  1.00004
13.17538  1.00152
13.24602  1.00108
13.31667  1.00095
13.38731  1.00055
13.45796  1.00070
13.52860  1.00100
13.59925  1.00112
13.66990  1.00066
13.74054  1.00129
13.81119  1.00175
13.88183  0.99980
13.95248  1.00058
14.02312  1.00132
14.09377  1.00138
14.16441  1.00148
14.23506  1.00129
14.30570  1.00228
14.37635  1.00235
14.44700  1.00155
14.51764  1.00016
14.58829  1.00215
14.65893  1.00166
14.72958  1.00125
14.80022  1.00206
14.87087  1.00046
14.94151  1.00162
15.01216  1.00068
15.08280  1.00046
15.15345  1.00135
15.22410  1.00130
15.29474  1.00130
15.36539  1.00187
15.43603  1.00011
15.50668  1.00104
15.57732  1.00107
15.64797  1.00048
15.71861  0.99998
15.78926  1.00107
15.85990  1.00136
15.93055  1.00072
16.00120  1.00051
16.07184  1.00138
16.14249  1.00037
16.21313  1.00046
16.28378  1.00064
16.35442  1.00092
16.42507  1.00161
16.49571  1.00097
16.56636  1.00093
16.63700  1.00144
16.70765  1.00048
16.77830  1.00098
16.84894  1.00172
16.91959  1.00100
16.99023  1.00234
17.06088  1.00143
17.13152  1.00141
17.20217  1.00111
17.27281  1.00133
17.34346  1.00169
17.41410  1.00038
17.48475  1.00196
17.55540  1.00177
17.62604  1.00101
17.69669  1.00107
17.76733  1.00110
17.83798  1.00040
17.90862  1.00028
17.97927  1.00022
18.04991  1.00042
18.12056  1.00116
18.19120  1.00074
18.26185  1.00116
18.33250  1.00176
18.40314  1.00177
18.47379  1.00097
18.54443  1.00129
18.61508  1.00106
18.68572  1.00141
18.75637  1.00116
18.82701  1.00013
18.89766  1.00079
18.96830  1.00054
19.03895  1.00096
19.10960  0.99988
19.18024  1.00083
19.25089  1.00121
19.32153  1.00101
19.39218  1.00083
19.46282  1.00076
19.53347  1.00138
19.60411  1.00105
19.67476  1.00087
19.74540  1.00117
19.81605  1.00065
19.88670  1.00141
19.95734  1.00129
20.02799  1.00093
20.09863  1.00150
20.16928  1.00083
20.23992  1.00092
20.31057  1.00112
20.38121  1.00083
20.45186  1.00105
20.52250  1.00045
20.59315  1.00092
20.66380  1.00147
20.73444  1.00099
20.80509  1.00088
20.87573  1.00056
20.94638  1.00113
21.01702  1.00118
21.08767  1.00014
21.15831  1.00047
