 0.03532      inf
 0.10597      inf
 0.17661      inf
 0.24726      inf
 0.31790      inf
 0.38855      inf
 0.45920      inf
 0.52984      inf
 0.60049      inf
 0.67113      inf
 0.74178      inf
 0.81242      inf
 0.88307      inf
 0.95371      inf
 1.02436      inf
 1.09500      inf
 1.16565      inf
 1.23630      inf
 1.30694      inf
 1.37759      inf
 1.44823      inf
 1.51888      inf
 1.58952      inf
 1.66017      inf
 1.73081      inf
 1.80146      inf
 1.87210      inf
 1.94275      inf
 2.01340      inf
 2.08404      inf
 2.15469      inf
 2.22533      inf
 2.29598      inf
 2.36662      inf
 2.43727      inf
 2.50791      inf
 2.57856      inf
 2.64920  6.22784
 2.71985  4.47574
 2.79050  2.84563
 2.86114  1.78725
 2.93179  1.03157
 3.00243  0.49865
 3.07308  0.12378
 3.14372 -0.12664
 3.21437 -0.28398
 3.28501 -0.38006
 3.35566 -0.43705
 3.42630 -0.45179
 3.49695 -0.42877
 3.56760 -0.36908
 3.63824 -0.27922
 3.70889 -0.17785
 3.77953 -0.06588
 3.85018  0.04758
 3.92082  0.16038
 3.99147  0.24855
 4.06211  0.29567
 4.13276  0.30093
 4.20340  0.27399
 4.27405  0.23208
 4.34470  0.18366
 4.41534  0.13498
 4.48599  0.08587
 4.55663  0.04269
 4.62728  0.00740
 4.69792 -0.01706
 4.76857 -0.03561
 4.83921 -0.04701
 4.90986 -0.05253
 4.98050 -0.05538
 5.05115 -0.05664
 5.12180 -0.05580
 5.19244 -0.05445
 5.26309 -0.05008
 5.33373 -0.04934
 5.40438 -0.04492
 5.47502 -0.04360
 5.54567 -0.03756
 5.61631 -0.03313
 5.68696 -0.02812
 5.75760 -0.02226
 5.82825 -0.01626
 5.89890 -0.00645
 5.96954  0.00167
 6.04019  0.01401
 6.11083  0.02381
 6.18148  0.03384
 6.25212  0.04285
 6.32277  0.05034
 6.39341  0.05514
 6.46406  0.05710
 6.53470  0.05827
 6.60535  0.05200
 6.67600  0.04800
 6.74664  0.04091
 6.81729  0.03236
 6.88793  0.02472
 6.95858  0.01514
 7.02922  0.00598
 7.09987 -0.00273
 7.17051 -0.01045
 7.24116 -0.01547
 7.31180 -0.02112
 7.38245 -0.02561
 7.45310 -0.02717
 7.52374 -0.02817
 7.59439 -0.03014
 7.66503 -0.02790
 7.73568 -0.02761
 7.80632 -0.02423
 7.87697 -0.02214
 7.94761 -0.02005
 8.01826 -0.01508
 8.08890 -0.01120
 8.15955 -0.00925
 8.23020 -0.00464
 8.30084 -0.00135
 8.37149  0.00046
 8.44213  0.00360
 8.51278  0.00741
 8.58342  0.00834
 8.65407  0.01041
 8.72471  0.01056
 8.79536  0.01091
 8.86600  0.01198
 8.93665  0.01062
 9.00730  0.01136
 9.07794  0.00868
 9.14859  0.00872
 9.21923  0.00626
 9.28988  0.00572
 9.36052  0.00424
 9.43117  0.00233
 9.50181  0.00164
 9.57246 -0.00006
 9.64310 -0.00128
 9.71375 -0.00156
 9.78440 -0.00300
 9.85504 -0.00291
 9.92569 -0.00459
 9.99633 -0.00445
10.06698 -0.00383
10.13762 -0.00526
10.20827 -0.00439
10.27891 -0.00405
10.34956 -0.00357
10.42020 -0.00345
10.49085 -0.00217
10.56150 -0.00270
10.63214 -0.00208
10.70279 -0.00152
10.77343 -0.00089
10.84408 -0.00073
10.91472 -0.00041
10.98537 -0.00061
11.05601  0.00057
11.12666  0.00088
11.19730  0.00030
11.26795 -0.00002
11.33860 -0.00024
11.40924  0.00057
11.47989  0.00014
11.55053 -0.00052
11.62118  0.00024
11.69182  0.00076
11.76247 -0.00033
11.83311 -0.00125
11.90376  0.00020
11.97440 -0.00012
12.04505 -0.00033
12.11570 -0.00070
12.18634 -0.00049
12.25699 -0.00091
12.32763 -0.00051
12.39828 -0.00147
12.46892 -0.00009
12.53957 -0.00063
12.61021 -0.00152
12.68086 -0.00096
12.75150 -0.00074
12.82215 -0.00061
12.89280 -0.00058
12.96344 -0.00065
13.03409 -0.00077
13.10473 -0.00002
13.17538 -0.00090
13.24602 -0.00064
13.31667 -0.00056
13.38731 -0.00033
13.45796 -0.00042
13.52860 -0.00059
13.59925 -0.00066
13.66990 -0.00039
13.74054 -0.00076
13.81119 -0.00103
13.88183  0.00012
13.95248 -0.00034
14.02312 -0.00078
14.09377 -0.00082
14.16441 -0.00087
14.23506 -0.00076
14.30570 -0.00135
14.37635 -0.00139
14.44700 -0.00092
14.51764 -0.00009
14.58829 -0.00127
14.65893 -0.00098
14.72958 -0.00074
14.80022 -0.00122
14.87087 -0.00027
14.94151 -0.00096
15.01216 -0.00040
15.08280 -0.00028
15.15345 -0.00080
15.22410 -0.00077
15.29474 -0.00077
15.36539 -0.00111
15.43603 -0.00006
15.50668 -0.00062
15.57732 -0.00063
15.64797 -0.00028
15.71861  0.00001
15.78926 -0.00063
15.85990 -0.00080
15.93055 -0.00043
16.00120 -0.00030
16.07184 -0.00082
16.14249 -0.00022
16.21313 -0.00027
16.28378 -0.00038
16.35442 -0.00054
16.42507 -0.00095
16.49571 -0.00057
16.56636 -0.00055
16.63700 -0.00085
16.70765 -0.00029
16.77830 -0.00058
16.84894 -0.00102
16.91959 -0.00059
16.99023 -0.00138
17.06088 -0.00085
17.13152 -0.00083
17.20217 -0.00066
17.27281 -0.00078
17.34346 -0.00100
17.41410 -0.00023
17.48475 -0.00116
17.55540 -0.00105
17.62604 -0.00060
17.69669 -0.00063
17.76733 -0.00065
17.83798 -0.00024
17.90862 -0.00017
17.97927 -0.00013
18.04991 -0.00025
18.12056 -0.00069
18.19120 -0.00044
18.26185 -0.00069
18.33250 -0.00104
18.40314 -0.00105
18.47379 -0.00057
18.54443 -0.00076
18.61508 -0.00062
18.68572 -0.00084
18.75637 -0.00069
18.82701 -0.00008
18.89766 -0.00047
18.96830 -0.00032
19.03895 -0.00057
19.10960  0.00007
19.18024 -0.00049
19.25089 -0.00072
19.32153 -0.00060
19.39218 -0.00049
19.46282 -0.00045
19.53347 -0.00081
19.60411 -0.00062
19.67476 -0.00052
19.74540 -0.00069
19.81605 -0.00038
19.88670 -0.00084
19.95734 -0.00076
20.02799 -0.00055
20.09863 -0.00088
20.16928 -0.00049
20.23992 -0.00054
20.31057 -0.00067
20.38121 -0.00049
20.45186 -0.00062
20.52250 -0.00027
20.59315 -0.00054
20.66380 -0.00087
20.73444 -0.00059
20.80509 -0.00052
20.87573 -0.00033
20.94638 -0.00067
21.01702 -0.00070
21.08767 -0.00008
21.15831 -0.00028
