 0.03532      inf
 0.10597      inf
 0.17661      inf
 0.24726      inf
 0.31790      inf
 0.38855      inf
 0.45920      inf
 0.52984      inf
 0.60049      inf
 0.67113      inf
 0.74178      inf
 0.81242      inf
 0.88307      inf
 0.95371      inf
 1.02436      inf
 1.09500      inf
 1.16565      inf
 1.23630      inf
 1.30694      inf
 1.37759      inf
 1.44823      inf
 1.51888      inf
 1.58952      inf
 1.66017      inf
 1.73081      inf
 1.80146      inf
 1.87210      inf
 1.94275      inf
 2.01340      inf
 2.08404      inf
 2.15469      inf
 2.22533      inf
 2.29598      inf
 2.36662      inf
 2.43727      inf
 2.50791  3.80147
 2.57856  1.46971
 2.64920  0.17520
 2.71985 -0.43373
 2.79050 -0.61116
 2.86114 -0.54998
 2.93179 -0.37750
 3.00243 -0.18118
 3.07308 -0.01171
 3.14372  0.11754
 3.21437  0.20924
 3.28501  0.27304
 3.35566  0.30530
 3.42630  0.32146
 3.49695  0.32238
 3.56760  0.31280
 3.63824  0.29482
 3.70889  0.26899
 3.77953  0.24152
 3.85018  0.21280
 3.92082  0.18163
 3.99147  0.15076
 4.06211  0.12388
 4.13276  0.09611
 4.20340  0.06927
 4.27405  0.04065
 4.34470  0.00920
 4.41534 -0.01841
 4.48599 -0.05085
 4.55663 -0.07672
 4.62728 -0.09901
 4.69792 -0.11282
 4.76857 -0.11769
 4.83921 -0.11902
 4.90986 -0.11711
 4.98050 -0.11319
 5.05115 -0.10287
 5.12180 -0.09550
 5.19244 -0.08220
 5.26309 -0.07061
 5.33373 -0.05581
 5.40438 -0.03961
 5.47502 -0.02385
 5.54567 -0.00436
 5.61631  0.01074
 5.68696  0.02641
 5.75760  0.03798
 5.82825  0.04889
 5.89890  0.05470
 5.96954  0.06043
 6.04019  0.06003
 6.11083  0.05999
 6.18148  0.05858
 6.25212  0.05454
 6.32277  0.04936
 6.39341  0.04420
 6.46406  0.03975
 6.53470  0.03437
 6.60535  0.02889
 6.67600  0.02225
 6.74664  0.01651
 6.81729  0.01210
 6.88793  0.00606
 6.95858  0.00225
 7.02922 -0.00278
 7.09987 -0.00764
 7.17051 -0.01060
 7.24116 -0.01394
 7.31180 -0.01653
 7.38245 -0.01702
 7.45310 -0.01680
 7.52374 -0.01784
 7.59439 -0.01868
 7.66503 -0.01903
 7.73568 -0.01682
 7.80632 -0.01535
 7.87697 -0.01428
 7.94761 -0.01213
 8.01826 -0.00978
 8.08890 -0.00886
 8.15955 -0.00717
 8.23020 -0.00456
 8.30084 -0.00307
 8.37149 -0.00240
 8.44213  0.00026
 8.51278  0.00004
 8.58342  0.00175
 8.65407  0.00205
 8.72471  0.00183
 8.79536  0.00277
 8.86600  0.00305
 8.93665  0.00354
 9.00730  0.00264
 9.07794  0.00431
 9.14859  0.00398
 9.21923  0.00285
 9.28988  0.00369
 9.36052  0.00282
 9.43117  0.00249
 9.50181  0.00451
 9.57246  0.00214
 9.64310  0.00221
 9.71375  0.00140
 9.78440  0.00243
 9.85504  0.00205
 9.92569  0.00150
 9.99633  0.00102
10.06698  0.00041
10.13762 -0.00007
10.20827 -0.00063
10.27891 -0.00057
10.34956 -0.00084
10.42020 -0.00116
10.49085 -0.00142
10.56150 -0.00215
10.63214 -0.00181
10.70279 -0.00206
10.77343 -0.00233
10.84408 -0.00232
10.91472 -0.00281
10.98537 -0.00255
11.05601 -0.00221
11.12666 -0.00191
11.19730 -0.00244
11.26795 -0.00195
11.33860 -0.00193
11.40924 -0.00222
11.47989 -0.00172
11.55053 -0.00129
11.62118 -0.00093
11.69182 -0.00010
11.76247 -0.00050
11.83311 -0.00041
11.90376 -0.00023
11.97440  0.00049
12.04505  0.00046
12.11570 -0.00064
12.18634  0.00008
12.25699  0.00021
12.32763 -0.00006
12.39828  0.00125
12.46892  0.00024
12.53957 -0.00032
12.61021 -0.00004
12.68086  0.00021
12.75150  0.00014
12.82215 -0.00023
12.89280 -0.00014
12.96344  0.00031
13.03409 -0.00031
13.10473 -0.00036
13.17538 -0.00029
13.24602 -0.00080
13.31667 -0.00002
13.38731 -0.00072
13.45796 -0.00111
13.52860 -0.00015
13.59925 -0.00092
13.66990 -0.00093
13.74054 -0.00012
13.81119 -0.00137
13.88183 -0.00124
13.95248 -0.00111
14.02312 -0.00100
14.09377 -0.00048
14.16441 -0.00057
14.23506 -0.00060
14.30570 -0.00045
14.37635 -0.00020
14.44700 -0.00135
14.51764 -0.00052
14.58829 -0.00106
14.65893  0.00038
14.72958 -0.00052
14.80022 -0.00022
14.87087 -0.00079
14.94151 -0.00004
15.01216 -0.00018
15.08280 -0.00076
15.15345 -0.00074
15.22410 -0.00096
15.29474 -0.00020
15.36539 -0.00015
15.43603 -0.00015
15.50668 -0.00052
15.57732 -0.00051
15.64797 -0.00080
15.71861 -0.00092
15.78926  0.00006
15.85990 -0.00068
15.93055 -0.00014
16.00120 -0.00017
16.07184 -0.00064
16.14249 -0.00042
16.21313 -0.00075
16.28378 -0.00070
16.35442 -0.00034
16.42507  0.00001
16.49571 -0.00020
16.56636 -0.00083
16.63700 -0.00074
16.70765 -0.00091
16.77830 -0.00075
16.84894 -0.00024
16.91959 -0.00021
16.99023 -0.00031
17.06088 -0.00065
17.13152 -0.00039
17.20217 -0.00085
17.27281 -0.00043
17.34346 -0.00084
17.41410 -0.00067
17.48475 -0.00071
17.55540 -0.00038
17.62604 -0.00088
17.69669 -0.00029
17.76733 -0.00041
17.83798 -0.00056
17.90862 -0.00030
17.97927 -0.00089
18.04991 -0.00109
18.12056 -0.00056
18.19120 -0.00068
18.26185 -0.00074
18.33250 -0.00031
18.40314 -0.00072
18.47379 -0.00050
18.54443 -0.00018
18.61508 -0.00084
18.68572 -0.00063
18.75637 -0.00035
18.82701 -0.00080
18.89766 -0.00047
18.96830 -0.00072
19.03895 -0.00042
19.10960 -0.00054
19.18024 -0.00023
19.25089 -0.00065
19.32153 -0.00053
19.39218 -0.00065
19.46282 -0.00046
19.53347 -0.00029
19.60411 -0.00043
19.67476 -0.00015
19.74540 -0.00053
19.81605 -0.00054
19.88670 -0.00099
19.95734 -0.00051
20.02799 -0.00062
20.09863 -0.00047
20.16928 -0.00116
20.23992 -0.00027
20.31057 -0.00065
20.38121 -0.00081
20.45186 -0.00083
20.52250 -0.00069
20.59315 -0.00050
20.66380 -0.00049
20.73444 -0.00030
20.80509 -0.00060
20.87573 -0.00031
20.94638 -0.00073
21.01702 -0.00092
21.08767 -0.00054
21.15831  0.00003
