 0.03532      inf      nan
 0.10597      inf      nan
 0.17661      inf      nan
 0.24726      inf      nan
 0.31790      inf      nan
 0.38855      inf      nan
 0.45920      inf      nan
 0.52984      inf      nan
 0.60049      inf      nan
 0.67113      inf      nan
 0.74178      inf      nan
 0.81242      inf      nan
 0.88307      inf      nan
 0.95371      inf      nan
 1.02436      inf      nan
 1.09500      inf      nan
 1.16565      inf      nan
 1.23630      inf      nan
 1.30694      inf      nan
 1.37759      inf      nan
 1.44823      inf      nan
 1.51888      inf      nan
 1.58952      inf      nan
 1.66017      inf      nan
 1.73081      inf      nan
 1.80146      inf      nan
 1.87210      inf      nan
 1.94275      inf      nan
 2.01340      inf      nan
 2.08404      inf      nan
 2.15469      inf      nan
 2.22533      inf      nan
 2.29598      inf      nan
 2.36662      inf      nan
 2.43727      inf      nan
 2.50791      inf      nan
 2.57856      inf      nan
 2.64920      inf      nan
 2.71985      inf      nan
 2.79050  4.14495  0.58660
 2.86114  2.08694  0.10491
 2.93179  0.84482  0.03371
 3.00243 -0.08545  0.01645
 3.07308 -0.74375  0.01145
 3.14372 -1.14341  0.00836
 3.21437 -1.33044  0.00736
 3.28501 -1.43413  0.00668
 3.35566 -1.46705  0.00699
 3.42630 -1.49649  0.00692
 3.49695 -1.50891  0.00709
 3.56760 -1.48934  0.00693
 3.63824 -1.40194  0.00710
 3.70889 -1.28168  0.00742
 3.77953 -1.07764  0.00773
 3.85018 -0.82176  0.00905
 3.92082 -0.49872  0.01028
 3.99147 -0.16867  0.01176
 4.06211  0.16814  0.01458
 4.13276  0.38559  0.01749
 4.20340  0.46147  0.01857
 4.27405  0.51094  0.01738
 4.34470  0.45766  0.01714
 4.41534  0.41942  0.01401
 4.48599  0.35437  0.01528
 4.55663  0.27676  0.01448
 4.62728  0.21540  0.01332
 4.69792  0.16471  0.01330
 4.76857  0.10834  0.01121
 4.83921  0.02679  0.01177
 4.90986  0.01254  0.01070
 4.98050 -0.04810  0.00966
 5.05115 -0.08294  0.00992
 5.12180 -0.11848  0.00917
 5.19244 -0.14957  0.00892
 5.26309 -0.18695  0.00858
 5.33373 -0.20184  0.00919
 5.40438 -0.23720  0.00796
 5.47502 -0.24670  0.00841
 5.54567 -0.26061  0.00799
 5.61631 -0.26770  0.00747
 5.68696 -0.27817  0.00751
 5.75760 -0.27932  0.00728
 5.82825 -0.27538  0.00812
 5.89890 -0.25534  0.00743
 5.96954 -0.24320  0.00784
 6.04019 -0.20634  0.00800
 6.11083 -0.19021  0.00721
 6.18148 -0.15982  0.00807
 6.25212 -0.12944  0.00697
 6.32277 -0.09129  0.00769
 6.39341 -0.06806  0.00773
 6.46406 -0.05221  0.00689
 6.53470 -0.01483  0.00858
 6.60535  0.00484  0.00801
 6.67600  0.00392  0.00723
 6.74664  0.02507  0.00819
 6.81729  0.01549  0.00810
 6.88793  0.01341  0.00789
 6.95858  0.02243  0.00671
 7.02922 -0.00623  0.00823
 7.09987 -0.01170  0.00694
 7.17051 -0.01250  0.00672
 7.24116 -0.02754  0.00582
 7.31180 -0.04183  0.00722
 7.38245 -0.03460  0.00718
 7.45310 -0.02824  0.00683
 7.52374 -0.05441  0.00678
 7.59439 -0.05778  0.00706
 7.66503 -0.07233  0.00619
 7.73568 -0.07879  0.00580
 7.80632 -0.07740  0.00602
 7.87697 -0.07418  0.00628
 7.94761 -0.06469  0.00575
 8.01826 -0.07602  0.00623
 8.08890 -0.08634  0.00623
 8.15955 -0.07103  0.00599
 8.23020 -0.07218  0.00634
 8.30084 -0.06294  0.00621
 8.37149 -0.05721  0.00579
 8.44213 -0.04954  0.00612
 8.51278 -0.04571  0.00589
 8.58342 -0.04808  0.00665
 8.65407 -0.04298  0.00604
 8.72471 -0.03273  0.00587
 8.79536 -0.03285  0.00636
 8.86600 -0.03492  0.00549
 8.93665 -0.03521  0.00636
 9.00730 -0.02613  0.00579
 9.07794 -0.03588  0.00556
 9.14859 -0.01704  0.00590
 9.21923 -0.02246  0.00552
 9.28988 -0.02347  0.00574
 9.36052 -0.02437  0.00529
 9.43117 -0.02000  0.00520
 9.50181 -0.02434  0.00537
 9.57246 -0.01815  0.00522
 9.64310 -0.02786  0.00371
 9.71375 -0.01610  0.00577
 9.78440 -0.02463  0.00510
 9.85504 -0.01884  0.00587
 9.92569 -0.03919  0.00501
 9.99633 -0.02659  0.00473
10.06698 -0.02053  0.00528
10.13762 -0.02091  0.00521
10.20827 -0.01990  0.00494
10.27891 -0.02193  0.00389
10.34956 -0.01542  0.00489
10.42020 -0.01578  0.00484
10.49085 -0.01615  0.00467
10.56150 -0.01250  0.00513
10.63214 -0.01830  0.00472
10.70279 -0.01804  0.00431
10.77343 -0.01788  0.00458
10.84408 -0.02057  0.00444
10.91472 -0.00689  0.00522
10.98537 -0.01305  0.00480
11.05601 -0.00682  0.00402
11.12666 -0.00623  0.00461
11.19730 -0.01420  0.00479
11.26795 -0.00946  0.00443
11.33860 -0.00430  0.00501
11.40924 -0.00493  0.00436
11.47989 -0.00512  0.00459
11.55053 -0.00918  0.00455
11.62118 -0.00341  0.00436
11.69182 -0.00217  0.00412
11.76247 -0.01554  0.00410
11.83311 -0.00753  0.00472
11.90376 -0.00438  0.00462
11.97440 -0.00340  0.00453
12.04505 -0.00413  0.00440
12.11570 -0.00633  0.00384
12.18634 -0.00893  0.00441
12.25699 -0.00002  0.00434
12.32763 -0.00874  0.00458
12.39828 -0.00696  0.00367
12.46892 -0.01143  0.00400
12.53957 -0.00251  0.00449
12.61021 -0.00415  0.00428
12.68086 -0.00143  0.00401
12.75150  0.00520  0.00392
12.82215  0.00437  0.00363
12.89280  0.00093  0.00412
12.96344  0.00003  0.00421
13.03409 -0.00157  0.00414
13.10473 -0.00200  0.00399
13.17538 -0.00415  0.00408
13.24602 -0.00193  0.00356
13.31667  0.00396  0.00396
13.38731 -0.00430  0.00381
13.45796  0.00008  0.00369
13.52860 -0.00032  0.00367
13.59925 -0.00069  0.00390
13.66990  0.00411  0.00342
13.74054  0.00346  0.00406
13.81119  0.00139  0.00358
13.88183  0.00113  0.00394
13.95248  0.00470  0.00358
14.02312 -0.00075  0.00389
14.09377 -0.00343  0.00391
14.16441  0.00891  0.00378
14.23506  0.00509  0.00372
14.30570  0.00594  0.00385
14.37635 -0.00140  0.00361
14.44700  0.00161  0.00366
14.51764  0.00491  0.00389
14.58829  0.00300  0.00341
14.65893  0.00625  0.00355
14.72958  0.00601  0.00362
14.80022  0.00667  0.00333
14.87087  0.00561  0.00364
14.94151  0.00268  0.00359
15.01216  0.00843  0.00360
15.08280  0.00855  0.00355
15.15345  0.00765  0.00349
15.22410  0.00627  0.00362
15.29474  0.00683  0.00354
15.36539  0.00654  0.00346
15.43603  0.00787  0.00305
15.50668  0.00156  0.00331
15.57732  0.01313  0.00364
15.64797  0.00422  0.00309
15.71861  0.01209  0.00320
15.78926  0.00612  0.00308
15.85990  0.00254  0.00341
15.93055  0.00888  0.00316
16.00120  0.00681  0.00325
16.07184  0.00824  0.00324
16.14249  0.00476  0.00332
16.21313  0.00907  0.00318
16.28378  0.00967  0.00306
16.35442  0.00799  0.00334
16.42507  0.00918  0.00320
16.49571  0.01122  0.00311
16.56636  0.00993  0.00317
16.63700  0.01040  0.00297
16.70765  0.00780  0.00307
16.77830  0.01243  0.00335
16.84894  0.01441  0.00330
16.91959  0.01134  0.00322
16.99023  0.01197  0.00284
17.06088  0.01319  0.00303
17.13152  0.01605  0.00319
17.20217  0.01122  0.00336
17.27281  0.00703  0.00288
17.34346  0.01172  0.00310
17.41410  0.01136  0.00275
17.48475  0.01263  0.00279
17.55540  0.01010  0.00273
17.62604  0.00858  0.00299
17.69669  0.00783  0.00256
17.76733  0.01663  0.00292
17.83798  0.01540  0.00280
17.90862  0.01020  0.00228
17.97927  0.01719  0.00301
18.04991  0.01147  0.00311
18.12056  0.00605  0.00306
18.19120  0.01563  0.00309
18.26185  0.00820  0.00293
18.33250  0.00941  0.00275
18.40314  0.00840  0.00278
18.47379  0.00796  0.00287
18.54443  0.00934  0.00280
18.61508  0.01118  0.00299
18.68572  0.01256  0.00291
18.75637  0.01443  0.00277
18.82701  0.01157  0.00284
18.89766  0.01012  0.00267
18.96830  0.01276  0.00270
19.03895  0.01338  0.00282
19.10960  0.01449  0.00242
19.18024  0.01154  0.00273
19.25089  0.01395  0.00291
19.32153  0.01356  0.00275
19.39218  0.00920  0.00284
19.46282  0.01602  0.00280
19.53347  0.01219  0.00286
19.60411  0.01338  0.00274
19.67476  0.00697  0.00276
19.74540  0.01417  0.00280
19.81605  0.01095  0.00279
19.88670  0.01069  0.00235
19.95734  0.01342  0.00276
20.02799  0.01435  0.00277
20.09863  0.01144  0.00252
20.16928  0.01115  0.00281
20.23992  0.01222  0.00250
20.31057  0.01279  0.00243
20.38121  0.00902  0.00268
20.45186  0.01041  0.00274
20.52250  0.01652  0.00241
20.59315  0.01351  0.00273
20.66380  0.01676  0.00237
20.73444  0.01257  0.00231
20.80509  0.01333  0.00219
20.87573  0.01569  0.00259
20.94638  0.01198  0.00254
21.01702  0.01248  0.00245
21.08767  0.00844  0.00262
21.15831  0.00776  0.00256
