 0.03562  0.00000      nan
 0.10686  0.00000      nan
 0.17810  0.00000      nan
 0.24933  0.00000      nan
 0.32057  0.00000      nan
 0.39181  0.00000      nan
 0.46305  0.00000      nan
 0.53429  0.00000      nan
 0.60553  0.00000      nan
 0.67677  0.00000      nan
 0.74800  0.00000      nan
 0.81924  0.00000      nan
 0.89048  0.00000      nan
 0.96172  0.00000      nan
 1.03296  0.00000      nan
 1.10420  0.00000      nan
 1.17544  0.00000      nan
 1.24667  0.00000      nan
 1.31791  0.00000      nan
 1.38915  0.00000      nan
 1.46039  0.00000      nan
 1.53163  0.00000      nan
 1.60287  0.00000      nan
 1.67411  0.00000      nan
 1.74534  0.00000      nan
 1.81658  0.00000      nan
 1.88782  0.00000      nan
 1.95906  0.00000      nan
 2.03030  0.00000      nan
 2.10154  0.00000      nan
 2.17278  0.00000      nan
 2.24401  0.00000      nan
 2.31525  0.00000      nan
 2.38649  0.00000      nan
 2.45773  0.00000      nan
 2.52897  0.00000      nan
 2.60021  0.00000      nan
 2.67145  0.00000      nan
 2.74268  0.00000      nan
 2.81392  0.00000      nan
 2.88516  0.00000      nan
 2.95640  0.00000      nan
 3.02764  0.00000      nan
 3.09888  0.00000      nan
 3.17012  0.00000      nan
 3.24135  0.00000      nan
 3.31259  0.00000      nan
 3.38383  0.00000      nan
 3.45507  0.00121  0.00084
 3.52631  0.00463  0.00164
 3.59755  0.01781  0.00311
 3.66879  0.04227  0.00465
 3.74002  0.09834  0.00639
 3.81126  0.22163  0.01114
 3.88250  0.47063  0.01480
 3.95374  0.85051  0.02125
 4.02498  1.46796  0.02681
 4.09622  2.30158  0.03599
 4.16746  3.27812  0.04465
 4.23869  4.07282  0.05243
 4.30993  4.57013  0.05804
 4.38117  4.61821  0.05714
 4.45241  4.42474  0.04770
 4.52365  4.31429  0.04832
 4.59489  4.23238  0.04460
 4.66613  4.17724  0.04789
 4.73736  4.00442  0.04288
 4.80860  3.86173  0.04351
 4.87984  3.68689  0.04056
 4.95108  3.41409  0.03922
 5.02232  3.30622  0.03852
 5.09356  3.02589  0.03577
 5.16480  2.76479  0.03203
 5.23603  2.65382  0.03131
 5.30727  2.41379  0.02880
 5.37851  2.20213  0.02691
 5.44975  2.07316  0.02646
 5.52099  1.92478  0.02219
 5.59223  1.78393  0.02210
 5.66347  1.68387  0.02214
 5.73470  1.58470  0.02036
 5.80594  1.56015  0.01859
 5.87718  1.47877  0.01762
 5.94842  1.39940  0.01783
 6.01966  1.36548  0.01661
 6.09090  1.32615  0.01959
 6.16214  1.33417  0.01845
 6.23337  1.33184  0.01789
 6.30461  1.30046  0.01804
 6.37585  1.27351  0.01626
 6.44709  1.23236  0.01654
 6.51833  1.23472  0.01515
 6.58957  1.27866  0.01591
 6.66081  1.25682  0.01590
 6.73204  1.26166  0.01483
 6.80328  1.25919  0.01536
 6.87452  1.24786  0.01372
 6.94576  1.26808  0.01557
 7.01700  1.27347  0.01634
 7.08824  1.25932  0.01395
 7.15948  1.25715  0.01411
 7.23071  1.27906  0.01568
 7.30195  1.26071  0.01376
 7.37319  1.24375  0.01312
 7.44443  1.26074  0.01309
 7.51567  1.22127  0.01243
 7.58691  1.19870  0.01302
 7.65815  1.20364  0.01474
 7.72938  1.16468  0.01252
 7.80062  1.13604  0.01311
 7.87186  1.15742  0.01130
 7.94310  1.13344  0.01230
 8.01434  1.12852  0.01288
 8.08558  1.13053  0.01216
 8.15682  1.08489  0.01154
 8.22805  1.08725  0.01173
 8.29929  1.08550  0.01207
 8.37053  1.10915  0.01155
 8.44177  1.07434  0.01145
 8.51301  1.09559  0.01158
 8.58425  1.07660  0.01002
 8.65548  1.09423  0.01034
 8.72672  1.08353  0.01104
 8.79796  1.09137  0.00892
 8.86920  1.10604  0.01142
 8.94044  1.10173  0.01017
 9.01168  1.08554  0.00986
 9.08292  1.08534  0.01155
 9.15415  1.10555  0.00950
 9.22539  1.10192  0.01008
 9.29663  1.09009  0.01096
 9.36787  1.09508  0.00957
 9.43911  1.09890  0.01068
 9.51035  1.10822  0.01089
 9.58159  1.10836  0.01052
 9.65282  1.09654  0.00933
 9.72406  1.08952  0.00945
 9.79530  1.08161  0.01020
 9.86654  1.07027  0.00974
 9.93778  1.06322  0.01001
10.00902  1.06503  0.00869
10.08026  1.07009  0.00917
10.15149  1.05233  0.00963
10.22273  1.04199  0.00886
10.29397  1.05766  0.00917
10.36521  1.05604  0.00800
10.43645  1.03453  0.00904
10.50769  1.03667  0.00841
10.57893  1.03086  0.00936
10.65016  1.04182  0.00870
10.72140  1.04638  0.00806
10.79264  1.03415  0.00902
10.86388  1.03113  0.00879
10.93512  1.03424  0.00811
11.00636  1.01983  0.00868
11.07760  1.02448  0.00878
11.14883  1.03235  0.00784
11.22007  1.03072  0.00797
11.29131  1.02680  0.00785
11.36255  1.02545  0.00850
11.43379  1.03051  0.00724
11.50503  1.02660  0.00866
11.57627  1.02379  0.00794
11.64750  1.03854  0.00862
11.71874  1.01934  0.00776
11.78998  1.02944  0.00789
11.86122  1.03411  0.00756
11.93246  1.00349  0.00728
12.00370  1.02525  0.00765
12.07494  1.03330  0.00760
12.14617  1.03054  0.00815
12.21741  1.02212  0.00840
12.28865  1.01947  0.00758
12.35989  1.01487  0.00710
12.43113  1.01119  0.00762
12.50237  1.01836  0.00803
12.57361  1.00563  0.00682
12.64484  1.00347  0.00683
12.71608  1.01048  0.00771
12.78732  1.01171  0.00651
12.85856  1.00315  0.00730
12.92980  1.00251  0.00652
13.00104  1.00753  0.00665
13.07228  0.99978  0.00695
13.14351  1.01182  0.00682
13.21475  1.00164  0.00585
13.28599  1.00309  0.00685
13.35723  1.00522  0.00678
13.42847  0.99973  0.00713
13.49971  0.99561  0.00675
13.57095  1.00388  0.00631
13.64218  1.00859  0.00654
13.71342  1.00273  0.00691
13.78466  1.01010  0.00644
13.85590  0.99550  0.00623
13.92714  1.00710  0.00688
13.99838  1.01121  0.00656
14.06962  1.00624  0.00630
14.14085  1.00279  0.00679
14.21209  0.99729  0.00635
14.28333  1.00883  0.00648
14.35457  0.99625  0.00675
14.42581  0.99530  0.00628
14.49705  0.99894  0.00603
14.56829  0.99293  0.00590
14.63952  0.98806  0.00597
14.71076  0.99552  0.00607
14.78200  0.99376  0.00618
14.85324  0.99506  0.00576
14.92448  0.99011  0.00600
14.99572  0.98915  0.00621
15.06696  0.99184  0.00621
15.13819  0.99299  0.00563
15.20943  0.99283  0.00585
15.28067  0.99436  0.00651
15.35191  0.99182  0.00614
15.42315  0.99224  0.00581
15.49439  0.99457  0.00585
15.56563  0.99132  0.00565
15.63686  0.99415  0.00533
15.70810  0.98381  0.00479
15.77934  0.99218  0.00607
15.85058  0.98658  0.00497
15.92182  0.98405  0.00560
15.99306  0.98485  0.00591
16.06430  1.00022  0.00568
16.13553  0.99379  0.00598
16.20677  0.98811  0.00518
16.27801  0.97967  0.00577
16.34925  0.99495  0.00577
16.42049  0.98943  0.00572
16.49173  0.98024  0.00582
16.56296  0.99102  0.00514
16.63420  0.98224  0.00551
16.70544  0.98239  0.00543
16.77668  0.98522  0.00554
16.84792  0.98967  0.00534
16.91916  0.98609  0.00552
16.99040  0.98552  0.00512
17.06163  0.98626  0.00510
17.13287  0.98132  0.00544
17.20411  0.98406  0.00529
17.27535  0.98185  0.00507
17.34659  0.98486  0.00509
17.41783  0.97941  0.00530
17.48907  0.99087  0.00509
17.56030  0.98278  0.00525
17.63154  0.98593  0.00517
17.70278  0.99178  0.00486
17.77402  0.98484  0.00493
17.84526  0.97621  0.00458
17.91650  0.97739  0.00493
17.98774  0.98587  0.00450
18.05897  0.98926  0.00469
18.13021  0.97806  0.00489
18.20145  0.98431  0.00521
18.27269  0.98280  0.00434
18.34393  0.98834  0.00492
18.41517  0.98615  0.00519
18.48641  0.98674  0.00365
18.55764  0.97960  0.00451
18.62888  0.97996  0.00449
18.70012  0.98044  0.00507
18.77136  0.98237  0.00451
18.84260  0.97794  0.00464
18.91384  0.98080  0.00474
18.98508  0.97892  0.00464
19.05631  0.97801  0.00495
19.12755  0.97865  0.00494
19.19879  0.98136  0.00460
19.27003  0.98043  0.00462
19.34127  0.98030  0.00455
19.41251  0.98388  0.00459
19.48375  0.97717  0.00467
19.55498  0.97867  0.00462
19.62622  0.98016  0.00440
19.69746  0.96993  0.00451
19.76870  0.98098  0.00386
19.83994  0.98524  0.00440
19.91118  0.97700  0.00312
19.98242  0.97726  0.00427
20.05365  0.97694  0.00422
20.12489  0.98682  0.00429
20.19613  0.97839  0.00440
20.26737  0.98357  0.00438
20.33861  0.97671  0.00448
20.40985  0.98391  0.00393
20.48109  0.97266  0.00439
20.55232  0.98003  0.00391
20.62356  0.98303  0.00416
20.69480  0.98276  0.00394
20.76604  0.98097  0.00410
20.83728  0.96851  0.00359
20.90852  0.97910  0.00418
20.97976  0.97547  0.00425
21.05099  0.97802  0.00434
21.12223  0.97447  0.00403
21.19347  0.97806  0.00411
21.26471  0.97869  0.00414
21.33595  0.97828  0.00394
