 0.03562  0.00000
 0.10686  0.00000
 0.17810  0.00000
 0.24933  0.00000
 0.32057  0.00000
 0.39181  0.00000
 0.46305  0.00000
 0.53429  0.00000
 0.60553  0.00000
 0.67677  0.00000
 0.74800  0.00000
 0.81924  0.00000
 0.89048  0.00000
 0.96172  0.00000
 1.03296  0.00000
 1.10420  0.00000
 1.17544  0.00000
 1.24667  0.00000
 1.31791  0.00000
 1.38915  0.00000
 1.46039  0.00000
 1.53163  0.00000
 1.60287  0.00000
 1.67411  0.00000
 1.74534  0.00000
 1.81658  0.00000
 1.88782  0.00000
 1.95906  0.00000
 2.03030  0.00000
 2.10154  0.00000
 2.17278  0.00000
 2.24401  0.00000
 2.31525  0.00000
 2.38649  0.00000
 2.45773  0.00000
 2.52897  0.00000
 2.60021  0.00000
 2.67145  0.00000
 2.74268  0.00000
 2.81392  0.00011
 2.88516  0.00110
 2.95640  0.00592
 3.02764  0.02046
 3.09888  0.05289
 3.17012  0.11390
 3.24135  0.23959
 3.31259  0.46543
 3.38383  0.77822
 3.45507  1.10754
 3.52631  1.38143
 3.59755  1.57917
 3.66879  1.70297
 3.74002  1.76360
 3.81126  1.75813
 3.88250  1.71274
 3.95374  1.64188
 4.02498  1.56555
 4.09622  1.48230
 4.16746  1.40961
 4.23869  1.34584
 4.30993  1.28387
 4.38117  1.22514
 4.45241  1.16647
 4.52365  1.11654
 4.59489  1.06614
 4.66613  1.01970
 4.73736  0.97994
 4.80860  0.94347
 4.87984  0.91271
 4.95108  0.88916
 5.02232  0.86727
 5.09356  0.85189
 5.16480  0.83940
 5.23603  0.83187
 5.30727  0.82401
 5.37851  0.82387
 5.44975  0.82722
 5.52099  0.83153
 5.59223  0.83880
 5.66347  0.85197
 5.73470  0.86167
 5.80594  0.88107
 5.87718  0.89492
 5.94842  0.91207
 6.01966  0.92872
 6.09090  0.94517
 6.16214  0.96196
 6.23337  0.97353
 6.30461  0.98762
 6.37585  0.99494
 6.44709  1.00202
 6.51833  1.00824
 6.58957  1.00981
 6.66081  1.01230
 6.73204  1.01391
 6.80328  1.01666
 6.87452  1.01357
 6.94576  1.01534
 7.01700  1.01583
 7.08824  1.01501
 7.15948  1.01295
 7.23071  1.01215
 7.30195  1.00955
 7.37319  1.00794
 7.44443  1.00590
 7.51567  1.00822
 7.58691  1.00613
 7.65815  1.00505
 7.72938  1.00055
 7.80062  1.00106
 7.87186  0.99958
 7.94310  0.99777
 8.01434  0.99580
 8.08558  0.99618
 8.15682  0.99436
 8.22805  0.99333
 8.29929  0.99388
 8.37053  0.99278
 8.44177  0.99052
 8.51301  0.99168
 8.58425  0.98953
 8.65548  0.98835
 8.72672  0.98775
 8.79796  0.98909
 8.86920  0.98863
 8.94044  0.98966
 9.01168  0.98973
 9.08292  0.98912
 9.15415  0.99118
 9.22539  0.99111
 9.29663  0.99299
 9.36787  0.99420
 9.43911  0.99344
 9.51035  0.99681
 9.58159  0.99714
 9.65282  0.99755
 9.72406  0.99842
 9.79530  0.99934
 9.86654  1.00043
 9.93778  1.00101
10.00902  1.00187
10.08026  1.00255
10.15149  1.00232
10.22273  1.00299
10.29397  1.00495
10.36521  1.00329
10.43645  1.00346
10.50769  1.00324
10.57893  1.00368
10.65016  1.00407
10.72140  1.00267
10.79264  1.00260
10.86388  1.00200
10.93512  1.00192
11.00636  1.00034
11.07760  1.00031
11.14883  1.00000
11.22007  1.00068
11.29131  1.00149
11.36255  0.99905
11.43379  0.99985
11.50503  0.99917
11.57627  0.99888
11.64750  0.99848
11.71874  0.99871
11.78998  0.99935
11.86122  0.99895
11.93246  0.99995
12.00370  0.99902
12.07494  1.00079
12.14617  1.00088
12.21741  0.99930
12.28865  1.00103
12.35989  1.00053
12.43113  0.99953
12.50237  1.00158
12.57361  1.00140
12.64484  0.99975
12.71608  1.00092
12.78732  1.00147
12.85856  1.00084
12.92980  1.00189
13.00104  1.00164
13.07228  1.00192
13.14351  1.00138
13.21475  1.00119
13.28599  1.00104
13.35723  1.00229
13.42847  1.00090
13.49971  1.00165
13.57095  1.00123
13.64218  1.00051
13.71342  1.00113
13.78466  1.00061
13.85590  1.00088
13.92714  1.00138
13.99838  1.00178
14.06962  1.00105
14.14085  1.00079
14.21209  1.00113
14.28333  1.00150
14.35457  1.00198
14.42581  1.00172
14.49705  1.00153
14.56829  1.00085
14.63952  1.00170
14.71076  1.00141
14.78200  1.00270
14.85324  1.00110
14.92448  1.00138
14.99572  1.00232
15.06696  1.00120
15.13819  1.00103
15.20943  1.00120
15.28067  1.00107
15.35191  1.00129
15.42315  1.00174
15.49439  1.00183
15.56563  1.00199
15.63686  1.00122
15.70810  1.00104
15.77934  1.00130
15.85058  1.00197
15.92182  1.00136
15.99306  1.00094
16.06430  1.00224
16.13553  1.00117
16.20677  1.00117
16.27801  1.00168
16.34925  1.00092
16.42049  1.00157
16.49173  1.00105
16.56296  1.00128
16.63420  1.00165
16.70544  1.00192
16.77668  1.00218
16.84792  1.00151
16.91916  1.00133
16.99040  1.00198
17.06163  1.00161
17.13287  1.00118
17.20411  1.00127
17.27535  1.00177
17.34659  1.00170
17.41783  1.00189
17.48907  1.00104
17.56030  1.00144
17.63154  1.00151
17.70278  1.00217
17.77402  1.00132
17.84526  1.00174
17.91650  1.00088
17.98774  1.00149
18.05897  1.00164
18.13021  1.00250
18.20145  1.00170
18.27269  1.00190
18.34393  1.00235
18.41517  1.00191
18.48641  1.00155
18.55764  1.00195
18.62888  1.00165
18.70012  1.00181
18.77136  1.00095
18.84260  1.00136
18.91384  1.00195
18.98508  1.00206
19.05631  1.00074
19.12755  1.00169
19.19879  1.00162
19.27003  1.00172
19.34127  1.00220
19.41251  1.00206
19.48375  1.00101
19.55498  1.00089
19.62622  1.00188
19.69746  1.00141
19.76870  1.00225
19.83994  1.00211
19.91118  1.00159
19.98242  1.00147
20.05365  1.00122
20.12489  1.00166
20.19613  1.00239
20.26737  1.00093
20.33861  1.00218
20.40985  1.00179
20.48109  1.00184
20.55232  1.00220
20.62356  1.00177
20.69480  1.00238
20.76604  1.00171
20.83728  1.00221
20.90852  1.00159
20.97976  1.00216
21.05099  1.00217
21.12223  1.00198
21.19347  1.00116
21.26471  1.00128
21.33595  1.00107
