 0.03562  0.00000
 0.10686  0.00000
 0.17810  0.00000
 0.24933  0.00000
 0.32057  0.00000
 0.39181  0.00000
 0.46305  0.00000
 0.53429  0.00000
 0.60553  0.00000
 0.67677  0.00000
 0.74800  0.00000
 0.81924  0.00000
 0.89048  0.00000
 0.96172  0.00000
 1.03296  0.00000
 1.10420  0.00000
 1.17544  0.00000
 1.24667  0.00000
 1.31791  0.00000
 1.38915  0.00000
 1.46039  0.00000
 1.53163  0.00000
 1.60287  0.00000
 1.67411  0.00000
 1.74534  0.00000
 1.81658  0.00000
 1.88782  0.00000
 1.95906  0.00000
 2.03030  0.00000
 2.10154  0.00000
 2.17278  0.00000
 2.24401  0.00000
 2.31525  0.00000
 2.38649  0.00000
 2.45773  0.00000
 2.52897  0.00000
 2.60021  0.00000
 2.67145  0.00000
 2.74268  0.00000
 2.81392  0.00000
 2.88516  0.00000
 2.95640  0.00008
 3.02764  0.00106
 3.09888  0.00915
 3.17012  0.04332
 3.24135  0.13967
 3.31259  0.33580
 3.38383  0.60247
 3.45507  0.88070
 3.52631  1.10128
 3.59755  1.25244
 3.66879  1.34386
 3.74002  1.38829
 3.81126  1.39671
 3.88250  1.38950
 3.95374  1.36630
 4.02498  1.30939
 4.09622  1.22626
 4.16746  1.11610
 4.23869  1.01335
 4.30993  0.93425
 4.38117  0.87472
 4.45241  0.84598
 4.52365  0.83899
 4.59489  0.83774
 4.66613  0.85276
 4.73736  0.87019
 4.80860  0.89480
 4.87984  0.91548
 4.95108  0.93470
 5.02232  0.95031
 5.09356  0.96582
 5.16480  0.97782
 5.23603  0.98713
 5.30727  0.99013
 5.37851  0.99074
 5.44975  0.99631
 5.52099  0.99917
 5.59223  0.99984
 5.66347  1.00423
 5.73470  1.00778
 5.80594  1.00856
 5.87718  1.01582
 5.94842  1.01926
 6.01966  1.02374
 6.09090  1.02509
 6.16214  1.02540
 6.23337  1.02245
 6.30461  1.01638
 6.37585  1.00623
 6.44709  1.00094
 6.51833  0.98935
 6.58957  0.97966
 6.66081  0.97068
 6.73204  0.96470
 6.80328  0.95899
 6.87452  0.95564
 6.94576  0.95483
 7.01700  0.95299
 7.08824  0.95703
 7.15948  0.95858
 7.23071  0.96344
 7.30195  0.96901
 7.37319  0.97498
 7.44443  0.97983
 7.51567  0.98679
 7.58691  0.99180
 7.65815  0.99731
 7.72938  0.99955
 7.80062  1.00482
 7.87186  1.00575
 7.94310  1.00993
 8.01434  1.01046
 8.08558  1.01113
 8.15682  1.01336
 8.22805  1.01220
 8.29929  1.01033
 8.37053  1.01131
 8.44177  1.00966
 8.51301  1.00932
 8.58425  1.00743
 8.65548  1.00567
 8.72672  1.00414
 8.79796  1.00362
 8.86920  1.00128
 8.94044  1.00021
 9.01168  0.99816
 9.08292  0.99742
 9.15415  0.99582
 9.22539  0.99432
 9.29663  0.99534
 9.36787  0.99532
 9.43911  0.99558
 9.51035  0.99337
 9.58159  0.99600
 9.65282  0.99608
 9.72406  0.99725
 9.79530  0.99858
 9.86654  0.99860
 9.93778  0.99929
10.00902  1.00157
10.08026  1.00146
10.15149  1.00226
10.22273  1.00259
10.29397  1.00320
10.36521  1.00388
10.43645  1.00436
10.50769  1.00405
10.57893  1.00407
10.65016  1.00433
10.72140  1.00423
10.79264  1.00324
10.86388  1.00281
10.93512  1.00372
11.00636  1.00222
11.07760  1.00410
11.14883  1.00193
11.22007  1.00159
11.29131  1.00096
11.36255  1.00119
11.43379  1.00130
11.50503  1.00143
11.57627  1.00236
11.64750  1.00213
11.71874  1.00182
11.78998  1.00103
11.86122  1.00208
11.93246  1.00167
12.00370  1.00164
12.07494  1.00346
12.14617  1.00256
12.21741  1.00233
12.28865  1.00219
12.35989  1.00263
12.43113  1.00282
12.50237  1.00252
12.57361  1.00332
12.64484  1.00224
12.71608  1.00262
12.78732  1.00246
12.85856  1.00251
12.92980  1.00342
13.00104  1.00319
13.07228  1.00085
13.14351  1.00227
13.21475  1.00225
13.28599  1.00332
13.35723  1.00107
13.42847  1.00129
13.49971  1.00207
13.57095  1.00097
13.64218  1.00223
13.71342  1.00119
13.78466  1.00277
13.85590  1.00250
13.92714  1.00182
13.99838  1.00169
14.06962  1.00222
14.14085  1.00269
14.21209  1.00083
14.28333  1.00163
14.35457  1.00229
14.42581  1.00315
14.49705  1.00291
14.56829  1.00356
14.63952  1.00232
14.71076  1.00313
14.78200  1.00149
14.85324  1.00265
14.92448  1.00331
14.99572  1.00233
15.06696  1.00265
15.13819  1.00130
15.20943  1.00187
15.28067  1.00199
15.35191  1.00260
15.42315  1.00164
15.49439  1.00230
15.56563  1.00158
15.63686  1.00302
15.70810  1.00189
15.77934  1.00313
15.85058  1.00207
15.92182  1.00291
15.99306  1.00185
16.06430  1.00222
16.13553  1.00226
16.20677  1.00178
16.27801  1.00269
16.34925  1.00188
16.42049  1.00205
16.49173  1.00185
16.56296  1.00261
16.63420  1.00258
16.70544  1.00248
16.77668  1.00186
16.84792  1.00140
16.91916  1.00155
16.99040  1.00263
17.06163  1.00274
17.13287  1.00196
17.20411  1.00154
17.27535  1.00242
17.34659  1.00224
17.41783  1.00367
17.48907  1.00244
17.56030  1.00298
17.63154  1.00213
17.70278  1.00241
17.77402  1.00321
17.84526  1.00166
17.91650  1.00151
17.98774  1.00235
18.05897  1.00171
18.13021  1.00130
18.20145  1.00174
18.27269  1.00210
18.34393  1.00182
18.41517  1.00250
18.48641  1.00187
18.55764  1.00184
18.62888  1.00219
18.70012  1.00285
18.77136  1.00250
18.84260  1.00214
18.91384  1.00262
18.98508  1.00180
19.05631  1.00257
19.12755  1.00222
19.19879  1.00174
19.27003  1.00165
19.34127  1.00219
19.41251  1.00235
19.48375  1.00217
19.55498  1.00284
19.62622  1.00225
19.69746  1.00218
19.76870  1.00198
19.83994  1.00208
19.91118  1.00194
19.98242  1.00161
20.05365  1.00161
20.12489  1.00247
20.19613  1.00234
20.26737  1.00209
20.33861  1.00203
20.40985  1.00196
20.48109  1.00188
20.55232  1.00131
20.62356  1.00201
20.69480  1.00189
20.76604  1.00229
20.83728  1.00151
20.90852  1.00231
20.97976  1.00166
21.05099  1.00169
21.12223  1.00229
21.19347  1.00221
21.26471  1.00250
21.33595  1.00154
