 0.03562      inf
 0.10686      inf
 0.17810      inf
 0.24933      inf
 0.32057      inf
 0.39181      inf
 0.46305      inf
 0.53429      inf
 0.60553      inf
 0.67677      inf
 0.74800      inf
 0.81924      inf
 0.89048      inf
 0.96172      inf
 1.03296      inf
 1.10420      inf
 1.17544      inf
 1.24667      inf
 1.31791      inf
 1.38915      inf
 1.46039      inf
 1.53163      inf
 1.60287      inf
 1.67411      inf
 1.74534      inf
 1.81658      inf
 1.88782      inf
 1.95906      inf
 2.03030      inf
 2.10154      inf
 2.17278      inf
 2.24401      inf
 2.31525      inf
 2.38649      inf
 2.45773      inf
 2.52897      inf
 2.60021      inf
 2.67145      inf
 2.74268      inf
 2.81392      inf
 2.88516      inf
 2.95640  5.57923
 3.02764  4.05674
 3.09888  2.77875
 3.17012  1.85834
 3.24135  1.16535
 3.31259  0.64602
 3.38383  0.29997
 3.45507  0.07521
 3.52631 -0.05711
 3.59755 -0.13326
 3.66879 -0.17497
 3.74002 -0.19422
 3.81126 -0.19780
 3.88250 -0.19474
 3.95374 -0.18477
 4.02498 -0.15958
 4.09622 -0.12075
 4.16746 -0.06503
 4.23869 -0.00785
 4.30993  0.04026
 4.38117  0.07924
 4.45241  0.09902
 4.52365  0.10393
 4.59489  0.10482
 4.66613  0.09429
 4.73736  0.08231
 4.80860  0.06581
 4.87984  0.05228
 4.95108  0.03998
 5.02232  0.03017
 5.09356  0.02059
 5.16480  0.01328
 5.23603  0.00767
 5.30727  0.00587
 5.37851  0.00551
 5.44975  0.00219
 5.52099  0.00049
 5.59223  0.00009
 5.66347 -0.00250
 5.73470 -0.00459
 5.80594 -0.00505
 5.87718 -0.00929
 5.94842 -0.01129
 6.01966 -0.01389
 6.09090 -0.01467
 6.16214 -0.01485
 6.23337 -0.01314
 6.30461 -0.00962
 6.37585 -0.00368
 6.44709 -0.00055
 6.51833  0.00634
 6.58957  0.01216
 6.66081  0.01762
 6.73204  0.02127
 6.80328  0.02479
 6.87452  0.02686
 6.94576  0.02736
 7.01700  0.02850
 7.08824  0.02600
 7.15948  0.02504
 7.23071  0.02205
 7.30195  0.01864
 7.37319  0.01500
 7.44443  0.01206
 7.51567  0.00787
 7.58691  0.00488
 7.65815  0.00159
 7.72938  0.00027
 7.80062 -0.00285
 7.87186 -0.00340
 7.94310 -0.00585
 8.01434 -0.00616
 8.08558 -0.00655
 8.15682 -0.00786
 8.22805 -0.00718
 8.29929 -0.00608
 8.37053 -0.00666
 8.44177 -0.00569
 8.51301 -0.00549
 8.58425 -0.00438
 8.65548 -0.00335
 8.72672 -0.00245
 8.79796 -0.00214
 8.86920 -0.00076
 8.94044 -0.00012
 9.01168  0.00109
 9.08292  0.00153
 9.15415  0.00248
 9.22539  0.00337
 9.29663  0.00277
 9.36787  0.00278
 9.43911  0.00262
 9.51035  0.00394
 9.58159  0.00237
 9.65282  0.00233
 9.72406  0.00163
 9.79530  0.00084
 9.86654  0.00083
 9.93778  0.00042
10.00902 -0.00093
10.08026 -0.00087
10.15149 -0.00133
10.22273 -0.00153
10.29397 -0.00189
10.36521 -0.00230
10.43645 -0.00258
10.50769 -0.00239
10.57893 -0.00240
10.65016 -0.00256
10.72140 -0.00250
10.79264 -0.00192
10.86388 -0.00166
10.93512 -0.00220
11.00636 -0.00131
11.07760 -0.00242
11.14883 -0.00114
11.22007 -0.00094
11.29131 -0.00057
11.36255 -0.00070
11.43379 -0.00077
11.50503 -0.00085
11.57627 -0.00140
11.64750 -0.00126
11.71874 -0.00108
11.78998 -0.00061
11.86122 -0.00123
11.93246 -0.00099
12.00370 -0.00097
12.07494 -0.00204
12.14617 -0.00151
12.21741 -0.00138
12.28865 -0.00129
12.35989 -0.00155
12.43113 -0.00167
12.50237 -0.00149
12.57361 -0.00196
12.64484 -0.00133
12.71608 -0.00155
12.78732 -0.00145
12.85856 -0.00149
12.92980 -0.00202
13.00104 -0.00188
13.07228 -0.00050
13.14351 -0.00134
13.21475 -0.00133
13.28599 -0.00196
13.35723 -0.00063
13.42847 -0.00076
13.49971 -0.00123
13.57095 -0.00057
13.64218 -0.00132
13.71342 -0.00070
13.78466 -0.00164
13.85590 -0.00148
13.92714 -0.00107
13.99838 -0.00100
14.06962 -0.00131
14.14085 -0.00159
14.21209 -0.00049
14.28333 -0.00096
14.35457 -0.00135
14.42581 -0.00186
14.49705 -0.00172
14.56829 -0.00210
14.63952 -0.00137
14.71076 -0.00185
14.78200 -0.00088
14.85324 -0.00157
14.92448 -0.00196
14.99572 -0.00138
15.06696 -0.00157
15.13819 -0.00077
15.20943 -0.00111
15.28067 -0.00118
15.35191 -0.00154
15.42315 -0.00097
15.49439 -0.00136
15.56563 -0.00093
15.63686 -0.00179
15.70810 -0.00112
15.77934 -0.00185
15.85058 -0.00122
15.92182 -0.00172
15.99306 -0.00110
16.06430 -0.00131
16.13553 -0.00134
16.20677 -0.00105
16.27801 -0.00159
16.34925 -0.00111
16.42049 -0.00121
16.49173 -0.00109
16.56296 -0.00154
16.63420 -0.00153
16.70544 -0.00147
16.77668 -0.00110
16.84792 -0.00083
16.91916 -0.00091
16.99040 -0.00155
17.06163 -0.00162
17.13287 -0.00116
17.20411 -0.00091
17.27535 -0.00143
17.34659 -0.00133
17.41783 -0.00217
17.48907 -0.00145
17.56030 -0.00176
17.63154 -0.00126
17.70278 -0.00142
17.77402 -0.00189
17.84526 -0.00098
17.91650 -0.00089
17.98774 -0.00139
18.05897 -0.00101
18.13021 -0.00077
18.20145 -0.00103
18.27269 -0.00124
18.34393 -0.00108
18.41517 -0.00148
18.48641 -0.00111
18.55764 -0.00109
18.62888 -0.00129
18.70012 -0.00168
18.77136 -0.00148
18.84260 -0.00127
18.91384 -0.00155
18.98508 -0.00106
19.05631 -0.00152
19.12755 -0.00131
19.19879 -0.00103
19.27003 -0.00098
19.34127 -0.00130
19.41251 -0.00139
19.48375 -0.00128
19.55498 -0.00168
19.62622 -0.00133
19.69746 -0.00129
19.76870 -0.00117
19.83994 -0.00123
19.91118 -0.00115
19.98242 -0.00095
20.05365 -0.00095
20.12489 -0.00146
20.19613 -0.00138
20.26737 -0.00123
20.33861 -0.00120
20.40985 -0.00116
20.48109 -0.00111
20.55232 -0.00078
20.62356 -0.00119
20.69480 -0.00112
20.76604 -0.00135
20.83728 -0.00089
20.90852 -0.00136
20.97976 -0.00098
21.05099 -0.00100
21.12223 -0.00135
21.19347 -0.00131
21.26471 -0.00148
21.33595 -0.00091
