 0.03562      inf      nan
 0.10686      inf      nan
 0.17810      inf      nan
 0.24933      inf      nan
 0.32057      inf      nan
 0.39181      inf      nan
 0.46305      inf      nan
 0.53429      inf      nan
 0.60553      inf      nan
 0.67677      inf      nan
 0.74800      inf      nan
 0.81924      inf      nan
 0.89048      inf      nan
 0.96172      inf      nan
 1.03296      inf      nan
 1.10420      inf      nan
 1.17544      inf      nan
 1.24667      inf      nan
 1.31791      inf      nan
 1.38915      inf      nan
 1.46039      inf      nan
 1.53163      inf      nan
 1.60287      inf      nan
 1.67411      inf      nan
 1.74534      inf      nan
 1.81658      inf      nan
 1.88782      inf      nan
 1.95906      inf      nan
 2.03030      inf      nan
 2.10154      inf      nan
 2.17278      inf      nan
 2.24401      inf      nan
 2.31525      inf      nan
 2.38649      inf      nan
 2.45773      inf      nan
 2.52897      inf      nan
 2.60021      inf      nan
 2.67145      inf      nan
 2.74268      inf      nan
 2.81392      inf      nan
 2.88516      inf      nan
 2.95640      inf      nan
 3.02764      inf      nan
 3.09888      inf      nan
 3.17012      inf      nan
 3.24135      inf      nan
 3.31259      inf      nan
 3.38383      inf      nan
 3.45507  3.97819  0.41034
 3.52631  3.18167  0.21013
 3.59755  2.38466  0.10349
 3.66879  1.87288  0.06519
 3.74002  1.37302  0.03846
 3.81126  0.89199  0.02975
 3.88250  0.44618  0.01862
 3.95374  0.09586  0.01479
 4.02498 -0.22725  0.01081
 4.09622 -0.49349  0.00926
 4.16746 -0.70286  0.00806
 4.23869 -0.83137  0.00762
 4.30993 -0.89957  0.00752
 4.38117 -0.90576  0.00732
 4.45241 -0.88043  0.00638
 4.52365 -0.86546  0.00663
 4.59489 -0.85412  0.00624
 4.66613 -0.84635  0.00679
 4.73736 -0.82134  0.00634
 4.80860 -0.79986  0.00667
 4.87984 -0.77243  0.00651
 4.95108 -0.72692  0.00680
 5.02232 -0.70792  0.00690
 5.09356 -0.65547  0.00700
 5.16480 -0.60204  0.00686
 5.23603 -0.57779  0.00698
 5.30727 -0.52167  0.00706
 5.37851 -0.46734  0.00724
 5.44975 -0.43161  0.00756
 5.52099 -0.38765  0.00683
 5.59223 -0.34266  0.00733
 5.66347 -0.30849  0.00778
 5.73470 -0.27255  0.00761
 5.80594 -0.26331  0.00705
 5.87718 -0.23160  0.00705
 5.94842 -0.19894  0.00754
 6.01966 -0.18441  0.00720
 6.09090 -0.16711  0.00875
 6.16214 -0.17068  0.00819
 6.23337 -0.16964  0.00795
 6.30461 -0.15553  0.00821
 6.37585 -0.14313  0.00756
 6.44709 -0.12368  0.00795
 6.51833 -0.12482  0.00726
 6.58957 -0.14552  0.00736
 6.66081 -0.13532  0.00749
 6.73204 -0.13760  0.00696
 6.80328 -0.13644  0.00722
 6.87452 -0.13109  0.00651
 6.94576 -0.14060  0.00727
 7.01700 -0.14311  0.00760
 7.08824 -0.13650  0.00656
 7.15948 -0.13548  0.00664
 7.23071 -0.14571  0.00726
 7.30195 -0.13715  0.00646
 7.37319 -0.12914  0.00625
 7.44443 -0.13717  0.00615
 7.51567 -0.11834  0.00603
 7.58691 -0.10729  0.00643
 7.65815 -0.10973  0.00725
 7.72938 -0.09025  0.00637
 7.80062 -0.07551  0.00683
 7.87186 -0.08655  0.00578
 7.94310 -0.07415  0.00643
 8.01434 -0.07158  0.00676
 8.08558 -0.07263  0.00637
 8.15682 -0.04824  0.00629
 8.22805 -0.04952  0.00639
 8.29929 -0.04857  0.00659
 8.37053 -0.06133  0.00617
 8.44177 -0.04245  0.00631
 8.51301 -0.05404  0.00626
 8.58425 -0.04369  0.00551
 8.65548 -0.05331  0.00559
 8.72672 -0.04749  0.00603
 8.79796 -0.05176  0.00484
 8.86920 -0.05967  0.00611
 8.94044 -0.05735  0.00546
 9.01168 -0.04859  0.00538
 9.08292 -0.04848  0.00630
 9.15415 -0.05940  0.00509
 9.22539 -0.05745  0.00541
 9.29663 -0.05107  0.00595
 9.36787 -0.05377  0.00517
 9.43911 -0.05583  0.00575
 9.51035 -0.06083  0.00582
 9.58159 -0.06090  0.00562
 9.65282 -0.05456  0.00504
 9.72406 -0.05076  0.00513
 9.79530 -0.04644  0.00558
 9.86654 -0.04020  0.00539
 9.93778 -0.03629  0.00557
10.00902 -0.03730  0.00483
10.08026 -0.04011  0.00507
10.15149 -0.03020  0.00542
10.22273 -0.02435  0.00504
10.29397 -0.03319  0.00513
10.36521 -0.03228  0.00449
10.43645 -0.02010  0.00517
10.50769 -0.02132  0.00480
10.57893 -0.01799  0.00538
10.65016 -0.02425  0.00494
10.72140 -0.02684  0.00456
10.79264 -0.01988  0.00516
10.86388 -0.01815  0.00505
10.93512 -0.01993  0.00464
11.00636 -0.01162  0.00504
11.07760 -0.01432  0.00507
11.14883 -0.01885  0.00449
11.22007 -0.01791  0.00458
11.29131 -0.01565  0.00453
11.36255 -0.01488  0.00491
11.43379 -0.01779  0.00416
11.50503 -0.01554  0.00500
11.57627 -0.01392  0.00459
11.64750 -0.02239  0.00491
11.71874 -0.01134  0.00451
11.78998 -0.01718  0.00454
11.86122 -0.01986  0.00433
11.93246 -0.00206  0.00430
12.00370 -0.01476  0.00441
12.07494 -0.01939  0.00435
12.14617 -0.01781  0.00468
12.21741 -0.01295  0.00487
12.28865 -0.01141  0.00440
12.35989 -0.00874  0.00414
12.43113 -0.00659  0.00446
12.50237 -0.01077  0.00467
12.57361 -0.00332  0.00401
12.64484 -0.00205  0.00403
12.71608 -0.00617  0.00451
12.78732 -0.00689  0.00381
12.85856 -0.00186  0.00431
12.92980 -0.00148  0.00385
13.00104 -0.00444  0.00391
13.07228  0.00013  0.00411
13.14351 -0.00696  0.00399
13.21475 -0.00097  0.00346
13.28599 -0.00183  0.00404
13.35723 -0.00308  0.00399
13.42847  0.00016  0.00422
13.49971  0.00260  0.00401
13.57095 -0.00229  0.00372
13.64218 -0.00506  0.00384
13.71342 -0.00162  0.00408
13.78466 -0.00595  0.00377
13.85590  0.00267  0.00371
13.92714 -0.00419  0.00404
13.99838 -0.00660  0.00384
14.06962 -0.00368  0.00371
14.14085 -0.00165  0.00401
14.21209  0.00161  0.00377
14.28333 -0.00520  0.00380
14.35457  0.00222  0.00401
14.42581  0.00279  0.00374
14.49705  0.00063  0.00357
14.56829  0.00420  0.00352
14.63952  0.00711  0.00358
14.71076  0.00266  0.00361
14.78200  0.00371  0.00368
14.85324  0.00293  0.00342
14.92448  0.00589  0.00359
14.99572  0.00646  0.00372
15.06696  0.00485  0.00371
15.13819  0.00416  0.00335
15.20943  0.00426  0.00349
15.28067  0.00335  0.00387
15.35191  0.00486  0.00366
15.42315  0.00461  0.00347
15.49439  0.00322  0.00348
15.56563  0.00516  0.00338
15.63686  0.00348  0.00318
15.70810  0.00967  0.00288
15.77934  0.00465  0.00362
15.85058  0.00800  0.00298
15.92182  0.00952  0.00337
15.99306  0.00904  0.00355
16.06430 -0.00013  0.00336
16.13553  0.00369  0.00356
16.20677  0.00708  0.00310
16.27801  0.01216  0.00349
16.34925  0.00300  0.00343
16.42049  0.00629  0.00342
16.49173  0.01181  0.00352
16.56296  0.00534  0.00307
16.63420  0.01061  0.00332
16.70544  0.01052  0.00327
16.77668  0.00881  0.00333
16.84792  0.00615  0.00319
16.91916  0.00829  0.00331
16.99040  0.00863  0.00308
17.06163  0.00819  0.00306
17.13287  0.01116  0.00328
17.20411  0.00951  0.00318
17.27535  0.01084  0.00305
17.34659  0.00903  0.00306
17.41783  0.01232  0.00320
17.48907  0.00543  0.00304
17.56030  0.01028  0.00317
17.63154  0.00839  0.00310
17.70278  0.00489  0.00290
17.77402  0.00904  0.00296
17.84526  0.01426  0.00278
17.91650  0.01354  0.00299
17.98774  0.00843  0.00270
18.05897  0.00639  0.00280
18.13021  0.01313  0.00296
18.20145  0.00936  0.00313
18.27269  0.01027  0.00261
18.34393  0.00694  0.00295
18.41517  0.00826  0.00312
18.48641  0.00790  0.00219
18.55764  0.01220  0.00272
18.62888  0.01198  0.00271
18.70012  0.01169  0.00306
18.77136  0.01053  0.00272
18.84260  0.01320  0.00281
18.91384  0.01148  0.00286
18.98508  0.01261  0.00280
19.05631  0.01317  0.00300
19.12755  0.01278  0.00299
19.19879  0.01114  0.00277
19.27003  0.01170  0.00279
19.34127  0.01178  0.00275
19.41251  0.00962  0.00276
19.48375  0.01367  0.00283
19.55498  0.01276  0.00279
19.62622  0.01186  0.00266
19.69746  0.01807  0.00275
19.76870  0.01137  0.00233
19.83994  0.00881  0.00264
19.91118  0.01378  0.00189
19.98242  0.01362  0.00258
20.05365  0.01381  0.00256
20.12489  0.00785  0.00257
20.19613  0.01293  0.00266
20.26737  0.00981  0.00263
20.33861  0.01395  0.00272
20.40985  0.00960  0.00237
20.48109  0.01641  0.00267
20.55232  0.01194  0.00236
20.62356  0.01013  0.00250
20.69480  0.01029  0.00237
20.76604  0.01137  0.00247
20.83728  0.01894  0.00220
20.90852  0.01250  0.00253
20.97976  0.01470  0.00258
21.05099  0.01316  0.00263
21.12223  0.01531  0.00245
21.19347  0.01313  0.00249
21.26471  0.01275  0.00250
21.33595  0.01300  0.00238
