 0.03562      inf
 0.10686      inf
 0.17810      inf
 0.24933      inf
 0.32057      inf
 0.39181      inf
 0.46305      inf
 0.53429      inf
 0.60553      inf
 0.67677      inf
 0.74800      inf
 0.81924      inf
 0.89048      inf
 0.96172      inf
 1.03296      inf
 1.10420      inf
 1.17544      inf
 1.24667      inf
 1.31791      inf
 1.38915      inf
 1.46039      inf
 1.53163      inf
 1.60287      inf
 1.67411      inf
 1.74534      inf
 1.81658      inf
 1.88782      inf
 1.95906      inf
 2.03030      inf
 2.10154      inf
 2.17278      inf
 2.24401      inf
 2.31525      inf
 2.38649      inf
 2.45773      inf
 2.52897      inf
 2.60021      inf
 2.67145      inf
 2.74268      inf
 2.81392  5.42185
 2.88516  4.03190
 2.95640  3.03707
 3.02764  2.30239
 3.09888  1.74019
 3.17012  1.28608
 3.24135  0.84588
 3.31259  0.45276
 3.38383  0.14844
 3.45507 -0.06047
 3.52631 -0.19128
 3.59755 -0.27049
 3.66879 -0.31517
 3.74002 -0.33587
 3.81126 -0.33404
 3.88250 -0.31855
 3.95374 -0.29354
 4.02498 -0.26536
 4.09622 -0.23301
 4.16746 -0.20324
 4.23869 -0.17583
 4.30993 -0.14793
 4.38117 -0.12021
 4.45241 -0.09116
 4.52365 -0.06526
 4.59489 -0.03791
 4.66613 -0.01155
 4.73736  0.01199
 4.80860  0.03445
 4.87984  0.05407
 4.95108  0.06955
 5.02232  0.08431
 5.09356  0.09490
 5.16480  0.10364
 5.23603  0.10897
 5.30727  0.11459
 5.37851  0.11469
 5.44975  0.11229
 5.52099  0.10922
 5.59223  0.10406
 5.66347  0.09484
 5.73470  0.08814
 5.80594  0.07496
 5.87718  0.06572
 5.94842  0.05449
 6.01966  0.04378
 6.09090  0.03338
 6.16214  0.02296
 6.23337  0.01588
 6.30461  0.00738
 6.37585  0.00300
 6.44709 -0.00119
 6.51833 -0.00486
 6.58957 -0.00578
 6.66081 -0.00723
 6.73204 -0.00818
 6.80328 -0.00978
 6.87452 -0.00798
 6.94576 -0.00901
 7.01700 -0.00930
 7.08824 -0.00882
 7.15948 -0.00762
 7.23071 -0.00715
 7.30195 -0.00563
 7.37319 -0.00468
 7.44443 -0.00348
 7.51567 -0.00485
 7.58691 -0.00362
 7.65815 -0.00298
 7.72938 -0.00033
 7.80062 -0.00063
 7.87186  0.00025
 7.94310  0.00132
 8.01434  0.00249
 8.08558  0.00226
 8.15682  0.00335
 8.22805  0.00396
 8.29929  0.00363
 8.37053  0.00429
 8.44177  0.00564
 8.51301  0.00495
 8.58425  0.00623
 8.65548  0.00694
 8.72672  0.00730
 8.79796  0.00650
 8.86920  0.00677
 8.94044  0.00615
 9.01168  0.00611
 9.08292  0.00648
 9.15415  0.00524
 9.22539  0.00529
 9.29663  0.00416
 9.36787  0.00345
 9.43911  0.00390
 9.51035  0.00189
 9.58159  0.00170
 9.65282  0.00145
 9.72406  0.00093
 9.79530  0.00039
 9.86654 -0.00025
 9.93778 -0.00060
10.00902 -0.00110
10.08026 -0.00151
10.15149 -0.00137
10.22273 -0.00177
10.29397 -0.00292
10.36521 -0.00194
10.43645 -0.00205
10.50769 -0.00192
10.57893 -0.00217
10.65016 -0.00240
10.72140 -0.00158
10.79264 -0.00153
10.86388 -0.00119
10.93512 -0.00113
11.00636 -0.00020
11.07760 -0.00019
11.14883 -0.00000
11.22007 -0.00040
11.29131 -0.00088
11.36255  0.00056
11.43379  0.00009
11.50503  0.00049
11.57627  0.00066
11.64750  0.00090
11.71874  0.00076
11.78998  0.00038
11.86122  0.00062
11.93246  0.00003
12.00370  0.00058
12.07494 -0.00047
12.14617 -0.00052
12.21741  0.00041
12.28865 -0.00061
12.35989 -0.00031
12.43113  0.00028
12.50237 -0.00094
12.57361 -0.00083
12.64484  0.00015
12.71608 -0.00055
12.78732 -0.00087
12.85856 -0.00050
12.92980 -0.00112
13.00104 -0.00097
13.07228 -0.00113
13.14351 -0.00082
13.21475 -0.00070
13.28599 -0.00062
13.35723 -0.00136
13.42847 -0.00053
13.49971 -0.00098
13.57095 -0.00073
13.64218 -0.00030
13.71342 -0.00067
13.78466 -0.00036
13.85590 -0.00052
13.92714 -0.00082
13.99838 -0.00105
14.06962 -0.00062
14.14085 -0.00047
14.21209 -0.00067
14.28333 -0.00089
14.35457 -0.00117
14.42581 -0.00102
14.49705 -0.00091
14.56829 -0.00051
14.63952 -0.00100
14.71076 -0.00084
14.78200 -0.00160
14.85324 -0.00065
14.92448 -0.00082
14.99572 -0.00137
15.06696 -0.00071
15.13819 -0.00061
15.20943 -0.00071
15.28067 -0.00063
15.35191 -0.00076
15.42315 -0.00103
15.49439 -0.00108
15.56563 -0.00118
15.63686 -0.00072
15.70810 -0.00061
15.77934 -0.00077
15.85058 -0.00117
15.92182 -0.00081
15.99306 -0.00056
16.06430 -0.00132
16.13553 -0.00069
16.20677 -0.00070
16.27801 -0.00100
16.34925 -0.00055
16.42049 -0.00093
16.49173 -0.00062
16.56296 -0.00076
16.63420 -0.00097
16.70544 -0.00114
16.77668 -0.00129
16.84792 -0.00090
16.91916 -0.00079
16.99040 -0.00117
17.06163 -0.00095
17.13287 -0.00070
17.20411 -0.00075
17.27535 -0.00105
17.34659 -0.00101
17.41783 -0.00112
17.48907 -0.00061
17.56030 -0.00085
17.63154 -0.00089
17.70278 -0.00128
17.77402 -0.00078
17.84526 -0.00103
17.91650 -0.00052
17.98774 -0.00088
18.05897 -0.00097
18.13021 -0.00148
18.20145 -0.00100
18.27269 -0.00113
18.34393 -0.00139
18.41517 -0.00113
18.48641 -0.00092
18.55764 -0.00115
18.62888 -0.00097
18.70012 -0.00107
18.77136 -0.00056
18.84260 -0.00080
18.91384 -0.00116
18.98508 -0.00122
19.05631 -0.00044
19.12755 -0.00100
19.19879 -0.00096
19.27003 -0.00102
19.34127 -0.00130
19.41251 -0.00122
19.48375 -0.00060
19.55498 -0.00053
19.62622 -0.00111
19.69746 -0.00083
19.76870 -0.00133
19.83994 -0.00125
19.91118 -0.00094
19.98242 -0.00087
20.05365 -0.00072
20.12489 -0.00098
20.19613 -0.00142
20.26737 -0.00055
20.33861 -0.00129
20.40985 -0.00106
20.48109 -0.00109
20.55232 -0.00130
20.62356 -0.00105
20.69480 -0.00141
20.76604 -0.00101
20.83728 -0.00131
20.90852 -0.00094
20.97976 -0.00128
21.05099 -0.00128
21.12223 -0.00117
21.19347 -0.00069
21.26471 -0.00076
21.33595 -0.00063
