[2] 8.949999999785518e-06 0.01106841624999949 0.009838185680564493 0.000889909999999999 
[32] 0.0017028899999997904 0.012355846249999579 0.01910030425642617 1.6519999999999035e-05 
[62] 0.0 0.011062956249999365 0.0107356337539386 0.000934479999999998 
[92] 0.0018004199999999138 0.012140236249999435 0.009089246799703687 0.0001689499999999993 
[122] 1.4429999999787668e-05 0.01110409624999936 0.012358677486190572 0.0009434299999999986 
[152] 0.0017006899999998382 0.012134366249999582 0.01803826421382837 0.00012306999999999943 
[182] 4.157999999998552e-05 0.011055496249999406 0.012767532025463879 0.0008844199999999986 
[212] 0.001732130000000165 0.012118806249999557 0.015639630029909313 0.00012627999999999945 
[242] 5.010000000194026e-06 0.011193646249999576 0.011210086406208575 0.0009490999999999979 
[272] 0.001795169999999846 0.01219722624999947 0.008619669184554368 0.00020177000000000042 
[302] 9.149999999902292e-06 0.011035156249999565 0.012774978356901556 0.0009349599999999986 
[332] 0.0017132599999998277 0.012280466249999398 0.0 0.0 
