 0.03560  0.00000      nan
 0.10681  0.00000      nan
 0.17802  0.00000      nan
 0.24923  0.00000      nan
 0.32044  0.00000      nan
 0.39165  0.00000      nan
 0.46286  0.00000      nan
 0.53407  0.00000      nan
 0.60528  0.00000      nan
 0.67649  0.00000      nan
 0.74770  0.00000      nan
 0.81891  0.00000      nan
 0.89012  0.00000      nan
 0.96133  0.00000      nan
 1.03253  0.00000      nan
 1.10374  0.00000      nan
 1.17495  0.00000      nan
 1.24616  0.00000      nan
 1.31737  0.00000      nan
 1.38858  0.00000      nan
 1.45979  0.00000      nan
 1.53100  0.00000      nan
 1.60221  0.00000      nan
 1.67342  0.00000      nan
 1.74463  0.00000      nan
 1.81584  0.00000      nan
 1.88705  0.00000      nan
 1.95826  0.00000      nan
 2.02946  0.00000      nan
 2.10067  0.00000      nan
 2.17188  0.00000      nan
 2.24309  0.00000      nan
 2.31430  0.00000      nan
 2.38551  0.00000      nan
 2.45672  0.00000      nan
 2.52793  0.00000      nan
 2.59914  0.00000      nan
 2.67035  0.00000      nan
 2.74156  0.00000      nan
 2.81277  0.00000      nan
 2.88398  0.00000      nan
 2.95518  0.00000      nan
 3.02639  0.00000      nan
 3.09760  0.00000      nan
 3.16881  0.00143  0.00099
 3.24002  0.00686  0.00205
 3.31123  0.03088  0.00449
 3.38244  0.11962  0.00854
 3.45365  0.28625  0.01154
 3.52486  0.58148  0.02029
 3.59607  0.82828  0.02488
 3.66728  1.03958  0.02520
 3.73849  1.28331  0.02548
 3.80970  1.42289  0.02789
 3.88091  1.50219  0.03073
 3.95211  1.57583  0.02737
 4.02332  1.73414  0.03215
 4.09453  1.82516  0.03017
 4.16574  1.87039  0.02783
 4.23695  1.94086  0.03139
 4.30816  2.00647  0.02966
 4.37937  2.14456  0.03498
 4.45058  2.15576  0.03384
 4.52179  2.18705  0.03070
 4.59300  2.28400  0.03082
 4.66421  2.28002  0.03269
 4.73542  2.21261  0.02927
 4.80663  2.15845  0.02944
 4.87784  2.08226  0.03038
 4.94904  1.94043  0.02642
 5.02025  1.80546  0.02498
 5.09146  1.65528  0.02389
 5.16267  1.54804  0.01972
 5.23388  1.48622  0.02237
 5.30509  1.44992  0.02010
 5.37630  1.41251  0.01828
 5.44751  1.50909  0.01961
 5.51872  1.56027  0.02131
 5.58993  1.61459  0.02040
 5.66114  1.65672  0.02275
 5.73235  1.72389  0.02155
 5.80356  1.77830  0.02278
 5.87477  1.81288  0.02115
 5.94597  1.81475  0.02013
 6.01718  1.81005  0.02116
 6.08839  1.77068  0.01899
 6.15960  1.73491  0.01842
 6.23081  1.66060  0.01879
 6.30202  1.68658  0.01758
 6.37323  1.64201  0.01849
 6.44444  1.58997  0.01731
 6.51565  1.56321  0.01887
 6.58686  1.50170  0.01616
 6.65807  1.44668  0.01606
 6.72928  1.46378  0.01752
 6.80049  1.43095  0.01574
 6.87169  1.42342  0.01588
 6.94290  1.40737  0.01571
 7.01411  1.36108  0.01489
 7.08532  1.33027  0.01639
 7.15653  1.29169  0.01290
 7.22774  1.26471  0.01345
 7.29895  1.23474  0.01354
 7.37016  1.18594  0.01307
 7.44137  1.15411  0.01239
 7.51258  1.16616  0.01232
 7.58379  1.15138  0.01113
 7.65500  1.13940  0.01322
 7.72621  1.11656  0.01113
 7.79742  1.10989  0.01183
 7.86862  1.10106  0.01108
 7.93983  1.10048  0.01212
 8.01104  1.11119  0.01129
 8.08225  1.14099  0.01153
 8.15346  1.11790  0.01108
 8.22467  1.14207  0.01005
 8.29588  1.14296  0.01109
 8.36709  1.16001  0.01236
 8.43830  1.14638  0.01055
 8.50951  1.16806  0.01109
 8.58072  1.15003  0.01104
 8.65193  1.13502  0.01122
 8.72314  1.12783  0.00852
 8.79435  1.13991  0.01065
 8.86555  1.14001  0.01107
 8.93676  1.14419  0.01037
 9.00797  1.13141  0.00996
 9.07918  1.11093  0.01058
 9.15039  1.12193  0.01084
 9.22160  1.11729  0.01016
 9.29281  1.12000  0.00953
 9.36402  1.09736  0.00931
 9.43523  1.10004  0.01096
 9.50644  1.09924  0.00857
 9.57765  1.10997  0.01050
 9.64886  1.07608  0.00933
 9.72007  1.06564  0.00898
 9.79128  1.07747  0.00875
 9.86248  1.06537  0.00926
 9.93369  1.05862  0.00943
10.00490  1.07239  0.00939
10.07611  1.05544  0.00795
10.14732  1.04775  0.00901
10.21853  1.04885  0.00916
10.28974  1.06527  0.00935
10.36095  1.04323  0.00898
10.43216  1.04962  0.00841
10.50337  1.05647  0.00853
10.57458  1.05124  0.00836
10.64579  1.05680  0.00889
10.71700  1.03935  0.00817
10.78820  1.04109  0.00863
10.85941  1.04104  0.00882
10.93062  1.03325  0.00815
11.00183  1.05086  0.00862
11.07304  1.04044  0.00839
11.14425  1.04917  0.00846
11.21546  1.03274  0.00881
11.28667  1.03078  0.00808
11.35788  1.03342  0.00758
11.42909  1.02935  0.00757
11.50030  1.02802  0.00808
11.57151  1.02789  0.00763
11.64272  1.02535  0.00786
11.71393  1.02646  0.00754
11.78513  1.02701  0.00734
11.85634  1.01368  0.00739
11.92755  1.02309  0.00759
11.99876  1.01973  0.00708
12.06997  1.01426  0.00692
12.14118  1.01804  0.00702
12.21239  1.02383  0.00786
12.28360  1.01018  0.00727
12.35481  1.00777  0.00719
12.42602  1.01893  0.00748
12.49723  1.01823  0.00703
12.56844  0.99720  0.00676
12.63965  1.01936  0.00725
12.71086  1.00476  0.00741
12.78206  0.99589  0.00747
12.85327  1.00102  0.00676
12.92448  0.99929  0.00645
12.99569  1.00692  0.00658
13.06690  0.99614  0.00709
13.13811  1.01175  0.00696
13.20932  1.00157  0.00691
13.28053  1.00515  0.00687
13.35174  1.01353  0.00547
13.42295  1.00285  0.00694
13.49416  1.02228  0.00661
13.56537  1.01118  0.00669
13.63658  0.99697  0.00630
13.70779  1.00358  0.00684
13.77899  1.00261  0.00696
13.85020  1.00873  0.00656
13.92141  0.99506  0.00656
13.99262  0.99287  0.00627
14.06383  1.00094  0.00640
14.13504  0.99481  0.00698
14.20625  0.99910  0.00599
14.27746  0.98633  0.00630
14.34867  0.99042  0.00586
14.41988  0.98697  0.00426
14.49109  0.99081  0.00621
14.56230  0.98964  0.00563
14.63351  0.99039  0.00582
14.70472  0.99278  0.00524
14.77592  0.99897  0.00560
14.84713  0.99814  0.00553
14.91834  1.00187  0.00525
14.98955  0.99833  0.00597
15.06076  1.00127  0.00565
15.13197  1.00083  0.00534
15.20318  0.99650  0.00552
15.27439  0.99399  0.00590
15.34560  0.99776  0.00572
15.41681  0.99347  0.00538
15.48802  0.99622  0.00569
15.55923  0.97674  0.00518
15.63044  0.98849  0.00575
15.70164  0.99425  0.00567
15.77285  0.98671  0.00553
15.84406  0.99878  0.00532
15.91527  0.98622  0.00495
15.98648  0.99591  0.00554
16.05769  0.99026  0.00558
16.12890  0.98738  0.00534
16.20011  0.99008  0.00519
16.27132  0.98872  0.00573
16.34253  0.99110  0.00496
16.41374  0.99768  0.00541
16.48495  0.99314  0.00552
16.55616  0.99052  0.00508
16.62737  0.99800  0.00533
16.69857  0.99605  0.00510
16.76978  0.98410  0.00513
16.84099  0.99040  0.00467
16.91220  0.99602  0.00507
16.98341  0.98824  0.00502
17.05462  0.99412  0.00516
17.12583  0.98811  0.00511
17.19704  0.99460  0.00412
17.26825  0.98886  0.00478
17.33946  0.99271  0.00490
17.41067  0.98748  0.00451
17.48188  0.98225  0.00516
17.55309  0.97996  0.00488
17.62430  0.98885  0.00479
17.69550  0.99478  0.00480
17.76671  0.99282  0.00501
17.83792  0.98968  0.00464
17.90913  0.98470  0.00518
17.98034  0.98443  0.00494
18.05155  0.98240  0.00468
18.12276  0.98860  0.00490
18.19397  0.98932  0.00460
18.26518  0.98925  0.00480
18.33639  0.98781  0.00460
18.40760  0.98709  0.00481
18.47881  0.99252  0.00465
18.55002  0.99111  0.00449
18.62123  0.98311  0.00433
18.69243  0.99060  0.00491
18.76364  0.97949  0.00477
18.83485  0.98262  0.00472
18.90606  0.98267  0.00477
18.97727  0.98040  0.00448
19.04848  0.98468  0.00429
19.11969  0.98741  0.00447
19.19090  0.98937  0.00466
19.26211  0.98727  0.00460
19.33332  0.98398  0.00474
19.40453  0.98444  0.00353
19.47574  0.98599  0.00450
19.54695  0.98715  0.00432
19.61815  0.98496  0.00453
19.68936  0.98775  0.00443
19.76057  0.98362  0.00495
19.83178  0.98292  0.00424
19.90299  0.98841  0.00384
19.97420  0.98838  0.00420
20.04541  0.98316  0.00441
20.11662  0.98852  0.00432
20.18783  0.98815  0.00461
20.25904  0.98799  0.00445
20.33025  0.98561  0.00455
20.40146  0.98317  0.00432
20.47267  0.99137  0.00395
20.54388  0.99065  0.00393
20.61508  0.99065  0.00411
20.68629  0.99044  0.00423
20.75750  0.98999  0.00382
20.82871  0.98225  0.00426
20.89992  0.98472  0.00420
20.97113  0.98449  0.00404
21.04234  0.98833  0.00421
21.11355  0.98720  0.00366
21.18476  0.98450  0.00428
21.25597  0.98425  0.00377
21.32718  0.98009  0.00370
