 0.03560  0.00000
 0.10681  0.00000
 0.17802  0.00000
 0.24923  0.00000
 0.32044  0.00000
 0.39165  0.00000
 0.46286  0.00000
 0.53407  0.00000
 0.60528  0.00000
 0.67649  0.00000
 0.74770  0.00000
 0.81891  0.00000
 0.89012  0.00000
 0.96133  0.00000
 1.03253  0.00000
 1.10374  0.00000
 1.17495  0.00000
 1.24616  0.00000
 1.31737  0.00000
 1.38858  0.00000
 1.45979  0.00000
 1.53100  0.00000
 1.60221  0.00000
 1.67342  0.00000
 1.74463  0.00000
 1.81584  0.00000
 1.88705  0.00000
 1.95826  0.00000
 2.02946  0.00000
 2.10067  0.00000
 2.17188  0.00000
 2.24309  0.00000
 2.31430  0.00000
 2.38551  0.00000
 2.45672  0.00000
 2.52793  0.00000
 2.59914  0.00000
 2.67035  0.00000
 2.74156  0.00000
 2.81277  0.00000
 2.88398  0.00001
 2.95518  0.00007
 3.02639  0.00159
 3.09760  0.01331
 3.16881  0.06788
 3.24002  0.22116
 3.31123  0.51396
 3.38244  0.90457
 3.45365  1.28724
 3.52486  1.58100
 3.59607  1.79181
 3.66728  1.89235
 3.73849  1.91769
 3.80970  1.85874
 3.88091  1.74084
 3.95211  1.57805
 4.02332  1.36477
 4.09453  1.13029
 4.16574  0.91569
 4.23695  0.76863
 4.30816  0.67787
 4.37937  0.63753
 4.45058  0.63752
 4.52179  0.65058
 4.59300  0.68407
 4.66421  0.72823
 4.73542  0.77182
 4.80663  0.81874
 4.87784  0.86576
 4.94904  0.90688
 5.02025  0.94186
 5.09146  0.97128
 5.16267  0.99916
 5.23388  1.01937
 5.30509  1.03442
 5.37630  1.04955
 5.44751  1.06094
 5.51872  1.06451
 5.58993  1.06979
 5.66114  1.07500
 5.73235  1.08100
 5.80356  1.08208
 5.87477  1.08787
 5.94597  1.08376
 6.01718  1.08940
 6.08839  1.08263
 6.15960  1.07533
 6.23081  1.06526
 6.30202  1.04943
 6.37323  1.03182
 6.44444  1.01170
 6.51565  0.99454
 6.58686  0.97619
 6.65807  0.96286
 6.72928  0.95064
 6.80049  0.94323
 6.87169  0.93815
 6.94290  0.93672
 7.01411  0.93774
 7.08532  0.94179
 7.15653  0.94851
 7.22774  0.95884
 7.29895  0.96708
 7.37016  0.97683
 7.44137  0.98164
 7.51258  0.99053
 7.58379  0.99835
 7.65500  1.00656
 7.72621  1.00970
 7.79742  1.01267
 7.86862  1.01818
 7.93983  1.02010
 8.01104  1.02170
 8.08225  1.02191
 8.15346  1.02037
 8.22467  1.02024
 8.29588  1.01900
 8.36709  1.01715
 8.43830  1.01582
 8.50951  1.01267
 8.58072  1.00927
 8.65193  1.00683
 8.72314  1.00676
 8.79435  1.00291
 8.86555  1.00107
 8.93676  1.00130
 9.00797  0.99854
 9.07918  0.99682
 9.15039  0.99634
 9.22160  0.99536
 9.29281  0.99436
 9.36402  0.99419
 9.43523  0.99582
 9.50644  0.99515
 9.57765  0.99643
 9.64886  0.99636
 9.72007  0.99810
 9.79128  0.99912
 9.86248  1.00174
 9.93369  1.00188
10.00490  1.00316
10.07611  1.00421
10.14732  1.00559
10.21853  1.00333
10.28974  1.00583
10.36095  1.00486
10.43216  1.00588
10.50337  1.00377
10.57458  1.00416
10.64579  1.00279
10.71700  1.00385
10.78820  1.00238
10.85941  1.00398
10.93062  1.00259
11.00183  1.00205
11.07304  1.00101
11.14425  0.99981
11.21546  1.00195
11.28667  1.00020
11.35788  1.00038
11.42909  1.00130
11.50030  1.00151
11.57151  1.00066
11.64272  1.00188
11.71393  1.00164
11.78513  1.00095
11.85634  1.00207
11.92755  1.00227
11.99876  1.00173
12.06997  1.00289
12.14118  1.00298
12.21239  1.00215
12.28360  1.00309
12.35481  1.00275
12.42602  1.00265
12.49723  1.00352
12.56844  1.00253
12.63965  1.00321
12.71086  1.00279
12.78206  1.00190
12.85327  1.00225
12.92448  1.00219
12.99569  1.00176
13.06690  1.00151
13.13811  1.00141
13.20932  1.00233
13.28053  1.00228
13.35174  1.00126
13.42295  1.00071
13.49416  1.00200
13.56537  1.00152
13.63658  1.00118
13.70779  1.00141
13.77899  1.00136
13.85020  1.00139
13.92141  1.00143
13.99262  1.00086
14.06383  1.00081
14.13504  1.00259
14.20625  1.00257
14.27746  1.00125
14.34867  1.00181
14.41988  1.00115
14.49109  1.00149
14.56230  1.00105
14.63351  1.00215
14.70472  1.00197
14.77592  1.00203
14.84713  1.00238
14.91834  1.00177
14.98955  1.00140
15.06076  1.00222
15.13197  1.00201
15.20318  1.00278
15.27439  1.00116
15.34560  1.00154
15.41681  1.00123
15.48802  1.00107
15.55923  1.00219
15.63044  1.00121
15.70164  1.00078
15.77285  1.00118
15.84406  1.00092
15.91527  1.00181
15.98648  1.00102
16.05769  1.00207
16.12890  1.00134
16.20011  1.00121
16.27132  1.00093
16.34253  1.00190
16.41374  1.00160
16.48495  1.00153
16.55616  1.00159
16.62737  1.00170
16.69857  1.00218
16.76978  1.00166
16.84099  1.00134
16.91220  1.00126
16.98341  1.00146
17.05462  1.00174
17.12583  1.00128
17.19704  1.00077
17.26825  1.00079
17.33946  1.00156
17.41067  1.00110
17.48188  1.00083
17.55309  1.00067
17.62430  1.00110
17.69550  1.00188
17.76671  1.00137
17.83792  1.00166
17.90913  1.00130
17.98034  1.00135
18.05155  1.00062
18.12276  1.00081
18.19397  1.00063
18.26518  1.00157
18.33639  1.00193
18.40760  1.00178
18.47881  1.00193
18.55002  1.00184
18.62123  1.00120
18.69243  1.00101
18.76364  1.00095
18.83485  1.00098
18.90606  1.00123
18.97727  1.00172
19.04848  1.00125
19.11969  1.00143
19.19090  1.00111
19.26211  1.00182
19.33332  1.00129
19.40453  1.00074
19.47574  1.00059
19.54695  1.00191
19.61815  1.00135
19.68936  1.00167
19.76057  1.00157
19.83178  1.00185
19.90299  1.00113
19.97420  1.00143
20.04541  1.00203
20.11662  1.00159
20.18783  1.00129
20.25904  1.00123
20.33025  1.00097
20.40146  1.00124
20.47267  1.00083
20.54388  1.00125
20.61508  1.00136
20.68629  1.00153
20.75750  1.00145
20.82871  1.00061
20.89992  1.00140
20.97113  1.00123
21.04234  1.00142
21.11355  1.00141
21.18476  1.00170
21.25597  1.00120
21.32718  1.00097
