 0.03560  0.00000
 0.10681  0.00000
 0.17802  0.00000
 0.24923  0.00000
 0.32044  0.00000
 0.39165  0.00000
 0.46286  0.00000
 0.53407  0.00000
 0.60528  0.00000
 0.67649  0.00000
 0.74770  0.00000
 0.81891  0.00000
 0.89012  0.00000
 0.96133  0.00000
 1.03253  0.00000
 1.10374  0.00000
 1.17495  0.00000
 1.24616  0.00000
 1.31737  0.00000
 1.38858  0.00000
 1.45979  0.00000
 1.53100  0.00000
 1.60221  0.00000
 1.67342  0.00000
 1.74463  0.00000
 1.81584  0.00000
 1.88705  0.00000
 1.95826  0.00000
 2.02946  0.00000
 2.10067  0.00000
 2.17188  0.00000
 2.24309  0.00000
 2.31430  0.00000
 2.38551  0.00000
 2.45672  0.00000
 2.52793  0.00000
 2.59914  0.00006
 2.67035  0.00174
 2.74156  0.01927
 2.81277  0.09578
 2.88398  0.27946
 2.95518  0.53686
 3.02639  0.76333
 3.09760  0.89452
 3.16881  0.94842
 3.24002  0.96400
 3.31123  0.98753
 3.38244  1.03786
 3.45365  1.12895
 3.52486  1.25528
 3.59607  1.38228
 3.66728  1.46186
 3.73849  1.45776
 3.80970  1.37279
 3.88091  1.23856
 3.95211  1.10661
 4.02332  1.00595
 4.09453  0.94658
 4.16574  0.90568
 4.23695  0.88857
 4.30816  0.88806
 4.37937  0.89235
 4.45058  0.90071
 4.52179  0.91497
 4.59300  0.92643
 4.66421  0.94165
 4.73542  0.96591
 4.80663  0.98375
 4.87784  1.00135
 4.94904  1.02282
 5.02025  1.04398
 5.09146  1.06855
 5.16267  1.08850
 5.23388  1.09655
 5.30509  1.09873
 5.37630  1.08593
 5.44751  1.06696
 5.51872  1.04806
 5.58993  1.02928
 5.66114  1.01546
 5.73235  1.00499
 5.80356  0.99958
 5.87477  0.99618
 5.94597  0.99617
 6.01718  0.99563
 6.08839  0.99513
 6.15960  0.99349
 6.23081  0.99214
 6.30202  0.99053
 6.37323  0.98546
 6.44444  0.98100
 6.51565  0.97492
 6.58686  0.97331
 6.65807  0.97062
 6.72928  0.96908
 6.80049  0.96654
 6.87169  0.96906
 6.94290  0.97091
 7.01411  0.97172
 7.08532  0.97781
 7.15653  0.98060
 7.22774  0.98206
 7.29895  0.98797
 7.37016  0.99116
 7.44137  0.99565
 7.51258  0.99687
 7.58379  1.00243
 7.65500  1.00597
 7.72621  1.00357
 7.79742  1.00803
 7.86862  1.01010
 7.93983  1.01060
 8.01104  1.01022
 8.08225  1.01150
 8.15346  1.01133
 8.22467  1.00852
 8.29588  1.00682
 8.36709  1.00577
 8.43830  1.00680
 8.50951  1.00528
 8.58072  1.00225
 8.65193  1.00062
 8.72314  0.99988
 8.79435  0.99779
 8.86555  0.99717
 8.93676  0.99806
 9.00797  0.99572
 9.07918  0.99559
 9.15039  0.99516
 9.22160  0.99576
 9.29281  0.99524
 9.36402  0.99526
 9.43523  0.99451
 9.50644  0.99612
 9.57765  0.99721
 9.64886  0.99664
 9.72007  0.99758
 9.79128  0.99762
 9.86248  0.99824
 9.93369  0.99620
10.00490  0.99827
10.07611  0.99879
10.14732  0.99964
10.21853  0.99951
10.28974  1.00055
10.36095  0.99926
10.43216  1.00151
10.50337  1.00174
10.57458  0.99963
10.64579  0.99977
10.71700  1.00079
10.78820  1.00014
10.85941  1.00048
10.93062  1.00203
11.00183  1.00074
11.07304  1.00100
11.14425  1.00091
11.21546  1.00233
11.28667  1.00146
11.35788  1.00146
11.42909  1.00080
11.50030  1.00160
11.57151  1.00137
11.64272  1.00216
11.71393  1.00109
11.78513  1.00055
11.85634  1.00061
11.92755  1.00141
11.99876  1.00046
12.06997  1.00031
12.14118  1.00160
12.21239  1.00147
12.28360  1.00083
12.35481  1.00153
12.42602  1.00139
12.49723  1.00133
12.56844  1.00029
12.63965  1.00076
12.71086  1.00068
12.78206  1.00127
12.85327  1.00121
12.92448  1.00086
12.99569  1.00126
13.06690  1.00112
13.13811  0.99970
13.20932  1.00083
13.28053  1.00183
13.35174  1.00101
13.42295  1.00063
13.49416  1.00096
13.56537  1.00169
13.63658  1.00076
13.70779  1.00176
13.77899  1.00010
13.85020  1.00090
13.92141  1.00130
13.99262  1.00131
14.06383  1.00102
14.13504  1.00173
14.20625  1.00182
14.27746  1.00023
14.34867  1.00133
14.41988  1.00052
14.49109  1.00197
14.56230  1.00051
14.63351  1.00255
14.70472  1.00126
14.77592  1.00055
14.84713  1.00060
14.91834  1.00162
14.98955  1.00036
15.06076  1.00207
15.13197  1.00187
15.20318  1.00141
15.27439  1.00146
15.34560  1.00005
15.41681  1.00118
15.48802  1.00245
15.55923  1.00049
15.63044  1.00098
15.70164  1.00096
15.77285  1.00085
15.84406  1.00087
15.91527  1.00124
15.98648  1.00058
16.05769  1.00186
16.12890  1.00061
16.20011  1.00101
16.27132  1.00104
16.34253  1.00107
16.41374  1.00135
16.48495  1.00141
16.55616  1.00063
16.62737  1.00075
16.69857  1.00025
16.76978  1.00179
16.84099  1.00004
16.91220  1.00154
16.98341  1.00107
17.05462  1.00168
17.12583  1.00124
17.19704  1.00158
17.26825  1.00123
17.33946  1.00142
17.41067  1.00110
17.48188  1.00095
17.55309  1.00165
17.62430  1.00122
17.69550  1.00107
17.76671  1.00135
17.83792  1.00088
17.90913  1.00034
17.98034  1.00080
18.05155  1.00098
18.12276  1.00047
18.19397  1.00082
18.26518  1.00125
18.33639  1.00093
18.40760  1.00133
18.47881  1.00103
18.55002  1.00103
18.62123  1.00132
18.69243  1.00063
18.76364  1.00164
18.83485  1.00057
18.90606  1.00153
18.97727  1.00108
19.04848  1.00094
19.11969  1.00083
19.19090  1.00093
19.26211  1.00086
19.33332  1.00079
19.40453  1.00151
19.47574  1.00082
19.54695  1.00103
19.61815  1.00173
19.68936  1.00190
19.76057  1.00126
19.83178  1.00136
19.90299  1.00136
19.97420  1.00114
20.04541  1.00003
20.11662  1.00100
20.18783  1.00072
20.25904  1.00139
20.33025  1.00153
20.40146  1.00152
20.47267  1.00050
20.54388  1.00159
20.61508  1.00144
20.68629  1.00103
20.75750  1.00105
20.82871  1.00087
20.89992  1.00116
20.97113  1.00122
21.04234  1.00090
21.11355  1.00126
21.18476  1.00157
21.25597  1.00182
21.32718  1.00045
