 0.03560      inf
 0.10681      inf
 0.17802      inf
 0.24923      inf
 0.32044      inf
 0.39165      inf
 0.46286      inf
 0.53407      inf
 0.60528      inf
 0.67649      inf
 0.74770      inf
 0.81891      inf
 0.89012      inf
 0.96133      inf
 1.03253      inf
 1.10374      inf
 1.17495      inf
 1.24616      inf
 1.31737      inf
 1.38858      inf
 1.45979      inf
 1.53100      inf
 1.60221      inf
 1.67342      inf
 1.74463      inf
 1.81584      inf
 1.88705      inf
 1.95826      inf
 2.02946      inf
 2.10067      inf
 2.17188      inf
 2.24309      inf
 2.31430      inf
 2.38551      inf
 2.45672      inf
 2.52793      inf
 2.59914  5.78550
 2.67035  3.76271
 2.74156  2.33808
 2.81277  1.38868
 2.88398  0.75473
 2.95518  0.36823
 3.02639  0.15988
 3.09760  0.06599
 3.16881  0.03135
 3.24002  0.02171
 3.31123  0.00743
 3.38244 -0.02200
 3.45365 -0.07180
 3.52486 -0.13460
 3.59607 -0.19165
 3.66728 -0.22479
 3.73849 -0.22312
 3.80970 -0.18757
 3.88091 -0.12666
 3.95211 -0.05997
 4.02332 -0.00351
 4.09453  0.03250
 4.16574  0.05865
 4.23695  0.06994
 4.30816  0.07028
 4.37937  0.06743
 4.45058  0.06191
 4.52179  0.05260
 4.59300  0.04524
 4.66421  0.03559
 4.73542  0.02053
 4.80663  0.00970
 4.87784 -0.00080
 4.94904 -0.01336
 5.02025 -0.02548
 5.09146 -0.03925
 5.16267 -0.05020
 5.23388 -0.05457
 5.30509 -0.05574
 5.37630 -0.04880
 5.44751 -0.03837
 5.51872 -0.02779
 5.58993 -0.01709
 5.66114 -0.00908
 5.73235 -0.00295
 5.80356  0.00025
 5.87477  0.00226
 5.94597  0.00227
 6.01718  0.00259
 6.08839  0.00289
 6.15960  0.00386
 6.23081  0.00467
 6.30202  0.00563
 6.37323  0.00867
 6.44444  0.01135
 6.51565  0.01503
 6.58686  0.01602
 6.65807  0.01765
 6.72928  0.01859
 6.80049  0.02015
 6.87169  0.01861
 6.94290  0.01748
 7.01411  0.01698
 7.08532  0.01328
 7.15653  0.01160
 7.22774  0.01072
 7.29895  0.00717
 7.37016  0.00526
 7.44137  0.00258
 7.51258  0.00186
 7.58379 -0.00143
 7.65500 -0.00352
 7.72621 -0.00211
 7.79742 -0.00474
 7.86862 -0.00595
 7.93983 -0.00624
 8.01104 -0.00602
 8.08225 -0.00677
 8.15346 -0.00667
 8.22467 -0.00502
 8.29588 -0.00403
 8.36709 -0.00340
 8.43830 -0.00401
 8.50951 -0.00312
 8.58072 -0.00133
 8.65193 -0.00036
 8.72314  0.00007
 8.79435  0.00131
 8.86555  0.00168
 8.93676  0.00115
 9.00797  0.00254
 9.07918  0.00262
 9.15039  0.00287
 9.22160  0.00252
 9.29281  0.00282
 9.36402  0.00282
 9.43523  0.00326
 9.50644  0.00230
 9.57765  0.00165
 9.64886  0.00199
 9.72007  0.00144
 9.79128  0.00141
 9.86248  0.00105
 9.93369  0.00225
10.00490  0.00103
10.07611  0.00072
10.14732  0.00021
10.21853  0.00029
10.28974 -0.00032
10.36095  0.00044
10.43216 -0.00089
10.50337 -0.00103
10.57458  0.00022
10.64579  0.00014
10.71700 -0.00047
10.78820 -0.00008
10.85941 -0.00028
10.93062 -0.00120
11.00183 -0.00044
11.07304 -0.00059
11.14425 -0.00054
11.21546 -0.00138
11.28667 -0.00087
11.35788 -0.00087
11.42909 -0.00047
11.50030 -0.00095
11.57151 -0.00081
11.64272 -0.00128
11.71393 -0.00065
11.78513 -0.00033
11.85634 -0.00036
11.92755 -0.00084
11.99876 -0.00027
12.06997 -0.00019
12.14118 -0.00095
12.21239 -0.00087
12.28360 -0.00049
12.35481 -0.00090
12.42602 -0.00082
12.49723 -0.00079
12.56844 -0.00017
12.63965 -0.00045
12.71086 -0.00040
12.78206 -0.00075
12.85327 -0.00072
12.92448 -0.00051
12.99569 -0.00075
13.06690 -0.00066
13.13811  0.00018
13.20932 -0.00049
13.28053 -0.00108
13.35174 -0.00060
13.42295 -0.00037
13.49416 -0.00057
13.56537 -0.00100
13.63658 -0.00045
13.70779 -0.00104
13.77899 -0.00006
13.85020 -0.00053
13.92141 -0.00077
13.99262 -0.00078
14.06383 -0.00060
14.13504 -0.00103
14.20625 -0.00107
14.27746 -0.00013
14.34867 -0.00079
14.41988 -0.00031
14.49109 -0.00116
14.56230 -0.00030
14.63351 -0.00151
14.70472 -0.00075
14.77592 -0.00032
14.84713 -0.00035
14.91834 -0.00096
14.98955 -0.00022
15.06076 -0.00123
15.13197 -0.00111
15.20318 -0.00083
15.27439 -0.00086
15.34560 -0.00003
15.41681 -0.00070
15.48802 -0.00145
15.55923 -0.00029
15.63044 -0.00058
15.70164 -0.00057
15.77285 -0.00051
15.84406 -0.00051
15.91527 -0.00073
15.98648 -0.00034
16.05769 -0.00110
16.12890 -0.00036
16.20011 -0.00060
16.27132 -0.00062
16.34253 -0.00063
16.41374 -0.00080
16.48495 -0.00084
16.55616 -0.00037
16.62737 -0.00045
16.69857 -0.00015
16.76978 -0.00106
16.84099 -0.00002
16.91220 -0.00091
16.98341 -0.00063
17.05462 -0.00099
17.12583 -0.00073
17.19704 -0.00093
17.26825 -0.00073
17.33946 -0.00084
17.41067 -0.00065
17.48188 -0.00056
17.55309 -0.00098
17.62430 -0.00072
17.69550 -0.00063
17.76671 -0.00080
17.83792 -0.00052
17.90913 -0.00020
17.98034 -0.00047
18.05155 -0.00058
18.12276 -0.00028
18.19397 -0.00048
18.26518 -0.00074
18.33639 -0.00055
18.40760 -0.00079
18.47881 -0.00061
18.55002 -0.00061
18.62123 -0.00078
18.69243 -0.00037
18.76364 -0.00097
18.83485 -0.00034
18.90606 -0.00091
18.97727 -0.00064
19.04848 -0.00055
19.11969 -0.00049
19.19090 -0.00055
19.26211 -0.00051
19.33332 -0.00047
19.40453 -0.00089
19.47574 -0.00048
19.54695 -0.00061
19.61815 -0.00102
19.68936 -0.00112
19.76057 -0.00075
19.83178 -0.00080
19.90299 -0.00080
19.97420 -0.00068
20.04541 -0.00002
20.11662 -0.00059
20.18783 -0.00043
20.25904 -0.00082
20.33025 -0.00090
20.40146 -0.00090
20.47267 -0.00030
20.54388 -0.00094
20.61508 -0.00085
20.68629 -0.00061
20.75750 -0.00062
20.82871 -0.00052
20.89992 -0.00069
20.97113 -0.00072
21.04234 -0.00053
21.11355 -0.00074
21.18476 -0.00093
21.25597 -0.00107
21.32718 -0.00027
