 0.03560      inf      nan
 0.10681      inf      nan
 0.17802      inf      nan
 0.24923      inf      nan
 0.32044      inf      nan
 0.39165      inf      nan
 0.46286      inf      nan
 0.53407      inf      nan
 0.60528      inf      nan
 0.67649      inf      nan
 0.74770      inf      nan
 0.81891      inf      nan
 0.89012      inf      nan
 0.96133      inf      nan
 1.03253      inf      nan
 1.10374      inf      nan
 1.17495      inf      nan
 1.24616      inf      nan
 1.31737      inf      nan
 1.38858      inf      nan
 1.45979      inf      nan
 1.53100      inf      nan
 1.60221      inf      nan
 1.67342      inf      nan
 1.74463      inf      nan
 1.81584      inf      nan
 1.88705      inf      nan
 1.95826      inf      nan
 2.02946      inf      nan
 2.10067      inf      nan
 2.17188      inf      nan
 2.24309      inf      nan
 2.31430      inf      nan
 2.38551      inf      nan
 2.45672      inf      nan
 2.52793      inf      nan
 2.59914      inf      nan
 2.67035      inf      nan
 2.74156      inf      nan
 2.81277      inf      nan
 2.88398      inf      nan
 2.95518      inf      nan
 3.02639      inf      nan
 3.09760      inf      nan
 3.16881  3.87571  0.41031
 3.24002  2.94924  0.17662
 3.31123  2.05882  0.08601
 3.38244  1.25706  0.04227
 3.45365  0.74053  0.02387
 3.52486  0.32097  0.02066
 3.59607  0.11154  0.01778
 3.66728 -0.02298  0.01435
 3.73849 -0.14767  0.01175
 3.80970 -0.20879  0.01161
 3.88091 -0.24090  0.01211
 3.95211 -0.26923  0.01028
 4.02332 -0.32590  0.01098
 4.09453 -0.35619  0.00979
 4.16574 -0.37068  0.00881
 4.23695 -0.39257  0.00958
 4.30816 -0.41225  0.00875
 4.37937 -0.45166  0.00966
 4.45058 -0.45474  0.00929
 4.52179 -0.46327  0.00831
 4.59300 -0.48895  0.00799
 4.66421 -0.48792  0.00849
 4.73542 -0.47015  0.00783
 4.80663 -0.45548  0.00808
 4.87784 -0.43421  0.00864
 4.94904 -0.39244  0.00806
 5.02025 -0.34976  0.00819
 5.09146 -0.29835  0.00855
 5.16267 -0.25870  0.00754
 5.23388 -0.23457  0.00891
 5.30509 -0.21993  0.00821
 5.37630 -0.20446  0.00766
 5.44751 -0.24361  0.00769
 5.51872 -0.26336  0.00809
 5.58993 -0.28362  0.00748
 5.66114 -0.29886  0.00813
 5.73235 -0.32239  0.00740
 5.80356 -0.34079  0.00758
 5.87477 -0.35219  0.00691
 5.94597 -0.35280  0.00657
 6.01718 -0.35126  0.00692
 6.08839 -0.33825  0.00635
 6.15960 -0.32617  0.00629
 6.23081 -0.30025  0.00670
 6.30202 -0.30944  0.00617
 6.37323 -0.29359  0.00667
 6.44444 -0.27452  0.00644
 6.51565 -0.26447  0.00715
 6.58686 -0.24071  0.00637
 6.65807 -0.21861  0.00657
 6.72928 -0.22557  0.00708
 6.80049 -0.21214  0.00651
 6.87169 -0.20901  0.00660
 6.94290 -0.20230  0.00661
 7.01411 -0.18250  0.00648
 7.08532 -0.16895  0.00729
 7.15653 -0.15152  0.00591
 7.22774 -0.13903  0.00630
 7.29895 -0.12483  0.00649
 7.37016 -0.10096  0.00653
 7.44137 -0.08485  0.00635
 7.51258 -0.09100  0.00625
 7.58379 -0.08345  0.00572
 7.65500 -0.07726  0.00687
 7.72621 -0.06527  0.00590
 7.79742 -0.06172  0.00631
 7.86862 -0.05699  0.00596
 7.93983 -0.05668  0.00652
 8.01104 -0.06242  0.00601
 8.08225 -0.07808  0.00598
 8.15346 -0.06598  0.00587
 8.22467 -0.07864  0.00521
 8.29588 -0.07910  0.00574
 8.36709 -0.08787  0.00631
 8.43830 -0.08087  0.00545
 8.50951 -0.09197  0.00562
 8.58072 -0.08275  0.00568
 8.65193 -0.07498  0.00585
 8.72314 -0.07122  0.00447
 8.79435 -0.07752  0.00553
 8.86555 -0.07757  0.00575
 8.93676 -0.07974  0.00536
 9.00797 -0.07309  0.00521
 9.07918 -0.06228  0.00564
 9.15039 -0.06811  0.00572
 9.22160 -0.06566  0.00538
 9.29281 -0.06709  0.00504
 9.36402 -0.05500  0.00502
 9.43523 -0.05644  0.00590
 9.50644 -0.05602  0.00462
 9.57765 -0.06177  0.00560
 9.64886 -0.04341  0.00513
 9.72007 -0.03763  0.00499
 9.79128 -0.04417  0.00481
 9.86248 -0.03749  0.00514
 9.93369 -0.03372  0.00527
10.00490 -0.04137  0.00518
10.07611 -0.03194  0.00446
10.14732 -0.02761  0.00509
10.21853 -0.02824  0.00517
10.28974 -0.03743  0.00519
10.36095 -0.02506  0.00509
10.43216 -0.02867  0.00474
10.50337 -0.03252  0.00478
10.57458 -0.02958  0.00471
10.64579 -0.03270  0.00498
10.71700 -0.02285  0.00465
10.78820 -0.02384  0.00491
10.85941 -0.02381  0.00501
10.93062 -0.01936  0.00467
11.00183 -0.02937  0.00485
11.07304 -0.02347  0.00477
11.14425 -0.02842  0.00477
11.21546 -0.01907  0.00505
11.28667 -0.01795  0.00464
11.35788 -0.01946  0.00434
11.42909 -0.01712  0.00435
11.50030 -0.01636  0.00465
11.57151 -0.01629  0.00440
11.64272 -0.01482  0.00454
11.71393 -0.01546  0.00435
11.78513 -0.01578  0.00423
11.85634 -0.00805  0.00432
11.92755 -0.01351  0.00439
11.99876 -0.01157  0.00411
12.06997 -0.00838  0.00404
12.14118 -0.01058  0.00409
12.21239 -0.01394  0.00455
12.28360 -0.00600  0.00426
12.35481 -0.00458  0.00422
12.42602 -0.01110  0.00435
12.49723 -0.01070  0.00409
12.56844  0.00166  0.00402
12.63965 -0.01135  0.00421
12.71086 -0.00281  0.00437
12.78206  0.00244  0.00444
12.85327 -0.00060  0.00400
12.92448  0.00042  0.00382
12.99569 -0.00408  0.00387
13.06690  0.00229  0.00421
13.13811 -0.00692  0.00407
13.20932 -0.00093  0.00408
13.28053 -0.00304  0.00405
13.35174 -0.00796  0.00319
13.42295 -0.00168  0.00410
13.49416 -0.01304  0.00383
13.56537 -0.00658  0.00392
13.63658  0.00180  0.00374
13.70779 -0.00212  0.00403
13.77899 -0.00154  0.00411
13.85020 -0.00515  0.00385
13.92141  0.00293  0.00391
13.99262  0.00424  0.00374
14.06383 -0.00056  0.00378
14.13504  0.00308  0.00416
14.20625  0.00053  0.00355
14.27746  0.00815  0.00378
14.34867  0.00570  0.00350
14.41988  0.00776  0.00256
14.49109  0.00547  0.00371
14.56230  0.00617  0.00337
14.63351  0.00572  0.00348
14.70472  0.00429  0.00312
14.77592  0.00061  0.00332
14.84713  0.00110  0.00328
14.91834 -0.00110  0.00310
14.98955  0.00099  0.00354
15.06076 -0.00075  0.00334
15.13197 -0.00049  0.00316
15.20318  0.00208  0.00328
15.27439  0.00357  0.00351
15.34560  0.00133  0.00339
15.41681  0.00388  0.00321
15.48802  0.00224  0.00338
15.55923  0.01394  0.00314
15.63044  0.00685  0.00344
15.70164  0.00342  0.00338
15.77285  0.00792  0.00332
15.84406  0.00072  0.00316
15.91527  0.00822  0.00297
15.98648  0.00242  0.00329
16.05769  0.00580  0.00334
16.12890  0.00752  0.00320
16.20011  0.00590  0.00310
16.27132  0.00671  0.00343
16.34253  0.00529  0.00296
16.41374  0.00137  0.00321
16.48495  0.00408  0.00329
16.55616  0.00564  0.00304
16.62737  0.00118  0.00316
16.69857  0.00235  0.00303
16.76978  0.00949  0.00309
16.84099  0.00571  0.00279
16.91220  0.00236  0.00302
16.98341  0.00700  0.00301
17.05462  0.00349  0.00307
17.12583  0.00708  0.00306
17.19704  0.00320  0.00245
17.26825  0.00663  0.00286
17.33946  0.00433  0.00292
17.41067  0.00746  0.00270
17.48188  0.01060  0.00311
17.55309  0.01198  0.00295
17.62430  0.00664  0.00287
17.69550  0.00310  0.00286
17.76671  0.00427  0.00299
17.83792  0.00614  0.00277
17.90913  0.00912  0.00312
17.98034  0.00929  0.00297
18.05155  0.01051  0.00282
18.12276  0.00679  0.00293
18.19397  0.00635  0.00275
18.26518  0.00640  0.00287
18.33639  0.00726  0.00275
18.40760  0.00769  0.00288
18.47881  0.00445  0.00277
18.55002  0.00529  0.00268
18.62123  0.01009  0.00261
18.69243  0.00559  0.00294
18.76364  0.01227  0.00288
18.83485  0.01038  0.00284
18.90606  0.01035  0.00288
18.97727  0.01172  0.00271
19.04848  0.00914  0.00258
19.11969  0.00750  0.00268
19.19090  0.00633  0.00279
19.26211  0.00759  0.00276
19.33332  0.00956  0.00285
19.40453  0.00928  0.00212
19.47574  0.00835  0.00270
19.54695  0.00765  0.00259
19.61815  0.00897  0.00272
19.68936  0.00729  0.00266
19.76057  0.00978  0.00298
19.83178  0.01020  0.00255
19.90299  0.00690  0.00230
19.97420  0.00692  0.00251
20.04541  0.01005  0.00265
20.11662  0.00684  0.00259
20.18783  0.00706  0.00276
20.25904  0.00715  0.00266
20.33025  0.00858  0.00273
20.40146  0.01005  0.00260
20.47267  0.00513  0.00236
20.54388  0.00556  0.00235
20.61508  0.00556  0.00246
20.68629  0.00569  0.00253
20.75750  0.00596  0.00229
20.82871  0.01060  0.00257
20.89992  0.00911  0.00252
20.97113  0.00926  0.00243
21.04234  0.00695  0.00252
21.11355  0.00763  0.00219
21.18476  0.00925  0.00257
21.25597  0.00940  0.00227
21.32718  0.01190  0.00223
