 0.03560      inf
 0.10681      inf
 0.17802      inf
 0.24923      inf
 0.32044      inf
 0.39165      inf
 0.46286      inf
 0.53407      inf
 0.60528      inf
 0.67649      inf
 0.74770      inf
 0.81891      inf
 0.89012      inf
 0.96133      inf
 1.03253      inf
 1.10374      inf
 1.17495      inf
 1.24616      inf
 1.31737      inf
 1.38858      inf
 1.45979      inf
 1.53100      inf
 1.60221      inf
 1.67342      inf
 1.74463      inf
 1.81584      inf
 1.88705      inf
 1.95826      inf
 2.02946      inf
 2.10067      inf
 2.17188      inf
 2.24309      inf
 2.31430      inf
 2.38551      inf
 2.45672      inf
 2.52793      inf
 2.59914      inf
 2.67035      inf
 2.74156      inf
 2.81277      inf
 2.88398  6.96934
 2.95518  5.63508
 3.02639  3.81483
 3.09760  2.55717
 3.16881  1.59249
 3.24002  0.89324
 3.31123  0.39404
 3.38244  0.05937
 3.45365 -0.14948
 3.52486 -0.27117
 3.59607 -0.34527
 3.66728 -0.37759
 3.73849 -0.38546
 3.80970 -0.36698
 3.88091 -0.32819
 3.95211 -0.27006
 4.02332 -0.18410
 4.09453 -0.07251
 4.16574  0.05214
 4.23695  0.15578
 4.30816  0.23017
 4.37937  0.26649
 4.45058  0.26650
 4.52179  0.25450
 4.59300  0.22478
 4.66421  0.18775
 4.73542  0.15333
 4.80663  0.11839
 4.87784  0.08534
 4.94904  0.05786
 5.02025  0.03546
 5.09146  0.01725
 5.16267  0.00050
 5.23388 -0.01136
 5.30509 -0.02003
 5.37630 -0.02863
 5.44751 -0.03502
 5.51872 -0.03701
 5.58993 -0.03994
 5.66114 -0.04281
 5.73235 -0.04611
 5.80356 -0.04670
 5.87477 -0.04986
 5.94597 -0.04762
 6.01718 -0.05069
 6.08839 -0.04700
 6.15960 -0.04300
 6.23081 -0.03743
 6.30202 -0.02856
 6.37323 -0.01854
 6.44444 -0.00688
 6.51565  0.00324
 6.58686  0.01427
 6.65807  0.02241
 6.72928  0.02997
 6.80049  0.03460
 6.87169  0.03780
 6.94290  0.03870
 7.01411  0.03805
 7.08532  0.03550
 7.15653  0.03129
 7.22774  0.02488
 7.29895  0.01982
 7.37016  0.01388
 7.44137  0.01097
 7.51258  0.00563
 7.58379  0.00098
 7.65500 -0.00387
 7.72621 -0.00571
 7.79742 -0.00745
 7.86862 -0.01067
 7.93983 -0.01178
 8.01104 -0.01271
 8.08225 -0.01283
 8.15346 -0.01194
 8.22467 -0.01186
 8.29588 -0.01114
 8.36709 -0.01007
 8.43830 -0.00929
 8.50951 -0.00745
 8.58072 -0.00546
 8.65193 -0.00403
 8.72314 -0.00399
 8.79435 -0.00172
 8.86555 -0.00063
 8.93676 -0.00077
 9.00797  0.00086
 9.07918  0.00189
 9.15039  0.00217
 9.22160  0.00276
 9.29281  0.00335
 9.36402  0.00345
 9.43523  0.00248
 9.50644  0.00288
 9.57765  0.00211
 9.64886  0.00216
 9.72007  0.00113
 9.79128  0.00052
 9.86248 -0.00103
 9.93369 -0.00111
10.00490 -0.00187
10.07611 -0.00249
10.14732 -0.00330
10.21853 -0.00197
10.28974 -0.00344
10.36095 -0.00287
10.43216 -0.00347
10.50337 -0.00223
10.57458 -0.00246
10.64579 -0.00165
10.71700 -0.00228
10.78820 -0.00141
10.85941 -0.00235
10.93062 -0.00153
11.00183 -0.00121
11.07304 -0.00060
11.14425  0.00011
11.21546 -0.00115
11.28667 -0.00012
11.35788 -0.00022
11.42909 -0.00077
11.50030 -0.00089
11.57151 -0.00039
11.64272 -0.00111
11.71393 -0.00097
11.78513 -0.00056
11.85634 -0.00123
11.92755 -0.00134
11.99876 -0.00102
12.06997 -0.00171
12.14118 -0.00176
12.21239 -0.00127
12.28360 -0.00182
12.35481 -0.00162
12.42602 -0.00157
12.49723 -0.00208
12.56844 -0.00150
12.63965 -0.00190
12.71086 -0.00165
12.78206 -0.00113
12.85327 -0.00133
12.92448 -0.00130
12.99569 -0.00104
13.06690 -0.00089
13.13811 -0.00083
13.20932 -0.00138
13.28053 -0.00135
13.35174 -0.00075
13.42295 -0.00042
13.49416 -0.00118
13.56537 -0.00090
13.63658 -0.00070
13.70779 -0.00083
13.77899 -0.00081
13.85020 -0.00082
13.92141 -0.00084
13.99262 -0.00051
14.06383 -0.00048
14.13504 -0.00153
14.20625 -0.00152
14.27746 -0.00074
14.34867 -0.00107
14.41988 -0.00068
14.49109 -0.00088
14.56230 -0.00062
14.63351 -0.00127
14.70472 -0.00116
14.77592 -0.00120
14.84713 -0.00141
14.91834 -0.00104
14.98955 -0.00083
15.06076 -0.00131
15.13197 -0.00119
15.20318 -0.00164
15.27439 -0.00069
15.34560 -0.00091
15.41681 -0.00073
15.48802 -0.00063
15.55923 -0.00129
15.63044 -0.00072
15.70164 -0.00046
15.77285 -0.00070
15.84406 -0.00054
15.91527 -0.00107
15.98648 -0.00061
16.05769 -0.00122
16.12890 -0.00079
16.20011 -0.00072
16.27132 -0.00055
16.34253 -0.00112
16.41374 -0.00095
16.48495 -0.00091
16.55616 -0.00094
16.62737 -0.00100
16.69857 -0.00129
16.76978 -0.00098
16.84099 -0.00079
16.91220 -0.00075
16.98341 -0.00086
17.05462 -0.00103
17.12583 -0.00076
17.19704 -0.00045
17.26825 -0.00046
17.33946 -0.00092
17.41067 -0.00065
17.48188 -0.00049
17.55309 -0.00040
17.62430 -0.00065
17.69550 -0.00111
17.76671 -0.00081
17.83792 -0.00098
17.90913 -0.00077
17.98034 -0.00080
18.05155 -0.00037
18.12276 -0.00048
18.19397 -0.00037
18.26518 -0.00093
18.33639 -0.00114
18.40760 -0.00105
18.47881 -0.00114
18.55002 -0.00109
18.62123 -0.00071
18.69243 -0.00060
18.76364 -0.00056
18.83485 -0.00058
18.90606 -0.00073
18.97727 -0.00102
19.04848 -0.00074
19.11969 -0.00084
19.19090 -0.00066
19.26211 -0.00108
19.33332 -0.00076
19.40453 -0.00044
19.47574 -0.00035
19.54695 -0.00113
19.61815 -0.00080
19.68936 -0.00099
19.76057 -0.00093
19.83178 -0.00109
19.90299 -0.00067
19.97420 -0.00085
20.04541 -0.00120
20.11662 -0.00094
20.18783 -0.00077
20.25904 -0.00073
20.33025 -0.00057
20.40146 -0.00074
20.47267 -0.00049
20.54388 -0.00074
20.61508 -0.00080
20.68629 -0.00090
20.75750 -0.00086
20.82871 -0.00036
20.89992 -0.00083
20.97113 -0.00073
21.04234 -0.00084
21.11355 -0.00083
21.18476 -0.00101
21.25597 -0.00071
21.32718 -0.00057
