 0.03550  0.00000      nan
 0.10649  0.00000      nan
 0.17749  0.00000      nan
 0.24849  0.00000      nan
 0.31948  0.00000      nan
 0.39048  0.00000      nan
 0.46148  0.00000      nan
 0.53247  0.00000      nan
 0.60347  0.00000      nan
 0.67447  0.00000      nan
 0.74546  0.00000      nan
 0.81646  0.00000      nan
 0.88745  0.00000      nan
 0.95845  0.00000      nan
 1.02945  0.00000      nan
 1.10044  0.00000      nan
 1.17144  0.00000      nan
 1.24244  0.00000      nan
 1.31343  0.00000      nan
 1.38443  0.00000      nan
 1.45542  0.00000      nan
 1.52642  0.00000      nan
 1.59742  0.00000      nan
 1.66841  0.00000      nan
 1.73941  0.00000      nan
 1.81041  0.00000      nan
 1.88140  0.00000      nan
 1.95240  0.00000      nan
 2.02340  0.00000      nan
 2.09439  0.00000      nan
 2.16539  0.00000      nan
 2.23638  0.00000      nan
 2.30738  0.00000      nan
 2.37838  0.00000      nan
 2.44937  0.00000      nan
 2.52037  0.00000      nan
 2.59137  0.00000      nan
 2.66236  0.00000      nan
 2.73336  0.00000      nan
 2.80435  0.00000      nan
 2.87535  0.00000      nan
 2.94635  0.00082  0.00082
 3.01734  0.00079  0.00075
 3.08834  0.00150  0.00104
 3.15934  0.02798  0.00438
 3.23033  0.17840  0.00941
 3.30133  0.71609  0.02052
 3.37233  1.68290  0.03507
 3.44332  2.83892  0.04985
 3.51432  3.54166  0.05454
 3.58531  3.77878  0.05555
 3.65631  3.75290  0.05725
 3.72731  3.79065  0.06018
 3.79830  3.60908  0.05410
 3.86930  3.54816  0.05556
 3.94030  3.44635  0.05308
 4.01129  3.14700  0.04225
 4.08229  2.67801  0.04068
 4.15329  2.08042  0.03466
 4.22428  1.51714  0.02879
 4.29528  1.12432  0.02326
 4.36627  0.90139  0.01929
 4.43727  0.81423  0.01629
 4.50827  0.73136  0.01524
 4.57926  0.75735  0.01663
 4.65026  0.73308  0.01528
 4.72126  0.80307  0.01495
 4.79225  0.89356  0.01573
 4.86325  0.92670  0.01525
 4.93424  0.97433  0.01769
 5.00524  1.07836  0.01694
 5.07624  1.14844  0.02085
 5.14723  1.23022  0.01814
 5.21823  1.31924  0.01979
 5.28923  1.37058  0.01980
 5.36022  1.47083  0.01968
 5.43122  1.50860  0.01763
 5.50222  1.57541  0.02057
 5.57321  1.64134  0.02319
 5.64421  1.68639  0.02208
 5.71520  1.71687  0.02065
 5.78620  1.74729  0.01974
 5.85720  1.74860  0.01894
 5.92819  1.75199  0.02127
 5.99919  1.76807  0.01926
 6.07019  1.72948  0.02107
 6.14118  1.71440  0.01837
 6.21218  1.63240  0.01923
 6.28317  1.61313  0.01763
 6.35417  1.57905  0.01794
 6.42517  1.55112  0.01669
 6.49616  1.41288  0.01700
 6.56716  1.33949  0.01692
 6.63816  1.31408  0.01515
 6.70915  1.26240  0.01554
 6.78015  1.20993  0.01509
 6.85115  1.18880  0.01378
 6.92214  1.16872  0.01518
 6.99314  1.12491  0.01288
 7.06413  1.10729  0.01248
 7.13513  1.11321  0.01398
 7.20613  1.10173  0.01255
 7.27712  1.11035  0.01331
 7.34812  1.09324  0.01103
 7.41912  1.12705  0.01181
 7.49011  1.11383  0.01198
 7.56111  1.13910  0.01220
 7.63210  1.16644  0.01203
 7.70310  1.15578  0.01179
 7.77410  1.18986  0.01325
 7.84509  1.19273  0.01228
 7.91609  1.19475  0.01296
 7.98709  1.18247  0.01258
 8.05808  1.18797  0.01280
 8.12908  1.20870  0.01220
 8.20008  1.19851  0.01147
 8.27107  1.18472  0.01265
 8.34207  1.19366  0.01187
 8.41306  1.16823  0.01161
 8.48406  1.17940  0.01097
 8.55506  1.17537  0.01091
 8.62605  1.13964  0.01230
 8.69705  1.13181  0.01086
 8.76805  1.12781  0.01034
 8.83904  1.14459  0.00912
 8.91004  1.11028  0.01117
 8.98104  1.10513  0.01017
 9.05203  1.08743  0.00995
 9.12303  1.08124  0.01068
 9.19402  1.07858  0.00852
 9.26502  1.06587  0.01072
 9.33602  1.05185  0.00905
 9.40701  1.06921  0.00948
 9.47801  1.06369  0.01015
 9.54901  1.08045  0.01050
 9.62000  1.06479  0.00936
 9.69100  1.05420  0.00864
 9.76199  1.07536  0.00918
 9.83299  1.07233  0.00908
 9.90399  1.06840  0.00879
 9.97498  1.06548  0.00963
10.04598  1.05523  0.00867
10.11698  1.06020  0.00780
10.18797  1.07176  0.00856
10.25897  1.06915  0.00862
10.32997  1.05806  0.00892
10.40096  1.06498  0.00945
10.47196  1.05046  0.00802
10.54295  1.06908  0.00880
10.61395  1.07199  0.00928
10.68495  1.05497  0.00840
10.75594  1.07005  0.00833
10.82694  1.04996  0.00822
10.89794  1.07051  0.00879
10.96893  1.04622  0.00848
11.03993  1.05930  0.00827
11.11092  1.03589  0.00787
11.18192  1.02318  0.00831
11.25292  1.03689  0.00819
11.32391  1.02376  0.00774
11.39491  1.04788  0.00755
11.46591  1.03554  0.00787
11.53690  1.01918  0.00800
11.60790  1.02163  0.00786
11.67890  1.03245  0.00792
11.74989  1.03173  0.00740
11.82089  1.02152  0.00771
11.89188  1.01154  0.00736
11.96288  1.01063  0.00741
12.03388  1.03533  0.00710
12.10487  1.01599  0.00805
12.17587  1.01987  0.00786
12.24687  1.01868  0.00715
12.31786  1.01943  0.00735
12.38886  1.01958  0.00748
12.45986  1.01242  0.00706
12.53085  1.01325  0.00645
12.60185  1.01945  0.00779
12.67284  1.03601  0.00718
12.74384  1.02366  0.00722
12.81484  1.01850  0.00682
12.88583  1.01680  0.00690
12.95683  1.02432  0.00653
13.02783  1.02049  0.00672
13.09882  1.03341  0.00593
13.16982  1.00628  0.00682
13.24081  1.02043  0.00690
13.31181  1.00553  0.00629
13.38281  1.01292  0.00616
13.45380  1.00879  0.00735
13.52480  1.01357  0.00675
13.59580  1.00336  0.00631
13.66679  0.99825  0.00522
13.73779  1.00056  0.00630
13.80879  1.00558  0.00601
13.87978  1.00290  0.00617
13.95078  1.00777  0.00629
14.02177  1.00396  0.00623
14.09277  1.00007  0.00577
14.16377  1.00046  0.00600
14.23476  0.99807  0.00568
14.30576  1.00260  0.00519
14.37676  0.99955  0.00606
14.44775  0.99060  0.00610
14.51875  1.00893  0.00560
14.58974  1.00038  0.00590
14.66074  0.99941  0.00589
14.73174  0.99468  0.00512
14.80273  0.98794  0.00556
14.87373  0.99967  0.00538
14.94473  0.99478  0.00595
15.01572  0.99428  0.00505
15.08672  1.00109  0.00529
15.15772  1.00332  0.00518
15.22871  1.00674  0.00594
15.29971  0.98800  0.00574
15.37070  0.99492  0.00543
15.44170  1.00267  0.00555
15.51270  0.99203  0.00533
15.58369  0.99811  0.00502
15.65469  0.99045  0.00543
15.72569  0.99774  0.00587
15.79668  0.99281  0.00540
15.86768  0.99378  0.00473
15.93867  0.99422  0.00524
16.00967  0.99434  0.00521
16.08067  0.99200  0.00563
16.15166  0.99494  0.00506
16.22266  0.99283  0.00534
16.29366  0.98975  0.00488
16.36465  0.99209  0.00521
16.43565  0.98988  0.00509
16.50665  0.99031  0.00491
16.57764  0.99295  0.00471
16.64864  0.98564  0.00507
16.71963  0.98855  0.00528
16.79063  0.98839  0.00536
16.86163  0.99099  0.00477
16.93262  0.99558  0.00562
17.00362  0.99350  0.00479
17.07462  0.98680  0.00484
17.14561  0.99012  0.00425
17.21661  0.98410  0.00511
17.28761  0.99096  0.00480
17.35860  0.98472  0.00509
17.42960  0.98963  0.00451
17.50059  0.98167  0.00500
17.57159  0.99063  0.00483
17.64259  0.98495  0.00472
17.71358  0.98015  0.00478
17.78458  0.97760  0.00433
17.85558  0.99274  0.00444
17.92657  0.98984  0.00504
17.99757  0.98055  0.00511
18.06856  0.98299  0.00431
18.13956  0.97751  0.00497
18.21056  0.97927  0.00391
18.28155  0.98194  0.00463
18.35255  0.98956  0.00467
18.42355  0.98693  0.00445
18.49454  0.99270  0.00510
18.56554  0.98223  0.00456
18.63654  0.98621  0.00445
18.70753  0.98154  0.00360
18.77853  0.98688  0.00451
18.84952  0.98476  0.00454
18.92052  0.98351  0.00467
18.99152  0.98480  0.00432
19.06251  0.99395  0.00481
19.13351  0.98726  0.00416
19.20451  0.98884  0.00412
19.27550  0.99431  0.00424
19.34650  0.98687  0.00432
19.41749  0.99336  0.00380
19.48849  0.99264  0.00416
19.55949  0.98219  0.00441
19.63048  0.98023  0.00437
19.70148  0.98098  0.00433
19.77248  0.99303  0.00402
19.84347  0.98110  0.00443
19.91447  0.98389  0.00453
19.98547  0.98426  0.00444
20.05646  0.98887  0.00380
20.12746  0.98483  0.00407
20.19845  0.98773  0.00445
20.26945  0.98779  0.00390
20.34045  0.98885  0.00432
20.41144  0.97731  0.00414
20.48244  0.99118  0.00426
20.55344  0.97922  0.00433
20.62443  0.97830  0.00417
20.69543  0.98767  0.00407
20.76643  0.97978  0.00412
20.83742  0.98341  0.00434
20.90842  0.97846  0.00386
20.97941  0.97925  0.00433
21.05041  0.97726  0.00394
21.12141  0.98924  0.00394
21.19240  0.98095  0.00417
21.26340  0.98409  0.00411
