 0.03550  0.00000
 0.10649  0.00000
 0.17749  0.00000
 0.24849  0.00000
 0.31948  0.00000
 0.39048  0.00000
 0.46148  0.00000
 0.53247  0.00000
 0.60347  0.00000
 0.67447  0.00000
 0.74546  0.00000
 0.81646  0.00000
 0.88745  0.00000
 0.95845  0.00000
 1.02945  0.00000
 1.10044  0.00000
 1.17144  0.00000
 1.24244  0.00000
 1.31343  0.00000
 1.38443  0.00000
 1.45542  0.00000
 1.52642  0.00000
 1.59742  0.00000
 1.66841  0.00000
 1.73941  0.00000
 1.81041  0.00000
 1.88140  0.00000
 1.95240  0.00000
 2.02340  0.00000
 2.09439  0.00000
 2.16539  0.00000
 2.23638  0.00000
 2.30738  0.00000
 2.37838  0.00000
 2.44937  0.00000
 2.52037  0.00000
 2.59137  0.00000
 2.66236  0.00000
 2.73336  0.00000
 2.80435  0.00000
 2.87535  0.00000
 2.94635  0.00007
 3.01734  0.00122
 3.08834  0.01064
 3.15934  0.05520
 3.23033  0.19297
 3.30133  0.46613
 3.37233  0.84309
 3.44332  1.22555
 3.51432  1.54210
 3.58531  1.75450
 3.65631  1.87380
 3.72731  1.90853
 3.79830  1.86015
 3.86930  1.76138
 3.94030  1.60474
 4.01129  1.40259
 4.08229  1.17235
 4.15329  0.95747
 4.22428  0.79415
 4.29528  0.69577
 4.36627  0.65104
 4.43727  0.64503
 4.50827  0.65708
 4.57926  0.68454
 4.65026  0.72482
 4.72126  0.77037
 4.79225  0.81816
 4.86325  0.86283
 4.93424  0.90705
 5.00524  0.94003
 5.07624  0.97435
 5.14723  1.00068
 5.21823  1.01742
 5.28923  1.03736
 5.36022  1.04983
 5.43122  1.06202
 5.50222  1.06913
 5.57321  1.07457
 5.64421  1.07858
 5.71520  1.08237
 5.78620  1.08500
 5.85720  1.08926
 5.92819  1.09103
 5.99919  1.09076
 6.07019  1.08926
 6.14118  1.08271
 6.21218  1.07313
 6.28317  1.05769
 6.35417  1.04269
 6.42517  1.02345
 6.49616  1.00719
 6.56716  0.98869
 6.63816  0.97306
 6.70915  0.96091
 6.78015  0.95022
 6.85115  0.94734
 6.92214  0.94550
 6.99314  0.94788
 7.06413  0.94937
 7.13513  0.95712
 7.20613  0.96304
 7.27712  0.97316
 7.34812  0.98043
 7.41912  0.98741
 7.49011  0.99559
 7.56111  1.00254
 7.63210  1.01058
 7.70310  1.01483
 7.77410  1.01912
 7.84509  1.02251
 7.91609  1.02246
 7.98709  1.02412
 8.05808  1.02411
 8.12908  1.02390
 8.20008  1.02251
 8.27107  1.01797
 8.34207  1.01527
 8.41306  1.01364
 8.48406  1.01086
 8.55506  1.00855
 8.62605  1.00389
 8.69705  1.00315
 8.76805  0.99993
 8.83904  0.99801
 8.91004  0.99713
 8.98104  0.99662
 9.05203  0.99515
 9.12303  0.99443
 9.19402  0.99375
 9.26502  0.99380
 9.33602  0.99568
 9.40701  0.99434
 9.47801  0.99603
 9.54901  0.99711
 9.62000  0.99886
 9.69100  0.99956
 9.76199  1.00157
 9.83299  1.00303
 9.90399  1.00373
 9.97498  1.00552
10.04598  1.00487
10.11698  1.00507
10.18797  1.00615
10.25897  1.00751
10.32997  1.00665
10.40096  1.00694
10.47196  1.00633
10.54295  1.00605
10.61395  1.00545
10.68495  1.00531
10.75594  1.00460
10.82694  1.00409
10.89794  1.00302
10.96893  1.00234
11.03993  1.00146
11.11092  1.00083
11.18192  1.00039
11.25292  0.99997
11.32391  0.99963
11.39491  1.00073
11.46591  1.00086
11.53690  1.00117
11.60790  0.99995
11.67890  1.00145
11.74989  1.00083
11.82089  1.00126
11.89188  1.00236
11.96288  1.00028
12.03388  1.00306
12.10487  1.00290
12.17587  1.00316
12.24687  1.00210
12.31786  1.00244
12.38886  1.00250
12.45986  1.00294
12.53085  1.00218
12.60185  1.00296
12.67284  1.00328
12.74384  1.00189
12.81484  1.00386
12.88583  1.00300
12.95683  1.00263
13.02783  1.00202
13.09882  1.00251
13.16982  1.00206
13.24081  1.00131
13.31181  1.00184
13.38281  1.00116
13.45380  1.00138
13.52480  1.00189
13.59580  1.00133
13.66679  1.00092
13.73779  1.00123
13.80879  1.00129
13.87978  1.00158
13.95078  1.00235
14.02177  1.00099
14.09277  1.00110
14.16377  1.00243
14.23476  1.00173
14.30576  1.00163
14.37676  1.00121
14.44775  1.00228
14.51875  1.00181
14.58974  1.00155
14.66074  1.00141
14.73174  1.00194
14.80273  1.00236
14.87373  1.00144
14.94473  1.00222
15.01572  1.00148
15.08672  1.00029
15.15772  1.00183
15.22871  1.00161
15.29971  1.00166
15.37070  1.00162
15.44170  1.00190
15.51270  1.00270
15.58369  1.00127
15.65469  1.00150
15.72569  1.00237
15.79668  1.00110
15.86768  1.00115
15.93867  1.00085
16.00967  1.00197
16.08067  1.00133
16.15166  1.00150
16.22266  1.00101
16.29366  1.00162
16.36465  1.00127
16.43565  1.00085
16.50665  1.00196
16.57764  1.00046
16.64864  1.00123
16.71963  1.00252
16.79063  1.00154
16.86163  1.00064
16.93262  1.00298
17.00362  1.00176
17.07462  1.00129
17.14561  1.00179
17.21661  1.00191
17.28761  1.00082
17.35860  1.00176
17.42960  1.00099
17.50059  1.00087
17.57159  1.00195
17.64259  1.00075
17.71358  1.00163
17.78458  1.00165
17.85558  1.00134
17.92657  1.00169
17.99757  1.00022
18.06856  1.00118
18.13956  1.00078
18.21056  1.00183
18.28155  1.00094
18.35255  1.00146
18.42355  1.00130
18.49454  1.00139
18.56554  1.00177
18.63654  1.00134
18.70753  1.00079
18.77853  1.00163
18.84952  1.00131
18.92052  1.00109
18.99152  1.00104
19.06251  1.00123
19.13351  1.00199
19.20451  1.00056
19.27550  1.00146
19.34650  1.00139
19.41749  1.00109
19.48849  1.00067
19.55949  1.00066
19.63048  1.00096
19.70148  1.00123
19.77248  1.00198
19.84347  1.00162
19.91447  1.00148
19.98547  1.00124
20.05646  1.00153
20.12746  1.00094
20.19845  1.00094
20.26945  1.00155
20.34045  1.00137
20.41144  1.00156
20.48244  1.00128
20.55344  1.00099
20.62443  1.00111
20.69543  1.00183
20.76643  1.00084
20.83742  1.00154
20.90842  1.00107
20.97941  1.00168
21.05041  1.00073
21.12141  1.00114
21.19240  1.00066
21.26340  1.00015
