 0.03550  0.00000
 0.10649  0.00000
 0.17749  0.00000
 0.24849  0.00000
 0.31948  0.00000
 0.39048  0.00000
 0.46148  0.00000
 0.53247  0.00000
 0.60347  0.00000
 0.67447  0.00000
 0.74546  0.00000
 0.81646  0.00000
 0.88745  0.00000
 0.95845  0.00000
 1.02945  0.00000
 1.10044  0.00000
 1.17144  0.00000
 1.24244  0.00000
 1.31343  0.00000
 1.38443  0.00000
 1.45542  0.00000
 1.52642  0.00000
 1.59742  0.00000
 1.66841  0.00000
 1.73941  0.00000
 1.81041  0.00000
 1.88140  0.00000
 1.95240  0.00000
 2.02340  0.00000
 2.09439  0.00000
 2.16539  0.00000
 2.23638  0.00000
 2.30738  0.00000
 2.37838  0.00000
 2.44937  0.00001
 2.52037  0.00429
 2.59137  0.15660
 2.66236  1.07782
 2.73336  2.55766
 2.80435  3.11383
 2.87535  2.64583
 2.94635  1.93776
 3.01734  1.38890
 3.08834  1.03789
 3.15934  0.82973
 3.23033  0.69807
 3.30133  0.62838
 3.37233  0.58616
 3.44332  0.56152
 3.51432  0.55526
 3.58531  0.56758
 3.65631  0.58432
 3.72731  0.60787
 3.79830  0.63797
 3.86930  0.67253
 3.94030  0.71587
 4.01129  0.75470
 4.08229  0.79690
 4.15329  0.84377
 4.22428  0.89422
 4.29528  0.93869
 4.36627  0.99562
 4.43727  1.05575
 4.50827  1.11583
 4.57926  1.17217
 4.65026  1.21314
 4.72126  1.23787
 4.79225  1.25266
 4.86325  1.25761
 4.93424  1.25063
 5.00524  1.24424
 5.07624  1.22128
 5.14723  1.19760
 5.21823  1.17558
 5.28923  1.14747
 5.36022  1.11504
 5.43122  1.08178
 5.50222  1.04879
 5.57321  1.01564
 5.64421  0.98163
 5.71520  0.95788
 5.78620  0.93136
 5.85720  0.91393
 5.92819  0.90354
 5.99919  0.89374
 6.07019  0.89052
 6.14118  0.89042
 6.21218  0.89229
 6.28317  0.89917
 6.35417  0.90541
 6.42517  0.90980
 6.49616  0.91888
 6.56716  0.93197
 6.63816  0.94099
 6.70915  0.95089
 6.78015  0.96119
 6.85115  0.97204
 6.92214  0.98279
 6.99314  0.99207
 7.06413  1.00454
 7.13513  1.00893
 7.20613  1.01569
 7.27712  1.02351
 7.34812  1.02662
 7.41912  1.03134
 7.49011  1.03066
 7.56111  1.03058
 7.63210  1.02951
 7.70310  1.02246
 7.77410  1.02268
 7.84509  1.01914
 7.91609  1.01422
 7.98709  1.01117
 8.05808  1.00405
 8.12908  1.00332
 8.20008  1.00139
 8.27107  0.99853
 8.34207  0.99688
 8.41306  0.99543
 8.48406  0.99363
 8.55506  0.99489
 8.62605  0.99306
 8.69705  0.99275
 8.76805  0.99196
 8.83904  0.99304
 8.91004  0.99270
 8.98104  0.99505
 9.05203  0.99344
 9.12303  0.99362
 9.19402  0.99384
 9.26502  0.99477
 9.33602  0.99493
 9.40701  0.99743
 9.47801  0.99551
 9.54901  0.99507
 9.62000  0.99527
 9.69100  0.99557
 9.76199  0.99675
 9.83299  0.99639
 9.90399  0.99781
 9.97498  0.99681
10.04598  0.99718
10.11698  0.99679
10.18797  0.99775
10.25897  0.99880
10.32997  0.99919
10.40096  0.99867
10.47196  0.99985
10.54295  0.99749
10.61395  0.99924
10.68495  0.99972
10.75594  1.00090
10.82694  1.00116
10.89794  1.00175
10.96893  1.00271
11.03993  1.00235
11.11092  1.00134
11.18192  1.00149
11.25292  1.00320
11.32391  1.00290
11.39491  1.00245
11.46591  1.00318
11.53690  1.00002
11.60790  1.00134
11.67890  1.00262
11.74989  1.00135
11.82089  1.00036
11.89188  1.00014
11.96288  1.00071
12.03388  0.99972
12.10487  1.00014
12.17587  0.99983
12.24687  0.99845
12.31786  0.99967
12.38886  0.99924
12.45986  0.99907
12.53085  0.99891
12.60185  0.99870
12.67284  0.99964
12.74384  1.00008
12.81484  0.99921
12.88583  0.99908
12.95683  0.99947
13.02783  0.99941
13.09882  1.00051
13.16982  0.99994
13.24081  1.00080
13.31181  0.99938
13.38281  1.00063
13.45380  1.00086
13.52480  1.00054
13.59580  1.00131
13.66679  1.00102
13.73779  1.00177
13.80879  1.00083
13.87978  1.00070
13.95078  1.00069
14.02177  1.00047
14.09277  1.00116
14.16377  1.00096
14.23476  1.00206
14.30576  1.00138
14.37676  1.00084
14.44775  1.00073
14.51875  1.00108
14.58974  1.00069
14.66074  1.00170
14.73174  0.99933
14.80273  0.99996
14.87373  1.00005
14.94473  0.99987
15.01572  1.00044
15.08672  1.00065
15.15772  1.00022
15.22871  1.00084
15.29971  1.00097
15.37070  1.00088
15.44170  1.00044
15.51270  1.00112
15.58369  1.00148
15.65469  1.00019
15.72569  1.00028
15.79668  1.00123
15.86768  1.00056
15.93867  1.00069
16.00967  1.00086
16.08067  1.00055
16.15166  1.00161
16.22266  1.00077
16.29366  1.00081
16.36465  1.00086
16.43565  1.00065
16.50665  1.00056
16.57764  1.00104
16.64864  1.00081
16.71963  1.00134
16.79063  0.99974
16.86163  1.00064
16.93262  1.00085
17.00362  1.00100
17.07462  1.00107
17.14561  1.00078
17.21661  1.00180
17.28761  1.00111
17.35860  1.00043
17.42960  1.00105
17.50059  1.00136
17.57159  1.00076
17.64259  1.00118
17.71358  1.00030
17.78458  1.00105
17.85558  1.00095
17.92657  1.00107
17.99757  1.00193
18.06856  1.00086
18.13956  1.00073
18.21056  1.00186
18.28155  1.00057
18.35255  1.00122
18.42355  1.00146
18.49454  1.00134
18.56554  1.00014
18.63654  1.00060
18.70753  1.00044
18.77853  1.00030
18.84952  1.00058
18.92052  1.00082
18.99152  1.00090
19.06251  1.00071
19.13351  1.00173
19.20451  1.00146
19.27550  1.00080
19.34650  1.00060
19.41749  1.00065
19.48849  1.00099
19.55949  1.00132
19.63048  1.00091
19.70148  1.00076
19.77248  1.00220
19.84347  1.00080
19.91447  1.00085
19.98547  1.00096
20.05646  1.00091
20.12746  1.00070
20.19845  1.00060
20.26945  1.00139
20.34045  1.00116
20.41144  1.00117
20.48244  1.00071
20.55344  1.00065
20.62443  1.00049
20.69543  1.00134
20.76643  1.00092
20.83742  1.00064
20.90842  1.00117
20.97941  1.00086
21.05041  1.00049
21.12141  1.00200
21.19240  1.00133
21.26340  1.00055
