 0.03550      inf      nan
 0.10649      inf      nan
 0.17749      inf      nan
 0.24849      inf      nan
 0.31948      inf      nan
 0.39048      inf      nan
 0.46148      inf      nan
 0.53247      inf      nan
 0.60347      inf      nan
 0.67447      inf      nan
 0.74546      inf      nan
 0.81646      inf      nan
 0.88745      inf      nan
 0.95845      inf      nan
 1.02945      inf      nan
 1.10044      inf      nan
 1.17144      inf      nan
 1.24244      inf      nan
 1.31343      inf      nan
 1.38443      inf      nan
 1.45542      inf      nan
 1.52642      inf      nan
 1.59742      inf      nan
 1.66841      inf      nan
 1.73941      inf      nan
 1.81041      inf      nan
 1.88140      inf      nan
 1.95240      inf      nan
 2.02340      inf      nan
 2.09439      inf      nan
 2.16539      inf      nan
 2.23638      inf      nan
 2.30738      inf      nan
 2.37838      inf      nan
 2.44937      inf      nan
 2.52037      inf      nan
 2.59137      inf      nan
 2.66236      inf      nan
 2.73336      inf      nan
 2.80435      inf      nan
 2.87535      inf      nan
 2.94635  4.20342  0.58660
 3.01734  4.23161  0.56180
 3.08834  3.84881  0.41036
 3.15934  2.11723  0.09272
 3.23033  1.02045  0.03124
 3.30133  0.19770  0.01696
 3.37233 -0.30815  0.01234
 3.44332 -0.61771  0.01039
 3.51432 -0.74864  0.00912
 3.58531 -0.78701  0.00870
 3.65631 -0.78294  0.00903
 3.72731 -0.78886  0.00940
 3.79830 -0.75980  0.00887
 3.86930 -0.74973  0.00927
 3.94030 -0.73249  0.00912
 4.01129 -0.67870  0.00795
 4.08229 -0.58316  0.00899
 4.15329 -0.43368  0.00986
 4.22428 -0.24676  0.01124
 4.29528 -0.06937  0.01225
 4.36627  0.06146  0.01267
 4.43727  0.12166  0.01184
 4.50827  0.18520  0.01234
 4.57926  0.16454  0.01300
 4.65026  0.18382  0.01234
 4.72126  0.12984  0.01102
 4.79225  0.06663  0.01042
 4.86325  0.04507  0.00974
 4.93424  0.01539  0.01075
 5.00524 -0.04466  0.00930
 5.07624 -0.08194  0.01075
 5.14723 -0.12266  0.00873
 5.21823 -0.16402  0.00888
 5.28923 -0.18662  0.00855
 5.36022 -0.22841  0.00792
 5.43122 -0.24342  0.00692
 5.50222 -0.26907  0.00773
 5.57321 -0.29334  0.00836
 5.64421 -0.30937  0.00775
 5.71520 -0.31998  0.00712
 5.78620 -0.33037  0.00669
 5.85720 -0.33082  0.00641
 5.92819 -0.33197  0.00719
 5.99919 -0.33737  0.00645
 6.07019 -0.32431  0.00721
 6.14118 -0.31913  0.00634
 6.21218 -0.29011  0.00697
 6.28317 -0.28308  0.00647
 6.35417 -0.27044  0.00673
 6.42517 -0.25987  0.00637
 6.49616 -0.20461  0.00712
 6.56716 -0.17304  0.00748
 6.63816 -0.16170  0.00682
 6.70915 -0.13794  0.00729
 6.78015 -0.11281  0.00738
 6.85115 -0.10238  0.00686
 6.92214 -0.09230  0.00769
 6.99314 -0.06968  0.00678
 7.06413 -0.06033  0.00667
 7.13513 -0.06349  0.00743
 7.20613 -0.05735  0.00674
 7.27712 -0.06197  0.00710
 7.34812 -0.05278  0.00597
 7.41912 -0.07081  0.00620
 7.49011 -0.06382  0.00637
 7.56111 -0.07710  0.00634
 7.63210 -0.09114  0.00611
 7.70310 -0.08571  0.00604
 7.77410 -0.10291  0.00659
 7.84509 -0.10434  0.00610
 7.91609 -0.10534  0.00642
 7.98709 -0.09922  0.00630
 8.05808 -0.10197  0.00638
 8.12908 -0.11221  0.00597
 8.20008 -0.10720  0.00566
 8.27107 -0.10035  0.00632
 8.34207 -0.10480  0.00589
 8.41306 -0.09205  0.00588
 8.48406 -0.09769  0.00551
 8.55506 -0.09566  0.00549
 8.62605 -0.07738  0.00639
 8.69705 -0.07330  0.00568
 8.76805 -0.07120  0.00543
 8.83904 -0.07995  0.00472
 8.91004 -0.06193  0.00595
 8.98104 -0.05918  0.00545
 9.05203 -0.04962  0.00542
 9.12303 -0.04624  0.00585
 9.19402 -0.04478  0.00468
 9.26502 -0.03776  0.00595
 9.33602 -0.02993  0.00509
 9.40701 -0.03962  0.00525
 9.47801 -0.03655  0.00565
 9.54901 -0.04580  0.00575
 9.62000 -0.03716  0.00520
 9.69100 -0.03125  0.00485
 9.76199 -0.04301  0.00505
 9.83299 -0.04134  0.00501
 9.90399 -0.03917  0.00487
 9.97498 -0.03755  0.00535
10.04598 -0.03182  0.00486
10.11698 -0.03461  0.00436
10.18797 -0.04102  0.00473
10.25897 -0.03958  0.00477
10.32997 -0.03341  0.00499
10.40096 -0.03727  0.00525
10.47196 -0.02914  0.00452
10.54295 -0.03955  0.00487
10.61395 -0.04115  0.00513
10.68495 -0.03168  0.00471
10.75594 -0.04008  0.00461
10.82694 -0.02886  0.00464
10.89794 -0.04033  0.00486
10.96893 -0.02675  0.00480
11.03993 -0.03411  0.00462
11.11092 -0.02087  0.00449
11.18192 -0.01357  0.00481
11.25292 -0.02144  0.00468
11.32391 -0.01390  0.00447
11.39491 -0.02769  0.00426
11.46591 -0.02067  0.00450
11.53690 -0.01124  0.00465
11.60790 -0.01267  0.00456
11.67890 -0.01890  0.00454
11.74989 -0.01849  0.00425
11.82089 -0.01261  0.00447
11.89188 -0.00679  0.00431
11.96288 -0.00626  0.00434
12.03388 -0.02055  0.00406
12.10487 -0.00939  0.00469
12.17587 -0.01165  0.00456
12.24687 -0.01096  0.00416
12.31786 -0.01139  0.00427
12.38886 -0.01148  0.00434
12.45986 -0.00731  0.00413
12.53085 -0.00779  0.00377
12.60185 -0.01140  0.00452
12.67284 -0.02094  0.00410
12.74384 -0.01385  0.00418
12.81484 -0.01085  0.00396
12.88583 -0.00986  0.00402
12.95683 -0.01423  0.00378
13.02783 -0.01201  0.00390
13.09882 -0.01945  0.00340
13.16982 -0.00371  0.00401
13.24081 -0.01197  0.00400
13.31181 -0.00327  0.00370
13.38281 -0.00760  0.00360
13.45380 -0.00518  0.00432
13.52480 -0.00798  0.00394
13.59580 -0.00199  0.00372
13.66679  0.00103  0.00310
13.73779 -0.00033  0.00373
13.80879 -0.00329  0.00354
13.87978 -0.00172  0.00364
13.95078 -0.00458  0.00370
14.02177 -0.00234  0.00368
14.09277 -0.00004  0.00341
14.16377 -0.00027  0.00355
14.23476  0.00115  0.00337
14.30576 -0.00154  0.00306
14.37676  0.00027  0.00359
14.44775  0.00559  0.00365
14.51875 -0.00526  0.00329
14.58974 -0.00022  0.00349
14.66074  0.00035  0.00349
14.73174  0.00316  0.00305
14.80273  0.00718  0.00333
14.87373  0.00020  0.00319
14.94473  0.00310  0.00354
15.01572  0.00339  0.00301
15.08672 -0.00064  0.00313
15.15772 -0.00196  0.00305
15.22871 -0.00398  0.00349
15.29971  0.00715  0.00344
15.37070  0.00301  0.00323
15.44170 -0.00158  0.00328
15.51270  0.00474  0.00318
15.58369  0.00112  0.00298
15.65469  0.00568  0.00324
15.72569  0.00134  0.00348
15.79668  0.00427  0.00322
15.86768  0.00369  0.00282
15.93867  0.00343  0.00312
16.00967  0.00336  0.00310
16.08067  0.00476  0.00336
16.15166  0.00301  0.00301
16.22266  0.00426  0.00319
16.29366  0.00610  0.00292
16.36465  0.00470  0.00311
16.43565  0.00602  0.00304
16.50665  0.00576  0.00294
16.57764  0.00419  0.00281
16.64864  0.00857  0.00304
16.71963  0.00682  0.00316
16.79063  0.00691  0.00321
16.86163  0.00536  0.00285
16.93262  0.00262  0.00334
17.00362  0.00386  0.00285
17.07462  0.00786  0.00290
17.14561  0.00588  0.00254
17.21661  0.00949  0.00308
17.28761  0.00538  0.00287
17.35860  0.00911  0.00306
17.42960  0.00617  0.00270
17.50059  0.01095  0.00301
17.57159  0.00557  0.00289
17.64259  0.00898  0.00284
17.71358  0.01187  0.00289
17.78458  0.01341  0.00262
17.85558  0.00431  0.00265
17.92657  0.00604  0.00302
17.99757  0.01163  0.00309
18.06856  0.01016  0.00259
18.13956  0.01347  0.00301
18.21056  0.01240  0.00237
18.28155  0.01079  0.00279
18.35255  0.00621  0.00279
18.42355  0.00779  0.00267
18.49454  0.00434  0.00304
18.56554  0.01061  0.00275
18.63654  0.00822  0.00267
18.70753  0.01103  0.00217
18.77853  0.00782  0.00270
18.84952  0.00909  0.00273
18.92052  0.00985  0.00281
18.99152  0.00907  0.00260
19.06251  0.00359  0.00287
19.13351  0.00759  0.00250
19.20451  0.00664  0.00247
19.27550  0.00338  0.00253
19.34650  0.00782  0.00259
19.41749  0.00394  0.00226
19.48849  0.00437  0.00248
19.55949  0.01064  0.00266
19.63048  0.01182  0.00264
19.70148  0.01137  0.00261
19.77248  0.00414  0.00240
19.84347  0.01129  0.00267
19.91447  0.00962  0.00272
19.98547  0.00939  0.00267
20.05646  0.00662  0.00227
20.12746  0.00905  0.00245
20.19845  0.00731  0.00267
20.26945  0.00727  0.00234
20.34045  0.00664  0.00259
20.41144  0.01359  0.00251
20.48244  0.00525  0.00255
20.55344  0.01243  0.00262
20.62443  0.01299  0.00252
20.69543  0.00735  0.00244
20.76643  0.01209  0.00249
20.83742  0.00991  0.00261
20.90842  0.01289  0.00234
20.97941  0.01241  0.00262
21.05041  0.01362  0.00239
21.12141  0.00640  0.00236
21.19240  0.01139  0.00252
21.26340  0.00950  0.00247
