 0.03550      inf
 0.10649      inf
 0.17749      inf
 0.24849      inf
 0.31948      inf
 0.39048      inf
 0.46148      inf
 0.53247      inf
 0.60347      inf
 0.67447      inf
 0.74546      inf
 0.81646      inf
 0.88745      inf
 0.95845      inf
 1.02945      inf
 1.10044      inf
 1.17144      inf
 1.24244      inf
 1.31343      inf
 1.38443      inf
 1.45542      inf
 1.52642      inf
 1.59742      inf
 1.66841      inf
 1.73941      inf
 1.81041      inf
 1.88140      inf
 1.95240      inf
 2.02340      inf
 2.09439      inf
 2.16539      inf
 2.23638      inf
 2.30738      inf
 2.37838      inf
 2.44937      inf
 2.52037      inf
 2.59137      inf
 2.66236      inf
 2.73336      inf
 2.80435      inf
 2.87535      inf
 2.94635  5.63508
 3.01734  3.97224
 3.08834  2.68927
 3.15934  1.71494
 3.23033  0.97397
 3.30133  0.45186
 3.37233  0.10104
 3.44332 -0.12041
 3.51432 -0.25642
 3.58531 -0.33281
 3.65631 -0.37176
 3.72731 -0.38263
 3.79830 -0.36743
 3.86930 -0.33513
 3.94030 -0.27999
 4.01129 -0.20028
 4.08229 -0.09414
 4.15329  0.02573
 4.22428  0.13645
 4.29528  0.21474
 4.36627  0.25407
 4.43727  0.25957
 4.50827  0.24861
 4.57926  0.22438
 4.65026  0.19052
 4.72126  0.15444
 4.79225  0.11881
 4.86325  0.08734
 4.93424  0.05775
 5.00524  0.03661
 5.07624  0.01538
 5.14723 -0.00040
 5.21823 -0.01022
 5.28923 -0.02171
 5.36022 -0.02879
 5.43122 -0.03562
 5.50222 -0.03957
 5.57321 -0.04258
 5.64421 -0.04478
 5.71520 -0.04686
 5.78620 -0.04830
 5.85720 -0.05061
 5.92819 -0.05158
 5.99919 -0.05143
 6.07019 -0.05061
 6.14118 -0.04704
 6.21218 -0.04178
 6.28317 -0.03320
 6.35417 -0.02475
 6.42517 -0.01372
 6.49616 -0.00424
 6.56716  0.00673
 6.63816  0.01617
 6.70915  0.02360
 6.78015  0.03023
 6.85115  0.03203
 6.92214  0.03317
 6.99314  0.03169
 7.06413  0.03076
 7.13513  0.02595
 7.20613  0.02229
 7.27712  0.01611
 7.34812  0.01170
 7.41912  0.00750
 7.49011  0.00262
 7.56111 -0.00150
 7.63210 -0.00623
 7.70310 -0.00871
 7.77410 -0.01121
 7.84509 -0.01318
 7.91609 -0.01315
 7.98709 -0.01411
 8.05808 -0.01411
 8.12908 -0.01398
 8.20008 -0.01318
 8.27107 -0.01055
 8.34207 -0.00897
 8.41306 -0.00802
 8.48406 -0.00639
 8.55506 -0.00504
 8.62605 -0.00230
 8.69705 -0.00186
 8.76805  0.00004
 8.83904  0.00118
 8.91004  0.00170
 8.98104  0.00201
 9.05203  0.00288
 9.12303  0.00330
 9.19402  0.00371
 9.26502  0.00368
 9.33602  0.00257
 9.40701  0.00336
 9.47801  0.00236
 9.54901  0.00171
 9.62000  0.00067
 9.69100  0.00026
 9.76199 -0.00093
 9.83299 -0.00179
 9.90399 -0.00220
 9.97498 -0.00326
10.04598 -0.00287
10.11698 -0.00299
10.18797 -0.00363
10.25897 -0.00443
10.32997 -0.00392
10.40096 -0.00409
10.47196 -0.00374
10.54295 -0.00357
10.61395 -0.00322
10.68495 -0.00314
10.75594 -0.00272
10.82694 -0.00241
10.89794 -0.00179
10.96893 -0.00138
11.03993 -0.00087
11.11092 -0.00049
11.18192 -0.00023
11.25292  0.00002
11.32391  0.00022
11.39491 -0.00043
11.46591 -0.00051
11.53690 -0.00069
11.60790  0.00003
11.67890 -0.00086
11.74989 -0.00049
11.82089 -0.00074
11.89188 -0.00140
11.96288 -0.00017
12.03388 -0.00181
12.10487 -0.00171
12.17587 -0.00186
12.24687 -0.00124
12.31786 -0.00144
12.38886 -0.00148
12.45986 -0.00174
12.53085 -0.00129
12.60185 -0.00175
12.67284 -0.00194
12.74384 -0.00112
12.81484 -0.00228
12.88583 -0.00178
12.95683 -0.00155
13.02783 -0.00119
13.09882 -0.00148
13.16982 -0.00122
13.24081 -0.00077
13.31181 -0.00109
13.38281 -0.00069
13.45380 -0.00082
13.52480 -0.00112
13.59580 -0.00079
13.66679 -0.00054
13.73779 -0.00073
13.80879 -0.00077
13.87978 -0.00093
13.95078 -0.00139
14.02177 -0.00059
14.09277 -0.00065
14.16377 -0.00144
14.23476 -0.00102
14.30576 -0.00097
14.37676 -0.00071
14.44775 -0.00135
14.51875 -0.00107
14.58974 -0.00092
14.66074 -0.00083
14.73174 -0.00115
14.80273 -0.00140
14.87373 -0.00085
14.94473 -0.00131
15.01572 -0.00087
15.08672 -0.00017
15.15772 -0.00108
15.22871 -0.00095
15.29971 -0.00098
15.37070 -0.00096
15.44170 -0.00112
15.51270 -0.00160
15.58369 -0.00075
15.65469 -0.00088
15.72569 -0.00140
15.79668 -0.00065
15.86768 -0.00068
15.93867 -0.00051
16.00967 -0.00117
16.08067 -0.00079
16.15166 -0.00089
16.22266 -0.00060
16.29366 -0.00096
16.36465 -0.00075
16.43565 -0.00050
16.50665 -0.00116
16.57764 -0.00027
16.64864 -0.00073
16.71963 -0.00149
16.79063 -0.00091
16.86163 -0.00038
16.93262 -0.00176
17.00362 -0.00104
17.07462 -0.00076
17.14561 -0.00106
17.21661 -0.00113
17.28761 -0.00049
17.35860 -0.00104
17.42960 -0.00059
17.50059 -0.00052
17.57159 -0.00115
17.64259 -0.00044
17.71358 -0.00097
17.78458 -0.00098
17.85558 -0.00079
17.92657 -0.00100
17.99757 -0.00013
18.06856 -0.00070
18.13956 -0.00046
18.21056 -0.00108
18.28155 -0.00056
18.35255 -0.00086
18.42355 -0.00077
18.49454 -0.00082
18.56554 -0.00105
18.63654 -0.00079
18.70753 -0.00047
18.77853 -0.00096
18.84952 -0.00077
18.92052 -0.00064
18.99152 -0.00061
19.06251 -0.00073
19.13351 -0.00118
19.20451 -0.00033
19.27550 -0.00086
19.34650 -0.00082
19.41749 -0.00065
19.48849 -0.00040
19.55949 -0.00039
19.63048 -0.00057
19.70148 -0.00073
19.77248 -0.00117
19.84347 -0.00096
19.91447 -0.00088
19.98547 -0.00073
20.05646 -0.00091
20.12746 -0.00056
20.19845 -0.00056
20.26945 -0.00092
20.34045 -0.00081
20.41144 -0.00092
20.48244 -0.00076
20.55344 -0.00059
20.62443 -0.00066
20.69543 -0.00108
20.76643 -0.00050
20.83742 -0.00091
20.90842 -0.00063
20.97941 -0.00099
21.05041 -0.00043
21.12141 -0.00067
21.19240 -0.00039
21.26340 -0.00009
