 0.03550      inf
 0.10649      inf
 0.17749      inf
 0.24849      inf
 0.31948      inf
 0.39048      inf
 0.46148      inf
 0.53247      inf
 0.60347      inf
 0.67447      inf
 0.74546      inf
 0.81646      inf
 0.88745      inf
 0.95845      inf
 1.02945      inf
 1.10044      inf
 1.17144      inf
 1.24244      inf
 1.31343      inf
 1.38443      inf
 1.45542      inf
 1.52642      inf
 1.59742      inf
 1.66841      inf
 1.73941      inf
 1.81041      inf
 1.88140      inf
 1.95240      inf
 2.02340      inf
 2.09439      inf
 2.16539      inf
 2.23638      inf
 2.30738      inf
 2.37838      inf
 2.44937  6.77950
 2.52037  3.22771
 2.59137  1.09760
 2.66236 -0.04436
 2.73336 -0.55594
 2.80435 -0.67243
 2.87535 -0.57601
 2.94635 -0.39163
 3.01734 -0.19448
 3.08834 -0.02201
 3.15934  0.11050
 3.23033  0.21279
 3.30133  0.27505
 3.37233  0.31622
 3.44332  0.34164
 3.51432  0.34829
 3.58531  0.33530
 3.65631  0.31809
 3.72731  0.29469
 3.79830  0.26609
 3.86930  0.23485
 3.94030  0.19788
 4.01129  0.16661
 4.08229  0.13440
 4.15329  0.10057
 4.22428  0.06619
 4.29528  0.03745
 4.36627  0.00260
 4.43727 -0.03212
 4.50827 -0.06488
 4.57926 -0.09405
 4.65026 -0.11438
 4.72126 -0.12633
 4.79225 -0.13336
 4.86325 -0.13569
 4.93424 -0.13240
 5.00524 -0.12937
 5.07624 -0.11834
 5.14723 -0.10675
 5.21823 -0.09576
 5.28923 -0.08144
 5.36022 -0.06446
 5.43122 -0.04654
 5.50222 -0.02820
 5.57321 -0.00919
 5.64421  0.01098
 5.71520  0.02548
 5.78620  0.04209
 5.85720  0.05328
 5.92819  0.06005
 5.99919  0.06650
 6.07019  0.06864
 6.14118  0.06871
 6.21218  0.06747
 6.28317  0.06292
 6.35417  0.05882
 6.42517  0.05596
 6.49616  0.05008
 6.56716  0.04171
 6.63816  0.03600
 6.70915  0.02981
 6.78015  0.02344
 6.85115  0.01679
 6.92214  0.01028
 6.99314  0.00471
 7.06413 -0.00268
 7.13513 -0.00526
 7.20613 -0.00922
 7.27712 -0.01376
 7.34812 -0.01555
 7.41912 -0.01827
 7.49011 -0.01788
 7.56111 -0.01783
 7.63210 -0.01722
 7.70310 -0.01315
 7.77410 -0.01327
 7.84509 -0.01123
 7.91609 -0.00836
 7.98709 -0.00657
 8.05808 -0.00239
 8.12908 -0.00196
 8.20008 -0.00082
 8.27107  0.00087
 8.34207  0.00185
 8.41306  0.00271
 8.48406  0.00379
 8.55506  0.00304
 8.62605  0.00413
 8.69705  0.00431
 8.76805  0.00478
 8.83904  0.00414
 8.91004  0.00434
 8.98104  0.00294
 9.05203  0.00389
 9.12303  0.00379
 9.19402  0.00366
 9.26502  0.00310
 9.33602  0.00301
 9.40701  0.00152
 9.47801  0.00266
 9.54901  0.00293
 9.62000  0.00281
 9.69100  0.00263
 9.76199  0.00193
 9.83299  0.00214
 9.90399  0.00130
 9.97498  0.00189
10.04598  0.00167
10.11698  0.00191
10.18797  0.00133
10.25897  0.00071
10.32997  0.00048
10.40096  0.00079
10.47196  0.00009
10.54295  0.00149
10.61395  0.00045
10.68495  0.00016
10.75594 -0.00053
10.82694 -0.00068
10.89794 -0.00104
10.96893 -0.00160
11.03993 -0.00139
11.11092 -0.00079
11.18192 -0.00088
11.25292 -0.00189
11.32391 -0.00172
11.39491 -0.00145
11.46591 -0.00188
11.53690 -0.00001
11.60790 -0.00079
11.67890 -0.00155
11.74989 -0.00080
11.82089 -0.00021
11.89188 -0.00009
11.96288 -0.00042
12.03388  0.00017
12.10487 -0.00008
12.17587  0.00010
12.24687  0.00092
12.31786  0.00020
12.38886  0.00045
12.45986  0.00055
12.53085  0.00064
12.60185  0.00077
12.67284  0.00022
12.74384 -0.00005
12.81484  0.00047
12.88583  0.00054
12.95683  0.00032
13.02783  0.00035
13.09882 -0.00030
13.16982  0.00004
13.24081 -0.00047
13.31181  0.00037
13.38281 -0.00037
13.45380 -0.00051
13.52480 -0.00032
13.59580 -0.00077
13.66679 -0.00060
13.73779 -0.00105
13.80879 -0.00049
13.87978 -0.00041
13.95078 -0.00041
14.02177 -0.00028
14.09277 -0.00069
14.16377 -0.00057
14.23476 -0.00122
14.30576 -0.00082
14.37676 -0.00050
14.44775 -0.00043
14.51875 -0.00064
14.58974 -0.00041
14.66074 -0.00100
14.73174  0.00039
14.80273  0.00002
14.87373 -0.00003
14.94473  0.00008
15.01572 -0.00026
15.08672 -0.00038
15.15772 -0.00013
15.22871 -0.00050
15.29971 -0.00057
15.37070 -0.00052
15.44170 -0.00026
15.51270 -0.00066
15.58369 -0.00088
15.65469 -0.00011
15.72569 -0.00017
15.79668 -0.00073
15.86768 -0.00033
15.93867 -0.00041
16.00967 -0.00051
16.08067 -0.00033
16.15166 -0.00095
16.22266 -0.00046
16.29366 -0.00048
16.36465 -0.00051
16.43565 -0.00038
16.50665 -0.00033
16.57764 -0.00062
16.64864 -0.00048
16.71963 -0.00079
16.79063  0.00015
16.86163 -0.00038
16.93262 -0.00050
17.00362 -0.00059
17.07462 -0.00063
17.14561 -0.00046
17.21661 -0.00106
17.28761 -0.00066
17.35860 -0.00025
17.42960 -0.00062
17.50059 -0.00081
17.57159 -0.00045
17.64259 -0.00070
17.71358 -0.00018
17.78458 -0.00062
17.85558 -0.00056
17.92657 -0.00063
17.99757 -0.00114
18.06856 -0.00051
18.13956 -0.00043
18.21056 -0.00110
18.28155 -0.00034
18.35255 -0.00072
18.42355 -0.00087
18.49454 -0.00079
18.56554 -0.00008
18.63654 -0.00036
18.70753 -0.00026
18.77853 -0.00018
18.84952 -0.00034
18.92052 -0.00048
18.99152 -0.00053
19.06251 -0.00042
19.13351 -0.00102
19.20451 -0.00086
19.27550 -0.00047
19.34650 -0.00035
19.41749 -0.00039
19.48849 -0.00058
19.55949 -0.00078
19.63048 -0.00054
19.70148 -0.00045
19.77248 -0.00130
19.84347 -0.00047
19.91447 -0.00051
19.98547 -0.00057
20.05646 -0.00054
20.12746 -0.00042
20.19845 -0.00036
20.26945 -0.00082
20.34045 -0.00069
20.41144 -0.00069
20.48244 -0.00042
20.55344 -0.00038
20.62443 -0.00029
20.69543 -0.00079
20.76643 -0.00054
20.83742 -0.00038
20.90842 -0.00069
20.97941 -0.00051
21.05041 -0.00029
21.12141 -0.00118
21.19240 -0.00078
21.26340 -0.00032
