Adding dependency `anaconda/2020.11:python3` to your environment
Adding package `my_py_env/20221129` to your environment
  0.0254   0.0000
  0.1292   0.0005
  0.2971   0.0267
  0.5000   0.1437
  0.7029   1.1775
  0.8708   1.9227
  0.9746   4.1544
  1.0254   4.9929
  1.1292   6.9043
  1.2971  10.3117
  1.5000  16.1221
  1.7029  29.8698
  1.8708  39.9591
  1.9746  44.2287
  2.0254  50.6289
  2.1292  50.1641
  2.2971  64.5430
  2.5000  59.9625
  2.7029  67.3363
  2.8708  75.5405
  2.9746  74.3231
  3.0254  74.6948
  3.1292  86.6277
  3.2971  83.8262
  3.5000  87.6218
  3.7029  91.3780
  3.8708 102.3070
  3.9746 104.4111
  4.0254 101.1693
  4.1292 113.6428
  4.2971 113.8870
  4.5000 121.4079
  4.7029 127.7545
  4.8708 131.1166
  4.9746 136.2206
