 0.03547  0.00000      nan
 0.10642  0.00000      nan
 0.17736  0.00000      nan
 0.24831  0.00000      nan
 0.31926  0.00000      nan
 0.39020  0.00000      nan
 0.46115  0.00000      nan
 0.53209  0.00000      nan
 0.60304  0.00000      nan
 0.67398  0.00000      nan
 0.74493  0.00000      nan
 0.81588  0.00000      nan
 0.88682  0.00000      nan
 0.95777  0.00000      nan
 1.02871  0.00000      nan
 1.09966  0.00000      nan
 1.17060  0.00000      nan
 1.24155  0.00000      nan
 1.31250  0.00000      nan
 1.38344  0.00000      nan
 1.45439  0.00000      nan
 1.52533  0.00000      nan
 1.59628  0.00000      nan
 1.66722  0.00000      nan
 1.73817  0.00000      nan
 1.80912  0.00000      nan
 1.88006  0.00000      nan
 1.95101  0.00000      nan
 2.02195  0.00000      nan
 2.09290  0.00000      nan
 2.16384  0.00000      nan
 2.23479  0.00000      nan
 2.30574  0.00000      nan
 2.37668  0.00000      nan
 2.44763  0.00000      nan
 2.51857  0.00000      nan
 2.58952  0.00000      nan
 2.66046  0.00000      nan
 2.73141  0.00000      nan
 2.80236  0.00000      nan
 2.87330  0.00000      nan
 2.94425  0.00000      nan
 3.01519  0.00000      nan
 3.08614  0.00000      nan
 3.15708  0.00000      nan
 3.22803  0.00618  0.00209
 3.29898  0.02825  0.00430
 3.36992  0.11962  0.00934
 3.44087  0.34120  0.01453
 3.51181  0.74207  0.02189
 3.58276  1.19312  0.02815
 3.65370  1.77013  0.03651
 3.72465  2.37901  0.03933
 3.79560  3.01302  0.04871
 3.86654  3.52090  0.04859
 3.93749  3.95503  0.05405
 4.00843  4.04856  0.05536
 4.07938  3.73968  0.04825
 4.15032  2.99029  0.04052
 4.22127  2.15513  0.03733
 4.29222  1.57180  0.02768
 4.36316  1.29913  0.02238
 4.43411  1.19716  0.02138
 4.50505  1.11255  0.02082
 4.57600  1.14593  0.02111
 4.64694  1.15259  0.01993
 4.71789  1.20588  0.02038
 4.78884  1.28921  0.02067
 4.85978  1.30785  0.02055
 4.93073  1.37871  0.02103
 5.00167  1.44877  0.02160
 5.07262  1.48411  0.02175
 5.14356  1.54939  0.02175
 5.21451  1.61507  0.02308
 5.28546  1.67361  0.02450
 5.35640  1.75717  0.02323
 5.42735  1.73410  0.02040
 5.49829  1.71235  0.02264
 5.56924  1.73746  0.02227
 5.64019  1.75651  0.02256
 5.71113  1.78176  0.02290
 5.78208  1.75605  0.02238
 5.85302  1.79264  0.02148
 5.92397  1.77828  0.02123
 5.99491  1.73266  0.01920
 6.06586  1.78078  0.02058
 6.13681  1.73225  0.02024
 6.20775  1.67785  0.01657
 6.27870  1.66917  0.02004
 6.34964  1.62374  0.01555
 6.42059  1.55146  0.01765
 6.49153  1.51316  0.01704
 6.56248  1.45870  0.01610
 6.63343  1.38282  0.01560
 6.70437  1.30328  0.01461
 6.77532  1.26445  0.01472
 6.84626  1.21626  0.01376
 6.91721  1.15737  0.01290
 6.98815  1.15068  0.01223
 7.05910  1.13283  0.01376
 7.13005  1.11391  0.01301
 7.20099  1.10255  0.01308
 7.27194  1.09683  0.01156
 7.34288  1.12666  0.01163
 7.41383  1.09206  0.01241
 7.48477  1.11026  0.01217
 7.55572  1.10366  0.01315
 7.62667  1.14112  0.01238
 7.69761  1.15723  0.01293
 7.76856  1.13251  0.01033
 7.83950  1.16784  0.01195
 7.91045  1.16447  0.01181
 7.98139  1.16900  0.01207
 8.05234  1.18753  0.01163
 8.12329  1.19201  0.01225
 8.19423  1.19808  0.01170
 8.26518  1.19780  0.01142
 8.33612  1.22288  0.01243
 8.40707  1.18877  0.01048
 8.47801  1.19343  0.01084
 8.54896  1.17341  0.01154
 8.61991  1.16822  0.01108
 8.69085  1.14639  0.01029
 8.76180  1.14830  0.01082
 8.83274  1.14541  0.01031
 8.90369  1.14653  0.01087
 8.97463  1.13336  0.01036
 9.04558  1.11364  0.01014
 9.11653  1.08777  0.01025
 9.18747  1.07383  0.01011
 9.25842  1.07838  0.00869
 9.32936  1.06762  0.01033
 9.40031  1.07965  0.00959
 9.47125  1.06330  0.00969
 9.54220  1.06215  0.00957
 9.61315  1.04312  0.00933
 9.68409  1.06205  0.00866
 9.75504  1.05230  0.00954
 9.82598  1.05545  0.00929
 9.89693  1.04760  0.00889
 9.96787  1.07009  0.00932
10.03882  1.05282  0.00902
10.10977  1.05593  0.00922
10.18071  1.05810  0.00846
10.25166  1.06235  0.00919
10.32260  1.06994  0.00817
10.39355  1.05128  0.00794
10.46449  1.05444  0.00834
10.53544  1.03997  0.00859
10.60639  1.06150  0.00878
10.67733  1.05742  0.00826
10.74828  1.07179  0.00814
10.81922  1.05271  0.00880
10.89017  1.05344  0.00787
10.96111  1.05045  0.00812
11.03206  1.03680  0.00772
11.10301  1.04360  0.00761
11.17395  1.05153  0.00869
11.24490  1.04757  0.00829
11.31584  1.04369  0.00732
11.38679  1.03404  0.00773
11.45773  1.02683  0.00847
11.52868  1.02412  0.00693
11.59963  1.02885  0.00747
11.67057  1.03024  0.00754
11.74152  1.02239  0.00732
11.81246  1.02311  0.00748
11.88341  1.03114  0.00677
11.95435  1.01523  0.00689
12.02530  1.01347  0.00707
12.09625  1.02258  0.00728
12.16719  1.00992  0.00672
12.23814  1.01390  0.00734
12.30908  1.01499  0.00743
12.38003  1.01692  0.00691
12.45097  1.01159  0.00679
12.52192  1.01530  0.00764
12.59287  1.02103  0.00725
12.66381  1.02148  0.00718
12.73476  1.00448  0.00647
12.80570  1.00511  0.00652
12.87665  1.01244  0.00637
12.94759  0.99941  0.00653
13.01854  1.02361  0.00660
13.08949  1.01208  0.00671
13.16043  1.01177  0.00631
13.23138  1.01504  0.00685
13.30232  1.01378  0.00634
13.37327  1.01460  0.00606
13.44421  1.00543  0.00699
13.51516  1.02273  0.00626
13.58611  1.00576  0.00658
13.65705  1.00408  0.00594
13.72800  1.00663  0.00633
13.79894  1.00415  0.00640
13.86989  0.99227  0.00651
13.94083  1.00475  0.00597
14.01178  1.00556  0.00621
14.08273  1.00454  0.00614
14.15367  0.99203  0.00619
14.22462  1.00711  0.00647
14.29556  1.00578  0.00619
14.36651  1.00485  0.00501
14.43745  1.00251  0.00638
14.50840  1.00781  0.00579
14.57935  1.00186  0.00588
14.65029  1.00587  0.00629
14.72124  0.99264  0.00445
14.79218  0.99408  0.00574
14.86313  0.99413  0.00623
14.93407  0.99670  0.00584
15.00502  1.00492  0.00582
15.07597  1.01241  0.00545
15.14691  0.99896  0.00568
15.21786  0.99279  0.00579
15.28880  0.99470  0.00502
15.35975  1.00220  0.00565
15.43069  0.99309  0.00552
15.50164  0.98980  0.00520
15.57259  1.00159  0.00558
15.64353  0.99728  0.00569
15.71448  0.99632  0.00494
15.78542  0.99832  0.00536
15.85637  0.99421  0.00559
15.92731  1.00398  0.00545
15.99826  0.99450  0.00565
16.06921  0.99222  0.00603
16.14015  0.98750  0.00527
16.21110  0.98603  0.00515
16.28204  0.98479  0.00519
16.35299  0.98867  0.00543
16.42393  0.99009  0.00483
16.49488  0.98984  0.00477
16.56583  0.99615  0.00553
16.63677  0.99419  0.00510
16.70772  0.98968  0.00485
16.77866  0.98780  0.00525
16.84961  0.99386  0.00443
16.92056  0.99021  0.00492
16.99150  0.98439  0.00453
17.06245  0.98663  0.00463
17.13339  1.00247  0.00489
17.20434  0.99125  0.00497
17.27528  0.98811  0.00494
17.34623  0.99363  0.00464
17.41718  0.98977  0.00432
17.48812  0.99053  0.00518
17.55907  0.97795  0.00474
17.63001  0.98550  0.00476
17.70096  0.99939  0.00475
17.77190  0.97748  0.00443
17.84285  0.98313  0.00517
17.91380  0.98906  0.00458
17.98474  0.99405  0.00461
18.05569  0.99474  0.00477
18.12663  0.98310  0.00444
18.19758  0.99089  0.00450
18.26852  0.98413  0.00423
18.33947  0.98686  0.00440
18.41042  0.98260  0.00473
18.48136  0.98064  0.00431
18.55231  0.98996  0.00496
18.62325  0.98660  0.00500
18.69420  0.98516  0.00446
18.76514  0.98844  0.00449
18.83609  0.97094  0.00468
18.90704  0.98737  0.00454
18.97798  0.99610  0.00457
19.04893  0.97900  0.00458
19.11987  0.98168  0.00435
19.19082  0.98595  0.00448
19.26176  0.98990  0.00449
19.33271  0.98056  0.00464
19.40366  0.98877  0.00414
19.47460  0.98107  0.00461
19.54555  0.98809  0.00478
19.61649  0.98671  0.00474
19.68744  0.98650  0.00451
19.75838  0.98642  0.00410
19.82933  0.99199  0.00413
19.90028  0.98891  0.00430
19.97122  0.98141  0.00397
20.04217  0.97841  0.00424
20.11311  0.98520  0.00428
20.18406  0.98420  0.00446
20.25500  0.98971  0.00417
20.32595  0.97267  0.00407
20.39690  0.98410  0.00423
20.46784  0.98131  0.00410
20.53879  0.98239  0.00404
20.60973  0.98226  0.00411
20.68068  0.98457  0.00402
20.75162  0.98596  0.00425
20.82257  0.98436  0.00406
20.89352  0.97734  0.00414
20.96446  0.97850  0.00416
21.03541  0.98296  0.00411
21.10635  0.97985  0.00403
21.17730  0.97916  0.00364
21.24824  0.97745  0.00405
