 0.03547  0.00000
 0.10642  0.00000
 0.17736  0.00000
 0.24831  0.00000
 0.31926  0.00000
 0.39020  0.00000
 0.46115  0.00000
 0.53209  0.00000
 0.60304  0.00000
 0.67398  0.00000
 0.74493  0.00000
 0.81588  0.00000
 0.88682  0.00000
 0.95777  0.00000
 1.02871  0.00000
 1.09966  0.00000
 1.17060  0.00000
 1.24155  0.00000
 1.31250  0.00000
 1.38344  0.00000
 1.45439  0.00000
 1.52533  0.00000
 1.59628  0.00000
 1.66722  0.00000
 1.73817  0.00000
 1.80912  0.00000
 1.88006  0.00000
 1.95101  0.00000
 2.02195  0.00000
 2.09290  0.00000
 2.16384  0.00000
 2.23479  0.00000
 2.30574  0.00000
 2.37668  0.00000
 2.44763  0.00000
 2.51857  0.00000
 2.58952  0.00000
 2.66046  0.00000
 2.73141  0.00000
 2.80236  0.00000
 2.87330  0.00000
 2.94425  0.00000
 3.01519  0.00020
 3.08614  0.00231
 3.15708  0.01378
 3.22803  0.05836
 3.29898  0.17182
 3.36992  0.39188
 3.44087  0.70908
 3.51181  1.08102
 3.58276  1.43212
 3.65370  1.72396
 3.72465  1.94211
 3.79560  2.07095
 3.86654  2.10792
 3.93749  2.05184
 4.00843  1.87320
 4.07938  1.60367
 4.15032  1.32439
 4.22127  1.09750
 4.29222  0.94445
 4.36316  0.84939
 4.43411  0.79699
 4.50505  0.77147
 4.57600  0.76084
 4.64694  0.76342
 4.71789  0.76929
 4.78884  0.78379
 4.85978  0.80089
 4.93073  0.82068
 5.00167  0.84117
 5.07262  0.86439
 5.14356  0.88716
 5.21451  0.91322
 5.28546  0.93581
 5.35640  0.95742
 5.42735  0.97815
 5.49829  0.99645
 5.56924  1.01398
 5.64019  1.03153
 5.71113  1.04597
 5.78208  1.05625
 5.85302  1.06395
 5.92397  1.07306
 5.99491  1.07648
 6.06586  1.08045
 6.13681  1.07786
 6.20775  1.07164
 6.27870  1.06435
 6.34964  1.05702
 6.42059  1.04634
 6.49153  1.03339
 6.56248  1.01814
 6.63343  1.00797
 6.70437  0.99254
 6.77532  0.98260
 6.84626  0.97096
 6.91721  0.96566
 6.98815  0.96405
 7.05910  0.96263
 7.13005  0.96487
 7.20099  0.96946
 7.27194  0.97272
 7.34288  0.97806
 7.41383  0.98429
 7.48477  0.99003
 7.55572  0.99415
 7.62667  1.00069
 7.69761  1.00417
 7.76856  1.01098
 7.83950  1.01294
 7.91045  1.01409
 7.98139  1.01969
 8.05234  1.01909
 8.12329  1.01986
 8.19423  1.01946
 8.26518  1.01912
 8.33612  1.01585
 8.40707  1.01258
 8.47801  1.01212
 8.54896  1.01124
 8.61991  1.00794
 8.69085  1.00459
 8.76180  1.00191
 8.83274  0.99842
 8.90369  0.99730
 8.97463  0.99638
 9.04558  0.99511
 9.11653  0.99317
 9.18747  0.99292
 9.25842  0.99244
 9.32936  0.99099
 9.40031  0.99199
 9.47125  0.99350
 9.54220  0.99447
 9.61315  0.99653
 9.68409  0.99718
 9.75504  1.00012
 9.82598  1.00155
 9.89693  1.00301
 9.96787  1.00374
10.03882  1.00399
10.10977  1.00708
10.18071  1.00629
10.25166  1.00735
10.32260  1.00805
10.39355  1.00710
10.46449  1.00775
10.53544  1.00879
10.60639  1.00740
10.67733  1.00457
10.74828  1.00517
10.81922  1.00425
10.89017  1.00355
10.96111  1.00311
11.03206  1.00331
11.10301  1.00155
11.17395  1.00075
11.24490  0.99951
11.31584  1.00060
11.38679  1.00035
11.45773  0.99956
11.52868  0.99919
11.59963  0.99977
11.67057  0.99873
11.74152  1.00039
11.81246  0.99935
11.88341  0.99975
11.95435  0.99986
12.02530  1.00176
12.09625  0.99972
12.16719  1.00235
12.23814  1.00195
12.30908  1.00261
12.38003  1.00175
12.45097  1.00262
12.52192  1.00191
12.59287  1.00256
12.66381  1.00179
12.73476  1.00169
12.80570  1.00276
12.87665  1.00237
12.94759  1.00193
13.01854  1.00273
13.08949  1.00199
13.16043  1.00226
13.23138  1.00189
13.30232  1.00129
13.37327  1.00333
13.44421  1.00125
13.51516  1.00223
13.58611  1.00161
13.65705  1.00189
13.72800  1.00078
13.79894  1.00126
13.86989  1.00123
13.94083  1.00071
14.01178  1.00213
14.08273  1.00082
14.15367  1.00043
14.22462  1.00111
14.29556  1.00202
14.36651  1.00099
14.43745  1.00141
14.50840  1.00071
14.57935  1.00046
14.65029  1.00125
14.72124  1.00088
14.79218  1.00106
14.86313  1.00160
14.93407  1.00107
15.00502  1.00171
15.07597  1.00247
15.14691  1.00133
15.21786  1.00064
15.28880  1.00059
15.35975  1.00100
15.43069  1.00106
15.50164  1.00100
15.57259  1.00151
15.64353  1.00164
15.71448  1.00123
15.78542  1.00210
15.85637  1.00195
15.92731  1.00188
15.99826  1.00133
16.06921  1.00077
16.14015  1.00109
16.21110  1.00187
16.28204  1.00189
16.35299  1.00098
16.42393  1.00192
16.49488  1.00155
16.56583  1.00251
16.63677  1.00134
16.70772  1.00091
16.77866  1.00081
16.84961  1.00093
16.92056  1.00151
16.99150  1.00117
17.06245  1.00137
17.13339  1.00181
17.20434  1.00120
17.27528  1.00169
17.34623  1.00130
17.41718  1.00078
17.48812  1.00142
17.55907  1.00109
17.63001  1.00108
17.70096  1.00063
17.77190  1.00137
17.84285  1.00130
17.91380  1.00094
17.98474  1.00169
18.05569  1.00144
18.12663  1.00055
18.19758  1.00164
18.26852  1.00179
18.33947  1.00155
18.41042  1.00083
18.48136  1.00116
18.55231  1.00144
18.62325  1.00075
18.69420  1.00074
18.76514  1.00130
18.83609  1.00105
18.90704  1.00069
18.97798  1.00145
19.04893  1.00181
19.11987  1.00126
19.19082  1.00117
19.26176  1.00054
19.33271  1.00185
19.40366  1.00178
19.47460  1.00205
19.54555  1.00121
19.61649  1.00123
19.68744  1.00131
19.75838  1.00164
19.82933  1.00163
19.90028  1.00162
19.97122  1.00082
20.04217  1.00086
20.11311  1.00117
20.18406  1.00043
20.25500  1.00049
20.32595  1.00071
20.39690  1.00155
20.46784  1.00123
20.53879  1.00139
20.60973  1.00123
20.68068  1.00137
20.75162  1.00148
20.82257  1.00083
20.89352  1.00042
20.96446  1.00110
21.03541  1.00083
21.10635  1.00139
21.17730  1.00133
21.24824  1.00029
