 0.03547  0.00000
 0.10642  0.00000
 0.17736  0.00000
 0.24831  0.00000
 0.31926  0.00000
 0.39020  0.00000
 0.46115  0.00000
 0.53209  0.00000
 0.60304  0.00000
 0.67398  0.00000
 0.74493  0.00000
 0.81588  0.00000
 0.88682  0.00000
 0.95777  0.00000
 1.02871  0.00000
 1.09966  0.00000
 1.17060  0.00000
 1.24155  0.00000
 1.31250  0.00000
 1.38344  0.00000
 1.45439  0.00000
 1.52533  0.00000
 1.59628  0.00000
 1.66722  0.00000
 1.73817  0.00000
 1.80912  0.00000
 1.88006  0.00000
 1.95101  0.00000
 2.02195  0.00000
 2.09290  0.00000
 2.16384  0.00000
 2.23479  0.00000
 2.30574  0.00000
 2.37668  0.00000
 2.44763  0.00001
 2.51857  0.00395
 2.58952  0.14678
 2.66046  1.04031
 2.73141  2.53532
 2.80236  3.15047
 2.87330  2.69584
 2.94425  1.97868
 3.01519  1.40889
 3.08614  1.05189
 3.15708  0.83589
 3.22803  0.70896
 3.29898  0.63350
 3.36992  0.58733
 3.44087  0.56478
 3.51181  0.56054
 3.58276  0.56160
 3.65370  0.57774
 3.72465  0.60096
 3.79560  0.63329
 3.86654  0.66571
 3.93749  0.70778
 4.00843  0.74682
 4.07938  0.78886
 4.15032  0.83648
 4.22127  0.88378
 4.29222  0.93153
 4.36316  0.98613
 4.43411  1.04063
 4.50505  1.10271
 4.57600  1.15681
 4.64694  1.20333
 4.71789  1.22848
 4.78884  1.24781
 4.85978  1.24872
 4.93073  1.24585
 5.00167  1.23402
 5.07262  1.21751
 5.14356  1.19885
 5.21451  1.17491
 5.28546  1.14968
 5.35640  1.12369
 5.42735  1.08851
 5.49829  1.05231
 5.56924  1.01769
 5.64019  0.98618
 5.71113  0.95607
 5.78208  0.93393
 5.85302  0.91554
 5.92397  0.90583
 5.99491  0.89571
 6.06586  0.89222
 6.13681  0.89286
 6.20775  0.89540
 6.27870  0.89784
 6.34964  0.90357
 6.42059  0.91242
 6.49153  0.91971
 6.56248  0.92952
 6.63343  0.93945
 6.70437  0.95208
 6.77532  0.96131
 6.84626  0.97140
 6.91721  0.98256
 6.98815  0.99132
 7.05910  1.00013
 7.13005  1.00949
 7.20099  1.01607
 7.27194  1.02174
 7.34288  1.02638
 7.41383  1.02996
 7.48477  1.03288
 7.55572  1.03020
 7.62667  1.02999
 7.69761  1.02671
 7.76856  1.02320
 7.83950  1.01766
 7.91045  1.01607
 7.98139  1.01213
 8.05234  1.00790
 8.12329  1.00599
 8.19423  1.00144
 8.26518  0.99911
 8.33612  0.99664
 8.40707  0.99617
 8.47801  0.99633
 8.54896  0.99330
 8.61991  0.99234
 8.69085  0.99267
 8.76180  0.99399
 8.83274  0.99467
 8.90369  0.99329
 8.97463  0.99274
 9.04558  0.99312
 9.11653  0.99493
 9.18747  0.99525
 9.25842  0.99576
 9.32936  0.99610
 9.40031  0.99627
 9.47125  0.99599
 9.54220  0.99622
 9.61315  0.99753
 9.68409  0.99627
 9.75504  0.99675
 9.82598  0.99506
 9.89693  0.99656
 9.96787  0.99832
10.03882  0.99653
10.10977  0.99806
10.18071  0.99909
10.25166  0.99859
10.32260  0.99956
10.39355  0.99826
10.46449  0.99865
10.53544  1.00079
10.60639  0.99988
10.67733  0.99966
10.74828  1.00063
10.81922  1.00156
10.89017  1.00162
10.96111  1.00216
11.03206  1.00330
11.10301  1.00182
11.17395  1.00157
11.24490  1.00303
11.31584  1.00239
11.38679  1.00222
11.45773  1.00272
11.52868  1.00030
11.59963  1.00165
11.67057  1.00209
11.74152  1.00161
11.81246  1.00153
11.88341  1.00066
11.95435  0.99916
12.02530  1.00037
12.09625  0.99908
12.16719  1.00034
12.23814  0.99886
12.30908  1.00015
12.38003  0.99884
12.45097  0.99933
12.52192  0.99992
12.59287  0.99889
12.66381  0.99894
12.73476  0.99934
12.80570  0.99871
12.87665  0.99922
12.94759  1.00004
13.01854  0.99918
13.08949  0.99977
13.16043  0.99956
13.23138  1.00027
13.30232  1.00080
13.37327  0.99954
13.44421  1.00107
13.51516  1.00070
13.58611  1.00156
13.65705  1.00113
13.72800  1.00069
13.79894  1.00089
13.86989  1.00201
13.94083  1.00046
14.01178  1.00029
14.08273  1.00148
14.15367  1.00122
14.22462  1.00043
14.29556  1.00103
14.36651  1.00118
14.43745  1.00077
14.50840  1.00126
14.57935  1.00089
14.65029  0.99999
14.72124  1.00182
14.79218  1.00028
14.86313  1.00111
14.93407  1.00098
15.00502  1.00114
15.07597  1.00056
15.14691  0.99971
15.21786  1.00026
15.28880  1.00120
15.35975  1.00090
15.43069  1.00129
15.50164  1.00032
15.57259  0.99969
15.64353  1.00136
15.71448  1.00024
15.78542  1.00068
15.85637  1.00053
15.92731  1.00082
15.99826  1.00037
16.06921  1.00218
16.14015  1.00071
16.21110  1.00152
16.28204  1.00091
16.35299  1.00055
16.42393  1.00087
16.49488  1.00039
16.56583  1.00092
16.63677  1.00042
16.70772  1.00087
16.77866  0.99911
16.84961  1.00044
16.92056  1.00027
16.99150  1.00186
17.06245  1.00183
17.13339  1.00023
17.20434  1.00052
17.27528  1.00063
17.34623  1.00175
17.41718  1.00040
17.48812  1.00091
17.55907  1.00059
17.63001  1.00046
17.70096  1.00105
17.77190  1.00082
17.84285  1.00049
17.91380  1.00092
17.98474  1.00047
18.05569  1.00071
18.12663  1.00080
18.19758  1.00063
18.26852  1.00084
18.33947  1.00160
18.41042  1.00120
18.48136  1.00119
18.55231  1.00094
18.62325  1.00094
18.69420  1.00134
18.76514  1.00086
18.83609  1.00083
18.90704  1.00122
18.97798  1.00064
19.04893  1.00002
19.11987  1.00054
19.19082  1.00059
19.26176  1.00076
19.33271  1.00079
19.40366  1.00122
19.47460  1.00087
19.54555  1.00190
19.61649  1.00144
19.68744  1.00060
19.75838  1.00071
19.82933  1.00064
19.90028  1.00066
19.97122  1.00100
20.04217  1.00141
20.11311  1.00073
20.18406  1.00157
20.25500  1.00106
20.32595  1.00097
20.39690  1.00121
20.46784  1.00159
20.53879  1.00085
20.60973  1.00109
20.68068  1.00088
20.75162  1.00094
20.82257  1.00025
20.89352  1.00097
20.96446  1.00119
21.03541  1.00117
21.10635  1.00074
21.17730  1.00067
21.24824  1.00018
