 0.03547      inf
 0.10642      inf
 0.17736      inf
 0.24831      inf
 0.31926      inf
 0.39020      inf
 0.46115      inf
 0.53209      inf
 0.60304      inf
 0.67398      inf
 0.74493      inf
 0.81588      inf
 0.88682      inf
 0.95777      inf
 1.02871      inf
 1.09966      inf
 1.17060      inf
 1.24155      inf
 1.31250      inf
 1.38344      inf
 1.45439      inf
 1.52533      inf
 1.59628      inf
 1.66722      inf
 1.73817      inf
 1.80912      inf
 1.88006      inf
 1.95101      inf
 2.02195      inf
 2.09290      inf
 2.16384      inf
 2.23479      inf
 2.30574      inf
 2.37668      inf
 2.44763      inf
 2.51857      inf
 2.58952      inf
 2.66046      inf
 2.73141      inf
 2.80236      inf
 2.87330      inf
 2.94425      inf
 3.01519  5.03297
 3.08614  3.59285
 3.15708  2.53638
 3.22803  1.68196
 3.29898  1.04270
 3.36992  0.55459
 3.44087  0.20352
 3.51181 -0.04612
 3.58276 -0.21262
 3.65370 -0.32242
 3.72465 -0.39295
 3.79560 -0.43098
 3.86654 -0.44146
 3.93749 -0.42549
 4.00843 -0.37157
 4.07938 -0.27960
 4.15032 -0.16632
 4.22127 -0.05508
 4.29222  0.03383
 4.36316  0.09663
 4.43411  0.13433
 4.50505  0.15360
 4.57600  0.16181
 4.64694  0.15981
 4.71789  0.15528
 4.78884  0.14422
 4.85978  0.13144
 4.93073  0.11699
 5.00167  0.10240
 5.07262  0.08627
 5.14356  0.07088
 5.21451  0.05374
 5.28546  0.03928
 5.35640  0.02576
 5.42735  0.01308
 5.49829  0.00210
 5.56924 -0.00822
 5.64019 -0.01838
 5.71113 -0.02661
 5.78208 -0.03240
 5.85302 -0.03669
 5.92397 -0.04175
 5.99491 -0.04363
 6.06586 -0.04581
 6.13681 -0.04438
 6.20775 -0.04096
 6.27870 -0.03692
 6.34964 -0.03283
 6.42059 -0.02682
 6.49153 -0.01944
 6.56248 -0.01065
 6.63343 -0.00470
 6.70437  0.00443
 6.77532  0.01039
 6.84626  0.01744
 6.91721  0.02069
 6.98815  0.02167
 7.05910  0.02254
 7.13005  0.02117
 7.20099  0.01836
 7.27194  0.01638
 7.34288  0.01314
 7.41383  0.00938
 7.48477  0.00593
 7.55572  0.00347
 7.62667 -0.00041
 7.69761 -0.00246
 7.76856 -0.00646
 7.83950 -0.00761
 7.91045 -0.00829
 7.98139 -0.01154
 8.05234 -0.01120
 8.12329 -0.01164
 8.19423 -0.01141
 8.26518 -0.01121
 8.33612 -0.00931
 8.40707 -0.00740
 8.47801 -0.00713
 8.54896 -0.00662
 8.61991 -0.00468
 8.69085 -0.00271
 8.76180 -0.00113
 8.83274  0.00094
 8.90369  0.00160
 8.97463  0.00215
 9.04558  0.00290
 9.11653  0.00405
 9.18747  0.00421
 9.25842  0.00449
 9.32936  0.00536
 9.40031  0.00476
 9.47125  0.00386
 9.54220  0.00328
 9.61315  0.00206
 9.68409  0.00167
 9.75504 -0.00007
 9.82598 -0.00092
 9.89693 -0.00178
 9.96787 -0.00221
10.03882 -0.00236
10.10977 -0.00418
10.18071 -0.00371
10.25166 -0.00434
10.32260 -0.00475
10.39355 -0.00419
10.46449 -0.00457
10.53544 -0.00518
10.60639 -0.00436
10.67733 -0.00270
10.74828 -0.00305
10.81922 -0.00251
10.89017 -0.00210
10.96111 -0.00184
11.03206 -0.00196
11.10301 -0.00092
11.17395 -0.00044
11.24490  0.00029
11.31584 -0.00036
11.38679 -0.00021
11.45773  0.00026
11.52868  0.00048
11.59963  0.00014
11.67057  0.00075
11.74152 -0.00023
11.81246  0.00038
11.88341  0.00015
11.95435  0.00008
12.02530 -0.00104
12.09625  0.00016
12.16719 -0.00139
12.23814 -0.00115
12.30908 -0.00154
12.38003 -0.00103
12.45097 -0.00155
12.52192 -0.00113
12.59287 -0.00151
12.66381 -0.00106
12.73476 -0.00100
12.80570 -0.00163
12.87665 -0.00140
12.94759 -0.00114
13.01854 -0.00161
13.08949 -0.00118
13.16043 -0.00134
13.23138 -0.00112
13.30232 -0.00076
13.37327 -0.00197
13.44421 -0.00074
13.51516 -0.00132
13.58611 -0.00095
13.65705 -0.00112
13.72800 -0.00046
13.79894 -0.00074
13.86989 -0.00073
13.94083 -0.00042
14.01178 -0.00126
14.08273 -0.00049
14.15367 -0.00026
14.22462 -0.00066
14.29556 -0.00119
14.36651 -0.00059
14.43745 -0.00083
14.50840 -0.00042
14.57935 -0.00027
14.65029 -0.00074
14.72124 -0.00052
14.79218 -0.00063
14.86313 -0.00094
14.93407 -0.00063
15.00502 -0.00101
15.07597 -0.00146
15.14691 -0.00079
15.21786 -0.00038
15.28880 -0.00035
15.35975 -0.00059
15.43069 -0.00063
15.50164 -0.00059
15.57259 -0.00089
15.64353 -0.00097
15.71448 -0.00073
15.78542 -0.00124
15.85637 -0.00115
15.92731 -0.00111
15.99826 -0.00079
16.06921 -0.00046
16.14015 -0.00064
16.21110 -0.00110
16.28204 -0.00112
16.35299 -0.00058
16.42393 -0.00114
16.49488 -0.00092
16.56583 -0.00148
16.63677 -0.00079
16.70772 -0.00054
16.77866 -0.00048
16.84961 -0.00055
16.92056 -0.00089
16.99150 -0.00069
17.06245 -0.00081
17.13339 -0.00107
17.20434 -0.00071
17.27528 -0.00100
17.34623 -0.00077
17.41718 -0.00046
17.48812 -0.00084
17.55907 -0.00065
17.63001 -0.00064
17.70096 -0.00037
17.77190 -0.00081
17.84285 -0.00077
17.91380 -0.00056
17.98474 -0.00100
18.05569 -0.00085
18.12663 -0.00033
18.19758 -0.00097
18.26852 -0.00106
18.33947 -0.00092
18.41042 -0.00049
18.48136 -0.00069
18.55231 -0.00085
18.62325 -0.00044
18.69420 -0.00044
18.76514 -0.00077
18.83609 -0.00062
18.90704 -0.00041
18.97798 -0.00086
19.04893 -0.00107
19.11987 -0.00074
19.19082 -0.00069
19.26176 -0.00032
19.33271 -0.00110
19.40366 -0.00105
19.47460 -0.00121
19.54555 -0.00072
19.61649 -0.00073
19.68744 -0.00078
19.75838 -0.00097
19.82933 -0.00096
19.90028 -0.00096
19.97122 -0.00048
20.04217 -0.00051
20.11311 -0.00069
20.18406 -0.00025
20.25500 -0.00029
20.32595 -0.00042
20.39690 -0.00092
20.46784 -0.00073
20.53879 -0.00082
20.60973 -0.00073
20.68068 -0.00081
20.75162 -0.00088
20.82257 -0.00049
20.89352 -0.00025
20.96446 -0.00065
21.03541 -0.00049
21.10635 -0.00082
21.17730 -0.00079
21.24824 -0.00017
