 0.03547      inf      nan
 0.10642      inf      nan
 0.17736      inf      nan
 0.24831      inf      nan
 0.31926      inf      nan
 0.39020      inf      nan
 0.46115      inf      nan
 0.53209      inf      nan
 0.60304      inf      nan
 0.67398      inf      nan
 0.74493      inf      nan
 0.81588      inf      nan
 0.88682      inf      nan
 0.95777      inf      nan
 1.02871      inf      nan
 1.09966      inf      nan
 1.17060      inf      nan
 1.24155      inf      nan
 1.31250      inf      nan
 1.38344      inf      nan
 1.45439      inf      nan
 1.52533      inf      nan
 1.59628      inf      nan
 1.66722      inf      nan
 1.73817      inf      nan
 1.80912      inf      nan
 1.88006      inf      nan
 1.95101      inf      nan
 2.02195      inf      nan
 2.09290      inf      nan
 2.16384      inf      nan
 2.23479      inf      nan
 2.30574      inf      nan
 2.37668      inf      nan
 2.44763      inf      nan
 2.51857      inf      nan
 2.58952      inf      nan
 2.66046      inf      nan
 2.73141      inf      nan
 2.80236      inf      nan
 2.87330      inf      nan
 2.94425      inf      nan
 3.01519      inf      nan
 3.08614      inf      nan
 3.15708      inf      nan
 3.22803  3.01161  0.20039
 3.29898  2.11148  0.09005
 3.36992  1.25706  0.04620
 3.44087  0.63657  0.02521
 3.51181  0.17660  0.01747
 3.58276 -0.10453  0.01397
 3.65370 -0.33806  0.01221
 3.72465 -0.51308  0.00979
 3.79560 -0.65294  0.00957
 3.86654 -0.74516  0.00817
 3.93749 -0.81399  0.00809
 4.00843 -0.82783  0.00810
 4.07938 -0.78085  0.00764
 4.15032 -0.64846  0.00802
 4.22127 -0.45457  0.01025
 4.29222 -0.26771  0.01042
 4.36316 -0.15492  0.01020
 4.43411 -0.10653  0.01057
 4.50505 -0.06314  0.01108
 4.57600 -0.08064  0.01091
 4.64694 -0.08407  0.01023
 4.71789 -0.11083  0.01000
 4.78884 -0.15038  0.00949
 4.85978 -0.15888  0.00930
 4.93073 -0.19012  0.00903
 5.00167 -0.21946  0.00883
 5.07262 -0.23373  0.00868
 5.14356 -0.25922  0.00831
 5.21451 -0.28379  0.00846
 5.28546 -0.30487  0.00867
 5.35640 -0.33371  0.00783
 5.42735 -0.32589  0.00697
 5.49829 -0.31842  0.00783
 5.56924 -0.32704  0.00759
 5.64019 -0.33349  0.00760
 5.71113 -0.34194  0.00761
 5.78208 -0.33334  0.00754
 5.85302 -0.34554  0.00709
 5.92397 -0.34078  0.00707
 5.99491 -0.32540  0.00656
 6.06586 -0.34161  0.00684
 6.13681 -0.32526  0.00692
 6.20775 -0.30637  0.00585
 6.27870 -0.30330  0.00711
 6.34964 -0.28696  0.00567
 6.42059 -0.26001  0.00673
 6.49153 -0.24520  0.00667
 6.56248 -0.22351  0.00653
 6.63343 -0.19188  0.00668
 6.70437 -0.15681  0.00664
 6.77532 -0.13890  0.00689
 6.84626 -0.11590  0.00670
 6.91721 -0.08652  0.00660
 6.98815 -0.08309  0.00629
 7.05910 -0.07383  0.00719
 7.13005 -0.06387  0.00691
 7.20099 -0.05780  0.00702
 7.27194 -0.05472  0.00624
 7.34288 -0.07060  0.00611
 7.41383 -0.05214  0.00672
 7.48477 -0.06192  0.00649
 7.55572 -0.05839  0.00706
 7.62667 -0.07815  0.00642
 7.69761 -0.08645  0.00662
 7.76856 -0.07367  0.00540
 7.83950 -0.09185  0.00606
 7.91045 -0.09014  0.00601
 7.98139 -0.09244  0.00611
 8.05234 -0.10175  0.00580
 8.12329 -0.10398  0.00608
 8.19423 -0.10699  0.00578
 8.26518 -0.10685  0.00564
 8.33612 -0.11911  0.00602
 8.40707 -0.10237  0.00522
 8.47801 -0.10468  0.00538
 8.54896 -0.09467  0.00582
 8.61991 -0.09205  0.00562
 8.69085 -0.08088  0.00531
 8.76180 -0.08186  0.00558
 8.83274 -0.08037  0.00533
 8.90369 -0.08095  0.00561
 8.97463 -0.07411  0.00541
 9.04558 -0.06372  0.00539
 9.11653 -0.04981  0.00558
 9.18747 -0.04217  0.00557
 9.25842 -0.04467  0.00477
 9.32936 -0.03874  0.00573
 9.40031 -0.04537  0.00526
 9.47125 -0.03633  0.00539
 9.54220 -0.03569  0.00533
 9.61315 -0.02499  0.00529
 9.68409 -0.03564  0.00483
 9.75504 -0.03018  0.00537
 9.82598 -0.03195  0.00521
 9.89693 -0.02753  0.00502
 9.96787 -0.04010  0.00515
10.03882 -0.03047  0.00507
10.10977 -0.03222  0.00517
10.18071 -0.03343  0.00474
10.25166 -0.03581  0.00512
10.32260 -0.04002  0.00452
10.39355 -0.02960  0.00447
10.46449 -0.03138  0.00468
10.53544 -0.02320  0.00489
10.60639 -0.03533  0.00490
10.67733 -0.03305  0.00463
10.74828 -0.04104  0.00449
10.81922 -0.03041  0.00495
10.89017 -0.03082  0.00442
10.96111 -0.02913  0.00458
11.03206 -0.02140  0.00441
11.10301 -0.02527  0.00432
11.17395 -0.02974  0.00489
11.24490 -0.02751  0.00469
11.31584 -0.02532  0.00415
11.38679 -0.01981  0.00442
11.45773 -0.01567  0.00488
11.52868 -0.01411  0.00401
11.59963 -0.01684  0.00430
11.67057 -0.01764  0.00433
11.74152 -0.01311  0.00424
11.81246 -0.01353  0.00433
11.88341 -0.01815  0.00389
11.95435 -0.00895  0.00402
12.02530 -0.00792  0.00413
12.09625 -0.01322  0.00421
12.16719 -0.00584  0.00394
12.23814 -0.00817  0.00429
12.30908 -0.00881  0.00434
12.38003 -0.00993  0.00402
12.45097 -0.00682  0.00397
12.52192 -0.00899  0.00446
12.59287 -0.01232  0.00421
12.66381 -0.01258  0.00416
12.73476 -0.00265  0.00381
12.80570 -0.00302  0.00384
12.87665 -0.00732  0.00372
12.94759  0.00035  0.00387
13.01854 -0.01381  0.00382
13.08949 -0.00711  0.00392
13.16043 -0.00693  0.00369
13.23138 -0.00884  0.00400
13.30232 -0.00810  0.00370
13.37327 -0.00858  0.00354
13.44421 -0.00320  0.00411
13.51516 -0.01331  0.00363
13.58611 -0.00340  0.00387
13.65705 -0.00241  0.00350
13.72800 -0.00391  0.00372
13.79894 -0.00245  0.00377
13.86989  0.00459  0.00388
13.94083 -0.00281  0.00352
14.01178 -0.00328  0.00366
14.08273 -0.00268  0.00362
14.15367  0.00473  0.00370
14.22462 -0.00420  0.00380
14.29556 -0.00341  0.00364
14.36651 -0.00286  0.00295
14.43745 -0.00148  0.00376
14.50840 -0.00460  0.00340
14.57935 -0.00110  0.00347
14.65029 -0.00347  0.00370
14.72124  0.00438  0.00266
14.79218  0.00351  0.00342
14.86313  0.00348  0.00371
14.93407  0.00196  0.00347
15.00502 -0.00291  0.00343
15.07597 -0.00730  0.00319
15.14691  0.00062  0.00337
15.21786  0.00429  0.00345
15.28880  0.00315  0.00299
15.35975 -0.00130  0.00334
15.43069  0.00410  0.00329
15.50164  0.00607  0.00311
15.57259 -0.00094  0.00330
15.64353  0.00161  0.00338
15.71448  0.00218  0.00294
15.78542  0.00100  0.00318
15.85637  0.00344  0.00333
15.92731 -0.00235  0.00321
15.99826  0.00326  0.00336
16.06921  0.00462  0.00360
16.14015  0.00745  0.00316
16.21110  0.00833  0.00309
16.28204  0.00907  0.00312
16.35299  0.00675  0.00325
16.42393  0.00590  0.00289
16.49488  0.00604  0.00285
16.56583  0.00228  0.00328
16.63677  0.00345  0.00304
16.70772  0.00614  0.00290
16.77866  0.00726  0.00315
16.84961  0.00365  0.00264
16.92056  0.00582  0.00294
16.99150  0.00932  0.00273
17.06245  0.00797  0.00278
17.13339 -0.00146  0.00289
17.20434  0.00520  0.00297
17.27528  0.00708  0.00296
17.34623  0.00378  0.00276
17.41718  0.00609  0.00259
17.48812  0.00564  0.00309
17.55907  0.01320  0.00287
17.63001  0.00864  0.00286
17.70096  0.00036  0.00281
17.77190  0.01348  0.00268
17.84285  0.01007  0.00311
17.91380  0.00651  0.00274
17.98474  0.00353  0.00274
18.05569  0.00312  0.00284
18.12663  0.01009  0.00267
18.19758  0.00542  0.00269
18.26852  0.00947  0.00254
18.33947  0.00783  0.00264
18.41042  0.01039  0.00285
18.48136  0.01157  0.00260
18.55231  0.00597  0.00297
18.62325  0.00799  0.00300
18.69420  0.00885  0.00268
18.76514  0.00688  0.00269
18.83609  0.01746  0.00285
18.90704  0.00753  0.00272
18.97798  0.00231  0.00271
19.04893  0.01257  0.00277
19.11987  0.01095  0.00263
19.19082  0.00838  0.00269
19.26176  0.00601  0.00268
19.33271  0.01162  0.00280
19.40366  0.00669  0.00248
19.47460  0.01132  0.00278
19.54555  0.00709  0.00287
19.61649  0.00792  0.00284
19.68744  0.00805  0.00271
19.75838  0.00809  0.00246
19.82933  0.00476  0.00247
19.90028  0.00660  0.00258
19.97122  0.01111  0.00240
20.04217  0.01292  0.00257
20.11311  0.00883  0.00257
20.18406  0.00943  0.00268
20.25500  0.00613  0.00249
20.32595  0.01641  0.00248
20.39690  0.00949  0.00255
20.46784  0.01117  0.00247
20.53879  0.01052  0.00243
20.60973  0.01060  0.00248
20.68068  0.00920  0.00242
20.75162  0.00837  0.00255
20.82257  0.00933  0.00244
20.89352  0.01357  0.00251
20.96446  0.01287  0.00252
21.03541  0.01017  0.00247
21.10635  0.01205  0.00243
21.17730  0.01247  0.00220
21.24824  0.01350  0.00245
