 0.03547      inf
 0.10642      inf
 0.17736      inf
 0.24831      inf
 0.31926      inf
 0.39020      inf
 0.46115      inf
 0.53209      inf
 0.60304      inf
 0.67398      inf
 0.74493      inf
 0.81588      inf
 0.88682      inf
 0.95777      inf
 1.02871      inf
 1.09966      inf
 1.17060      inf
 1.24155      inf
 1.31250      inf
 1.38344      inf
 1.45439      inf
 1.52533      inf
 1.59628      inf
 1.66722      inf
 1.73817      inf
 1.80912      inf
 1.88006      inf
 1.95101      inf
 2.02195      inf
 2.09290      inf
 2.16384      inf
 2.23479      inf
 2.30574      inf
 2.37668      inf
 2.44763  6.77950
 2.51857  3.27684
 2.58952  1.13593
 2.66046 -0.02340
 2.73141 -0.55075
 2.80236 -0.67935
 2.87330 -0.58709
 2.94425 -0.40400
 3.01519 -0.20294
 3.08614 -0.02995
 3.15708  0.10612
 3.22803  0.20362
 3.29898  0.27024
 3.36992  0.31505
 3.44087  0.33822
 3.51181  0.34268
 3.58276  0.34156
 3.65370  0.32479
 3.72465  0.30146
 3.79560  0.27044
 3.86654  0.24088
 3.93749  0.20460
 4.00843  0.17282
 4.07938  0.14041
 4.15032  0.10570
 4.22127  0.07314
 4.29222  0.04199
 4.36316  0.00827
 4.43411 -0.02358
 4.50505 -0.05788
 4.57600 -0.08623
 4.64694 -0.10958
 4.71789 -0.12182
 4.78884 -0.13106
 4.85978 -0.13150
 4.93073 -0.13013
 5.00167 -0.12448
 5.07262 -0.11651
 5.14356 -0.10737
 5.21451 -0.09542
 5.28546 -0.08257
 5.35640 -0.06904
 5.42735 -0.05021
 5.49829 -0.03019
 5.56924 -0.01038
 5.64019  0.00824
 5.71113  0.02660
 5.78208  0.04046
 5.85302  0.05224
 5.92397  0.05855
 5.99491  0.06520
 6.06586  0.06752
 6.13681  0.06709
 6.20775  0.06540
 6.27870  0.06380
 6.34964  0.06003
 6.42059  0.05426
 6.49153  0.04955
 6.56248  0.04327
 6.63343  0.03698
 6.70437  0.02907
 6.77532  0.02336
 6.84626  0.01718
 6.91721  0.01042
 6.98815  0.00516
 7.05910 -0.00007
 7.13005 -0.00559
 7.20099 -0.00944
 7.27194 -0.01273
 7.34288 -0.01542
 7.41383 -0.01748
 7.48477 -0.01915
 7.55572 -0.01761
 7.62667 -0.01749
 7.69761 -0.01560
 7.76856 -0.01357
 7.83950 -0.01036
 7.91045 -0.00944
 7.98139 -0.00714
 8.05234 -0.00466
 8.12329 -0.00353
 8.19423 -0.00085
 8.26518  0.00053
 8.33612  0.00200
 8.40707  0.00227
 8.47801  0.00218
 8.54896  0.00398
 8.61991  0.00455
 8.69085  0.00436
 8.76180  0.00357
 8.83274  0.00316
 8.90369  0.00398
 8.97463  0.00432
 9.04558  0.00409
 9.11653  0.00301
 9.18747  0.00282
 9.25842  0.00251
 9.32936  0.00231
 9.40031  0.00221
 9.47125  0.00238
 9.54220  0.00224
 9.61315  0.00147
 9.68409  0.00221
 9.75504  0.00193
 9.82598  0.00293
 9.89693  0.00204
 9.96787  0.00100
10.03882  0.00206
10.10977  0.00115
10.18071  0.00054
10.25166  0.00083
10.32260  0.00026
10.39355  0.00103
10.46449  0.00080
10.53544 -0.00047
10.60639  0.00007
10.67733  0.00020
10.74828 -0.00037
10.81922 -0.00092
10.89017 -0.00096
10.96111 -0.00128
11.03206 -0.00195
11.10301 -0.00108
11.17395 -0.00093
11.24490 -0.00179
11.31584 -0.00141
11.38679 -0.00132
11.45773 -0.00161
11.52868 -0.00018
11.59963 -0.00097
11.67057 -0.00123
11.74152 -0.00095
11.81246 -0.00091
11.88341 -0.00039
11.95435  0.00050
12.02530 -0.00022
12.09625  0.00055
12.16719 -0.00020
12.23814  0.00068
12.30908 -0.00009
12.38003  0.00069
12.45097  0.00040
12.52192  0.00005
12.59287  0.00066
12.66381  0.00063
12.73476  0.00039
12.80570  0.00077
12.87665  0.00046
12.94759 -0.00002
13.01854  0.00049
13.08949  0.00013
13.16043  0.00026
13.23138 -0.00016
13.30232 -0.00047
13.37327  0.00027
13.44421 -0.00063
13.51516 -0.00041
13.58611 -0.00092
13.65705 -0.00067
13.72800 -0.00041
13.79894 -0.00052
13.86989 -0.00119
13.94083 -0.00027
14.01178 -0.00017
14.08273 -0.00088
14.15367 -0.00072
14.22462 -0.00026
14.29556 -0.00061
14.36651 -0.00070
14.43745 -0.00045
14.50840 -0.00074
14.57935 -0.00052
14.65029  0.00001
14.72124 -0.00108
14.79218 -0.00016
14.86313 -0.00066
14.93407 -0.00058
15.00502 -0.00067
15.07597 -0.00033
15.14691  0.00017
15.21786 -0.00015
15.28880 -0.00071
15.35975 -0.00053
15.43069 -0.00076
15.50164 -0.00019
15.57259  0.00018
15.64353 -0.00080
15.71448 -0.00014
15.78542 -0.00040
15.85637 -0.00031
15.92731 -0.00048
15.99826 -0.00022
16.06921 -0.00129
16.14015 -0.00042
16.21110 -0.00090
16.28204 -0.00054
16.35299 -0.00033
16.42393 -0.00051
16.49488 -0.00023
16.56583 -0.00055
16.63677 -0.00025
16.70772 -0.00051
16.77866  0.00053
16.84961 -0.00026
16.92056 -0.00016
16.99150 -0.00110
17.06245 -0.00108
17.13339 -0.00014
17.20434 -0.00031
17.27528 -0.00037
17.34623 -0.00104
17.41718 -0.00024
17.48812 -0.00054
17.55907 -0.00035
17.63001 -0.00027
17.70096 -0.00062
17.77190 -0.00049
17.84285 -0.00029
17.91380 -0.00054
17.98474 -0.00028
18.05569 -0.00042
18.12663 -0.00048
18.19758 -0.00037
18.26852 -0.00050
18.33947 -0.00095
18.41042 -0.00071
18.48136 -0.00070
18.55231 -0.00055
18.62325 -0.00056
18.69420 -0.00080
18.76514 -0.00051
18.83609 -0.00049
18.90704 -0.00072
18.97798 -0.00038
19.04893 -0.00001
19.11987 -0.00032
19.19082 -0.00035
19.26176 -0.00045
19.33271 -0.00047
19.40366 -0.00072
19.47460 -0.00051
19.54555 -0.00112
19.61649 -0.00085
19.68744 -0.00035
19.75838 -0.00042
19.82933 -0.00038
19.90028 -0.00039
19.97122 -0.00059
20.04217 -0.00083
20.11311 -0.00043
20.18406 -0.00093
20.25500 -0.00063
20.32595 -0.00057
20.39690 -0.00071
20.46784 -0.00094
20.53879 -0.00050
20.60973 -0.00064
20.68068 -0.00052
20.75162 -0.00056
20.82257 -0.00015
20.89352 -0.00058
20.96446 -0.00071
21.03541 -0.00069
21.10635 -0.00044
21.17730 -0.00040
21.24824 -0.00011
