Adding dependency `anaconda/2020.11:python3` to your environment
Adding package `my_py_env/20221129` to your environment
  0.0254   0.0000
  0.1292   0.0004
  0.2971   0.0029
  0.5000   0.0409
  0.7029   0.2369
  0.8708   1.0515
  0.9746   1.1979
  1.0254   0.9988
  1.1292   1.5993
  1.2971   2.7617
  1.5000   6.5686
  1.7029   8.5574
  1.8708  10.6955
  1.9746  14.6790
  2.0254  17.0030
  2.1292  20.5793
  2.2971  25.7735
  2.5000  30.6305
  2.7029  37.7736
  2.8708  38.5794
  2.9746  48.8623
  3.0254  41.0145
  3.1292  46.4146
  3.2971  49.3577
  3.5000  55.3684
  3.7029  58.5106
  3.8708  66.3204
  3.9746  71.5843
  4.0254  74.4366
  4.1292  72.3670
  4.2971  88.3275
  4.5000 106.6243
  4.7029  98.9724
  4.8708  86.8085
  4.9746 108.9046
