 0.03565  0.00000      nan
 0.10695  0.00000      nan
 0.17824  0.00000      nan
 0.24954  0.00000      nan
 0.32084  0.00000      nan
 0.39214  0.00000      nan
 0.46343  0.00000      nan
 0.53473  0.00000      nan
 0.60603  0.00000      nan
 0.67733  0.00000      nan
 0.74863  0.00000      nan
 0.81992  0.00000      nan
 0.89122  0.00000      nan
 0.96252  0.00000      nan
 1.03382  0.00000      nan
 1.10511  0.00000      nan
 1.17641  0.00000      nan
 1.24771  0.00000      nan
 1.31901  0.00000      nan
 1.39030  0.00000      nan
 1.46160  0.00000      nan
 1.53290  0.00000      nan
 1.60420  0.00000      nan
 1.67550  0.00000      nan
 1.74679  0.00000      nan
 1.81809  0.00000      nan
 1.88939  0.00000      nan
 1.96069  0.00000      nan
 2.03198  0.00000      nan
 2.10328  0.00000      nan
 2.17458  0.00000      nan
 2.24588  0.00000      nan
 2.31717  0.00000      nan
 2.38847  0.00000      nan
 2.45977  0.00000      nan
 2.53107  0.00000      nan
 2.60237  0.00000      nan
 2.67366  0.00000      nan
 2.74496  0.00000      nan
 2.81626  0.00000      nan
 2.88756  0.00000      nan
 2.95885  0.00000      nan
 3.03015  0.00000      nan
 3.10145  0.00000      nan
 3.17275  0.00000      nan
 3.24404  0.00343  0.00149
 3.31534  0.01642  0.00332
 3.38664  0.06863  0.00627
 3.45794  0.18177  0.00982
 3.52924  0.43713  0.01570
 3.60053  0.77536  0.02309
 3.67183  1.17723  0.02447
 3.74313  1.56471  0.03216
 3.81443  2.01398  0.03580
 3.88572  2.29274  0.03728
 3.95702  2.57796  0.03977
 4.02832  2.77098  0.03938
 4.09962  2.91647  0.03723
 4.17091  3.03969  0.03963
 4.24221  2.95804  0.03949
 4.31351  2.98913  0.04181
 4.38481  2.98999  0.03801
 4.45611  2.92781  0.04023
 4.52740  2.94342  0.03769
 4.59870  2.81735  0.03349
 4.67000  2.76344  0.03480
 4.74130  2.71404  0.03733
 4.81259  2.68816  0.03515
 4.88389  2.63568  0.03289
 4.95519  2.58302  0.03387
 5.02649  2.57572  0.03173
 5.09778  2.38219  0.03071
 5.16908  2.30450  0.02739
 5.24038  2.26115  0.02912
 5.31168  2.14685  0.02763
 5.38298  2.08562  0.02564
 5.45427  2.01058  0.02719
 5.52557  2.02596  0.02541
 5.59687  1.95185  0.02556
 5.66817  1.99161  0.02365
 5.73946  1.94156  0.02307
 5.81076  1.97420  0.02428
 5.88206  1.92955  0.02410
 5.95336  1.93149  0.02016
 6.02465  1.88943  0.02329
 6.09595  1.83072  0.02146
 6.16725  1.73681  0.02135
 6.23855  1.67173  0.02059
 6.30985  1.59789  0.01979
 6.38114  1.56026  0.01584
 6.45244  1.47723  0.01799
 6.52374  1.41491  0.01804
 6.59504  1.37984  0.01761
 6.66633  1.33813  0.01615
 6.73763  1.29262  0.01585
 6.80893  1.28034  0.01558
 6.88023  1.25409  0.01518
 6.95152  1.25016  0.01503
 7.02282  1.21144  0.01499
 7.09412  1.21605  0.01283
 7.16542  1.20224  0.01315
 7.23672  1.20762  0.01231
 7.30801  1.18688  0.01366
 7.37931  1.18819  0.01268
 7.45061  1.16751  0.01370
 7.52191  1.16539  0.01355
 7.59320  1.15363  0.01263
 7.66450  1.13571  0.01324
 7.73580  1.13623  0.01220
 7.80710  1.12327  0.01218
 7.87839  1.08384  0.01224
 7.94969  1.12150  0.01084
 8.02099  1.08841  0.01199
 8.09229  1.08233  0.01145
 8.16359  1.09103  0.01121
 8.23488  1.08489  0.01086
 8.30618  1.09429  0.01057
 8.37748  1.09663  0.01083
 8.44878  1.07749  0.01142
 8.52007  1.08778  0.01092
 8.59137  1.08800  0.01225
 8.66267  1.09451  0.01123
 8.73397  1.09470  0.01153
 8.80526  1.09102  0.01058
 8.87656  1.08969  0.01096
 8.94786  1.09747  0.01042
 9.01916  1.10273  0.00853
 9.09046  1.07912  0.00991
 9.16175  1.09784  0.00874
 9.23305  1.09188  0.00974
 9.30435  1.06979  0.01061
 9.37565  1.08578  0.01026
 9.44694  1.08426  0.01052
 9.51824  1.06545  0.00990
 9.58954  1.07723  0.01002
 9.66084  1.06796  0.00960
 9.73213  1.07014  0.01028
 9.80343  1.05440  0.00970
 9.87473  1.05560  0.00981
 9.94603  1.06096  0.01011
10.01733  1.07203  0.01020
10.08862  1.04920  0.00931
10.15992  1.03536  0.00894
10.23122  1.03209  0.00838
10.30252  1.04003  0.00932
10.37381  1.04062  0.00975
10.44511  1.02513  0.00836
10.51641  1.05372  0.00843
10.58771  1.05156  0.00911
10.65900  1.02941  0.00908
10.73030  1.03948  0.00920
10.80160  1.02370  0.00900
10.87290  1.01361  0.00829
10.94420  1.01968  0.00910
11.01549  1.02610  0.00859
11.08679  1.03657  0.00867
11.15809  1.04192  0.00826
11.22939  1.01281  0.00818
11.30068  1.04537  0.00803
11.37198  1.02398  0.00729
11.44328  1.03045  0.00804
11.51458  1.04382  0.00842
11.58587  1.02794  0.00785
11.65717  1.02582  0.00822
11.72847  1.03276  0.00786
11.79977  1.02882  0.00787
11.87107  1.01307  0.00655
11.94236  1.02050  0.00724
12.01366  1.01828  0.00714
12.08496  1.03478  0.00777
12.15626  1.02385  0.00766
12.22755  1.01103  0.00675
12.29885  1.02202  0.00773
12.37015  1.01424  0.00780
12.44145  1.02639  0.00728
12.51274  1.00818  0.00785
12.58404  1.01293  0.00652
12.65534  1.01629  0.00674
12.72664  1.01185  0.00746
12.79794  1.01414  0.00746
12.86923  1.00965  0.00706
12.94053  1.00481  0.00707
13.01183  1.00918  0.00658
13.08313  1.00247  0.00645
13.15442  1.00340  0.00633
13.22572  1.00331  0.00662
13.29702  1.01308  0.00699
13.36832  1.00545  0.00672
13.43961  1.01096  0.00673
13.51091  0.99419  0.00670
13.58221  1.00418  0.00657
13.65351  1.00263  0.00656
13.72481  1.00711  0.00693
13.79610  1.01251  0.00638
13.86740  0.98714  0.00638
13.93870  1.00167  0.00644
14.01000  0.99338  0.00622
14.08129  0.99351  0.00612
14.15259  1.01384  0.00632
14.22389  0.99321  0.00657
14.29519  1.00178  0.00580
14.36648  0.99767  0.00652
14.43778  0.99231  0.00592
14.50908  1.00614  0.00540
14.58038  1.00006  0.00626
14.65167  0.98696  0.00582
14.72297  0.99404  0.00609
14.79427  0.99330  0.00634
14.86557  1.00418  0.00539
14.93687  0.98300  0.00534
15.00816  0.98859  0.00568
15.07946  1.00095  0.00569
15.15076  0.99187  0.00599
15.22206  0.99665  0.00595
15.29335  0.99871  0.00522
15.36465  0.99127  0.00610
15.43595  0.99580  0.00477
15.50725  0.99363  0.00616
15.57854  0.99143  0.00581
15.64984  0.98985  0.00541
15.72114  0.99384  0.00540
15.79244  0.99183  0.00559
15.86374  0.99375  0.00652
15.93503  0.99066  0.00518
16.00633  0.99129  0.00504
16.07763  0.98294  0.00553
16.14893  0.97890  0.00557
16.22022  0.97482  0.00552
16.29152  0.98684  0.00552
16.36282  0.98935  0.00582
16.43412  0.98725  0.00524
16.50541  0.98502  0.00506
16.57671  0.98077  0.00547
16.64801  0.99813  0.00543
16.71931  0.99168  0.00544
16.79061  0.98458  0.00560
16.86190  0.98615  0.00505
16.93320  0.99225  0.00517
17.00450  0.98529  0.00542
17.07580  0.98511  0.00491
17.14709  0.98211  0.00510
17.21839  0.98569  0.00468
17.28969  0.99006  0.00491
17.36099  0.97383  0.00500
17.43228  0.98729  0.00467
17.50358  0.97702  0.00509
17.57488  0.98503  0.00487
17.64618  0.99079  0.00498
17.71748  0.98244  0.00517
17.78877  0.97986  0.00484
17.86007  0.98935  0.00513
17.93137  0.98893  0.00480
18.00267  0.98015  0.00468
18.07396  0.98395  0.00440
18.14526  0.97838  0.00477
18.21656  0.98728  0.00475
18.28786  0.98381  0.00500
18.35915  0.98136  0.00489
18.43045  0.98331  0.00443
18.50175  0.98321  0.00506
18.57305  0.97706  0.00503
18.64435  0.98630  0.00424
18.71564  0.98538  0.00451
18.78694  0.97920  0.00476
18.85824  0.97829  0.00410
18.92954  0.97799  0.00460
19.00083  0.97396  0.00426
19.07213  0.98474  0.00483
19.14343  0.98172  0.00486
19.21473  0.98385  0.00442
19.28602  0.97894  0.00473
19.35732  0.96879  0.00470
19.42862  0.98959  0.00412
19.49992  0.97933  0.00460
19.57122  0.99074  0.00454
19.64251  0.98477  0.00412
19.71381  0.98028  0.00453
19.78511  0.98600  0.00447
19.85641  0.98332  0.00435
19.92770  0.98497  0.00467
19.99900  0.98257  0.00441
20.07030  0.98413  0.00451
20.14160  0.98316  0.00398
20.21289  0.97525  0.00440
20.28419  0.98025  0.00449
20.35549  0.97704  0.00409
20.42679  0.97807  0.00415
20.49809  0.97413  0.00429
20.56938  0.97555  0.00400
20.64068  0.98221  0.00431
20.71198  0.97059  0.00422
20.78328  0.97561  0.00398
20.85457  0.97815  0.00413
20.92587  0.98339  0.00380
20.99717  0.97730  0.00433
21.06847  0.97500  0.00409
21.13976  0.97841  0.00447
21.21106  0.97476  0.00396
21.28236  0.97118  0.00398
21.35366  0.98212  0.00445
