 0.03565  0.00000
 0.10695  0.00000
 0.17824  0.00000
 0.24954  0.00000
 0.32084  0.00000
 0.39214  0.00000
 0.46343  0.00000
 0.53473  0.00000
 0.60603  0.00000
 0.67733  0.00000
 0.74863  0.00000
 0.81992  0.00000
 0.89122  0.00000
 0.96252  0.00000
 1.03382  0.00000
 1.10511  0.00000
 1.17641  0.00000
 1.24771  0.00000
 1.31901  0.00000
 1.39030  0.00000
 1.46160  0.00000
 1.53290  0.00000
 1.60420  0.00000
 1.67550  0.00000
 1.74679  0.00000
 1.81809  0.00000
 1.88939  0.00000
 1.96069  0.00000
 2.03198  0.00000
 2.10328  0.00000
 2.17458  0.00000
 2.24588  0.00000
 2.31717  0.00000
 2.38847  0.00000
 2.45977  0.00000
 2.53107  0.00000
 2.60237  0.00002
 2.67366  0.00065
 2.74496  0.00693
 2.81626  0.04168
 2.88756  0.14122
 2.95885  0.30788
 3.03015  0.50325
 3.10145  0.67640
 3.17275  0.79806
 3.24404  0.88940
 3.31534  0.94433
 3.38664  0.99326
 3.45794  1.05301
 3.52924  1.11925
 3.60053  1.18935
 3.67183  1.24923
 3.74313  1.29372
 3.81443  1.30098
 3.88572  1.27808
 3.95702  1.22543
 4.02832  1.16391
 4.09962  1.10668
 4.17091  1.05381
 4.24221  1.01538
 4.31351  0.98877
 4.38481  0.96803
 4.45611  0.95622
 4.52740  0.94742
 4.59870  0.94689
 4.67000  0.94760
 4.74130  0.94893
 4.81259  0.94972
 4.88389  0.96067
 4.95519  0.96714
 5.02649  0.98484
 5.09778  0.99739
 5.16908  1.00932
 5.24038  1.02488
 5.31168  1.02708
 5.38298  1.02510
 5.45427  1.01487
 5.52557  1.00412
 5.59687  0.99155
 5.66817  0.98033
 5.73946  0.97517
 5.81076  0.97084
 5.88206  0.96957
 5.95336  0.97136
 6.02465  0.97020
 6.09595  0.97158
 6.16725  0.97621
 6.23855  0.97784
 6.30985  0.98005
 6.38114  0.98140
 6.45244  0.97995
 6.52374  0.97936
 6.59504  0.98025
 6.66633  0.98147
 6.73763  0.97742
 6.80893  0.98020
 6.88023  0.97745
 6.95152  0.97864
 7.02282  0.98014
 7.09412  0.98002
 7.16542  0.98289
 7.23672  0.98541
 7.30801  0.98711
 7.37931  0.99091
 7.45061  0.99271
 7.52191  0.99534
 7.59320  0.99792
 7.66450  0.99928
 7.73580  1.00144
 7.80710  1.00309
 7.87839  1.00450
 7.94969  1.00661
 8.02099  1.00727
 8.09229  1.00772
 8.16359  1.00826
 8.23488  1.00480
 8.30618  1.00446
 8.37748  1.00389
 8.44878  1.00190
 8.52007  1.00038
 8.59137  0.99973
 8.66267  0.99756
 8.73397  0.99914
 8.80526  0.99566
 8.87656  0.99617
 8.94786  0.99723
 9.01916  0.99521
 9.09046  0.99491
 9.16175  0.99592
 9.23305  0.99624
 9.30435  0.99683
 9.37565  0.99580
 9.44694  0.99447
 9.51824  0.99483
 9.58954  0.99719
 9.66084  0.99594
 9.73213  0.99589
 9.80343  0.99610
 9.87473  0.99810
 9.94603  0.99809
10.01733  0.99957
10.08862  0.99785
10.15992  1.00010
10.23122  0.99944
10.30252  1.00061
10.37381  0.99838
10.44511  1.00049
10.51641  1.00087
10.58771  1.00150
10.65900  0.99968
10.73030  1.00169
10.80160  1.00075
10.87290  1.00242
10.94420  1.00022
11.01549  1.00136
11.08679  1.00015
11.15809  0.99974
11.22939  1.00174
11.30068  1.00143
11.37198  1.00090
11.44328  1.00096
11.51458  1.00108
11.58587  1.00074
11.65717  1.00050
11.72847  1.00116
11.79977  1.00082
11.87107  1.00146
11.94236  1.00083
12.01366  1.00173
12.08496  0.99996
12.15626  1.00111
12.22755  1.00054
12.29885  1.00068
12.37015  1.00055
12.44145  1.00077
12.51274  0.99910
12.58404  1.00022
12.65534  1.00041
12.72664  1.00112
12.79794  1.00146
12.86923  1.00103
12.94053  1.00128
13.01183  1.00017
13.08313  1.00155
13.15442  1.00126
13.22572  1.00157
13.29702  1.00184
13.36832  1.00001
13.43961  1.00101
13.51091  1.00087
13.58221  1.00149
13.65351  1.00172
13.72481  1.00172
13.79610  1.00098
13.86740  1.00029
13.93870  1.00190
14.01000  1.00115
14.08129  1.00176
14.15259  1.00155
14.22389  1.00135
14.29519  1.00115
14.36648  1.00132
14.43778  1.00054
14.50908  1.00146
14.58038  1.00202
14.65167  1.00259
14.72297  1.00203
14.79427  1.00137
14.86557  1.00098
14.93687  1.00086
15.00816  1.00153
15.07946  1.00140
15.15076  1.00104
15.22206  1.00179
15.29335  1.00138
15.36465  1.00038
15.43595  1.00173
15.50725  1.00162
15.57854  1.00063
15.64984  1.00193
15.72114  1.00219
15.79244  1.00182
15.86374  1.00123
15.93503  1.00098
16.00633  1.00048
16.07763  1.00081
16.14893  1.00120
16.22022  1.00046
16.29152  1.00211
16.36282  1.00153
16.43412  1.00232
16.50541  1.00131
16.57671  1.00190
16.64801  1.00174
16.71931  1.00174
16.79061  1.00125
16.86190  1.00136
16.93320  1.00150
17.00450  1.00207
17.07580  1.00302
17.14709  1.00184
17.21839  1.00070
17.28969  1.00195
17.36099  1.00209
17.43228  1.00124
17.50358  1.00183
17.57488  1.00165
17.64618  1.00106
17.71748  1.00158
17.78877  1.00206
17.86007  1.00195
17.93137  1.00157
18.00267  1.00189
18.07396  1.00110
18.14526  1.00060
18.21656  1.00117
18.28786  1.00176
18.35915  1.00167
18.43045  1.00168
18.50175  1.00119
18.57305  1.00225
18.64435  1.00169
18.71564  1.00221
18.78694  1.00158
18.85824  1.00116
18.92954  1.00236
19.00083  1.00196
19.07213  1.00167
19.14343  1.00190
19.21473  1.00106
19.28602  1.00176
19.35732  1.00113
19.42862  1.00116
19.49992  1.00159
19.57122  1.00200
19.64251  1.00196
19.71381  1.00190
19.78511  1.00226
19.85641  1.00187
19.92770  1.00120
19.99900  1.00151
20.07030  1.00180
20.14160  1.00174
20.21289  1.00166
20.28419  1.00167
20.35549  1.00130
20.42679  1.00217
20.49809  1.00169
20.56938  1.00098
20.64068  1.00173
20.71198  1.00163
20.78328  1.00147
20.85457  1.00204
20.92587  1.00117
20.99717  1.00192
21.06847  1.00116
21.13976  1.00235
21.21106  1.00137
21.28236  1.00208
21.35366  1.00089
