 0.03565  0.00000
 0.10695  0.00000
 0.17824  0.00000
 0.24954  0.00000
 0.32084  0.00000
 0.39214  0.00000
 0.46343  0.00000
 0.53473  0.00000
 0.60603  0.00000
 0.67733  0.00000
 0.74863  0.00000
 0.81992  0.00000
 0.89122  0.00000
 0.96252  0.00000
 1.03382  0.00000
 1.10511  0.00000
 1.17641  0.00000
 1.24771  0.00000
 1.31901  0.00000
 1.39030  0.00000
 1.46160  0.00000
 1.53290  0.00000
 1.60420  0.00000
 1.67550  0.00000
 1.74679  0.00000
 1.81809  0.00000
 1.88939  0.00000
 1.96069  0.00000
 2.03198  0.00000
 2.10328  0.00000
 2.17458  0.00000
 2.24588  0.00000
 2.31717  0.00000
 2.38847  0.00000
 2.45977  0.00000
 2.53107  0.00000
 2.60237  0.00000
 2.67366  0.00000
 2.74496  0.00000
 2.81626  0.00000
 2.88756  0.00000
 2.95885  0.00003
 3.03015  0.00030
 3.10145  0.00279
 3.17275  0.01555
 3.24404  0.05923
 3.31534  0.16355
 3.38664  0.34168
 3.45794  0.58033
 3.52924  0.84147
 3.60053  1.09317
 3.67183  1.28685
 3.74313  1.43387
 3.81443  1.55089
 3.88572  1.63078
 3.95702  1.67421
 4.02832  1.65757
 4.09962  1.56871
 4.17091  1.42402
 4.24221  1.27207
 4.31351  1.14280
 4.38481  1.04666
 4.45611  0.97419
 4.52740  0.93343
 4.59870  0.90043
 4.67000  0.88300
 4.74130  0.86862
 4.81259  0.86237
 4.88389  0.86189
 4.95519  0.86464
 5.02649  0.86916
 5.09778  0.87691
 5.16908  0.88549
 5.24038  0.89716
 5.31168  0.90658
 5.38298  0.91845
 5.45427  0.92918
 5.52557  0.93737
 5.59687  0.94769
 5.66817  0.95788
 5.73946  0.96875
 5.81076  0.97567
 5.88206  0.98229
 5.95336  0.99048
 6.02465  0.99595
 6.09595  1.00275
 6.16725  1.00770
 6.23855  1.01102
 6.30985  1.01132
 6.38114  1.01066
 6.45244  1.00701
 6.52374  1.00572
 6.59504  1.00032
 6.66633  0.99309
 6.73763  0.98724
 6.80893  0.98022
 6.88023  0.97739
 6.95152  0.97093
 7.02282  0.96792
 7.09412  0.96692
 7.16542  0.96680
 7.23672  0.96778
 7.30801  0.97128
 7.37931  0.97296
 7.45061  0.97883
 7.52191  0.98158
 7.59320  0.98599
 7.66450  0.99225
 7.73580  0.99531
 7.80710  0.99852
 7.87839  1.00409
 7.94969  1.00611
 8.02099  1.00971
 8.09229  1.01150
 8.16359  1.01200
 8.23488  1.01424
 8.30618  1.01236
 8.37748  1.01353
 8.44878  1.01183
 8.52007  1.01204
 8.59137  1.01094
 8.66267  1.00814
 8.73397  1.00686
 8.80526  1.00455
 8.87656  1.00415
 8.94786  1.00034
 9.01916  0.99879
 9.09046  0.99741
 9.16175  0.99466
 9.23305  0.99426
 9.30435  0.99436
 9.37565  0.99401
 9.44694  0.99395
 9.51824  0.99322
 9.58954  0.99216
 9.66084  0.99368
 9.73213  0.99374
 9.80343  0.99398
 9.87473  0.99609
 9.94603  0.99755
10.01733  0.99954
10.08862  0.99915
10.15992  1.00090
10.23122  1.00105
10.30252  1.00201
10.37381  1.00404
10.44511  1.00324
10.51641  1.00505
10.58771  1.00437
10.65900  1.00459
10.73030  1.00514
10.80160  1.00545
10.87290  1.00330
10.94420  1.00504
11.01549  1.00357
11.08679  1.00311
11.15809  1.00252
11.22939  1.00199
11.30068  1.00173
11.37198  1.00191
11.44328  1.00070
11.51458  1.00071
11.58587  1.00021
11.65717  1.00182
11.72847  1.00085
11.79977  1.00079
11.87107  1.00115
11.94236  1.00173
12.01366  1.00123
12.08496  1.00074
12.15626  1.00035
12.22755  1.00111
12.29885  1.00242
12.37015  1.00142
12.44145  1.00207
12.51274  1.00249
12.58404  1.00244
12.65534  1.00206
12.72664  1.00186
12.79794  1.00168
12.86923  1.00338
12.94053  1.00306
13.01183  1.00123
13.08313  1.00236
13.15442  1.00269
13.22572  1.00222
13.29702  1.00175
13.36832  1.00248
13.43961  1.00114
13.51091  1.00130
13.58221  1.00205
13.65351  1.00153
13.72481  1.00168
13.79610  1.00129
13.86740  1.00156
13.93870  1.00208
14.01000  1.00229
14.08129  1.00139
14.15259  1.00145
14.22389  1.00261
14.29519  1.00187
14.36648  1.00128
14.43778  1.00160
14.50908  1.00189
14.58038  1.00219
14.65167  1.00246
14.72297  1.00277
14.79427  1.00290
14.86557  1.00216
14.93687  1.00213
15.00816  1.00260
15.07946  1.00274
15.15076  1.00213
15.22206  1.00211
15.29335  1.00156
15.36465  1.00254
15.43595  1.00207
15.50725  1.00188
15.57854  1.00194
15.64984  1.00115
15.72114  1.00257
15.79244  1.00191
15.86374  1.00291
15.93503  1.00178
16.00633  1.00147
16.07763  1.00093
16.14893  1.00177
16.22022  1.00217
16.29152  1.00188
16.36282  1.00178
16.43412  1.00170
16.50541  1.00200
16.57671  1.00250
16.64801  1.00190
16.71931  1.00285
16.79061  1.00180
16.86190  1.00180
16.93320  1.00258
17.00450  1.00221
17.07580  1.00173
17.14709  1.00210
17.21839  1.00212
17.28969  1.00239
17.36099  1.00154
17.43228  1.00257
17.50358  1.00216
17.57488  1.00166
17.64618  1.00124
17.71748  1.00274
17.78877  1.00269
17.86007  1.00233
17.93137  1.00196
18.00267  1.00269
18.07396  1.00266
18.14526  1.00322
18.21656  1.00250
18.28786  1.00244
18.35915  1.00169
18.43045  1.00155
18.50175  1.00192
18.57305  1.00235
18.64435  1.00217
18.71564  1.00187
18.78694  1.00184
18.85824  1.00201
18.92954  1.00209
19.00083  1.00197
19.07213  1.00198
19.14343  1.00138
19.21473  1.00225
19.28602  1.00141
19.35732  1.00234
19.42862  1.00234
19.49992  1.00197
19.57122  1.00278
19.64251  1.00202
19.71381  1.00163
19.78511  1.00199
19.85641  1.00223
19.92770  1.00284
19.99900  1.00233
20.07030  1.00233
20.14160  1.00231
20.21289  1.00218
20.28419  1.00236
20.35549  1.00232
20.42679  1.00279
20.49809  1.00222
20.56938  1.00257
20.64068  1.00183
20.71198  1.00255
20.78328  1.00179
20.85457  1.00246
20.92587  1.00202
20.99717  1.00178
21.06847  1.00202
21.13976  1.00140
21.21106  1.00181
21.28236  1.00204
21.35366  1.00107
