 0.03565      inf      nan
 0.10695      inf      nan
 0.17824      inf      nan
 0.24954      inf      nan
 0.32084      inf      nan
 0.39214      inf      nan
 0.46343      inf      nan
 0.53473      inf      nan
 0.60603      inf      nan
 0.67733      inf      nan
 0.74863      inf      nan
 0.81992      inf      nan
 0.89122      inf      nan
 0.96252      inf      nan
 1.03382      inf      nan
 1.10511      inf      nan
 1.17641      inf      nan
 1.24771      inf      nan
 1.31901      inf      nan
 1.39030      inf      nan
 1.46160      inf      nan
 1.53290      inf      nan
 1.60420      inf      nan
 1.67550      inf      nan
 1.74679      inf      nan
 1.81809      inf      nan
 1.88939      inf      nan
 1.96069      inf      nan
 2.03198      inf      nan
 2.10328      inf      nan
 2.17458      inf      nan
 2.24588      inf      nan
 2.31717      inf      nan
 2.38847      inf      nan
 2.45977      inf      nan
 2.53107      inf      nan
 2.60237      inf      nan
 2.67366      inf      nan
 2.74496      inf      nan
 2.81626      inf      nan
 2.88756      inf      nan
 2.95885      inf      nan
 3.03015      inf      nan
 3.10145      inf      nan
 3.17275      inf      nan
 3.24404  3.35958  0.25783
 3.31534  2.43253  0.11951
 3.38664  1.58602  0.05407
 3.45794  1.00936  0.03200
 3.52924  0.48990  0.02126
 3.60053  0.15062  0.01763
 3.67183 -0.09659  0.01231
 3.74313 -0.26504  0.01217
 3.81443 -0.41447  0.01052
 3.88572 -0.49121  0.00963
 3.95702 -0.56062  0.00913
 4.02832 -0.60337  0.00841
 4.09962 -0.63366  0.00756
 4.17091 -0.65816  0.00772
 4.24221 -0.64204  0.00790
 4.31351 -0.64823  0.00828
 4.38481 -0.64840  0.00753
 4.45611 -0.63596  0.00813
 4.52740 -0.63911  0.00758
 4.59870 -0.61319  0.00704
 4.67000 -0.60175  0.00745
 4.74130 -0.59108  0.00814
 4.81259 -0.58540  0.00774
 4.88389 -0.57373  0.00739
 4.95519 -0.56178  0.00776
 5.02649 -0.56011  0.00729
 5.09778 -0.51387  0.00763
 5.16908 -0.49424  0.00704
 5.24038 -0.48300  0.00762
 5.31168 -0.45229  0.00762
 5.38298 -0.43516  0.00728
 5.45427 -0.41347  0.00801
 5.52557 -0.41798  0.00743
 5.59687 -0.39592  0.00775
 5.66817 -0.40786  0.00703
 5.73946 -0.39279  0.00703
 5.81076 -0.40266  0.00728
 5.88206 -0.38911  0.00739
 5.95336 -0.38971  0.00618
 6.02465 -0.37667  0.00730
 6.09595 -0.35799  0.00694
 6.16725 -0.32681  0.00728
 6.23855 -0.30420  0.00729
 6.30985 -0.27746  0.00733
 6.38114 -0.26335  0.00601
 6.45244 -0.23098  0.00721
 6.52374 -0.20546  0.00755
 6.59504 -0.19060  0.00755
 6.66633 -0.17243  0.00715
 6.73763 -0.15195  0.00726
 6.80893 -0.14630  0.00720
 6.88023 -0.13403  0.00716
 6.95152 -0.13218  0.00712
 7.02282 -0.11355  0.00733
 7.09412 -0.11580  0.00625
 7.16542 -0.10904  0.00648
 7.23672 -0.11168  0.00603
 7.30801 -0.10143  0.00682
 7.37931 -0.10208  0.00632
 7.45061 -0.09169  0.00694
 7.52191 -0.09061  0.00689
 7.59320 -0.08461  0.00648
 7.66450 -0.07534  0.00690
 7.73580 -0.07561  0.00636
 7.80710 -0.06882  0.00642
 7.87839 -0.04766  0.00668
 7.94969 -0.06788  0.00572
 8.02099 -0.05015  0.00652
 8.09229 -0.04683  0.00626
 8.16359 -0.05157  0.00608
 8.23488 -0.04823  0.00593
 8.30618 -0.05334  0.00572
 8.37748 -0.05461  0.00585
 8.44878 -0.04418  0.00628
 8.52007 -0.04981  0.00594
 8.59137 -0.04993  0.00667
 8.66267 -0.05346  0.00607
 8.73397 -0.05357  0.00623
 8.80526 -0.05157  0.00574
 8.87656 -0.05085  0.00596
 8.94786 -0.05506  0.00562
 9.01916 -0.05789  0.00458
 9.09046 -0.04508  0.00544
 9.16175 -0.05526  0.00471
 9.23305 -0.05204  0.00528
 9.30435 -0.03994  0.00587
 9.37565 -0.04872  0.00560
 9.44694 -0.04789  0.00575
 9.51824 -0.03753  0.00550
 9.58954 -0.04404  0.00551
 9.66084 -0.03892  0.00532
 9.73213 -0.04013  0.00569
 9.80343 -0.03136  0.00545
 9.87473 -0.03203  0.00550
 9.94603 -0.03503  0.00564
10.01733 -0.04118  0.00563
10.08862 -0.02843  0.00525
10.15992 -0.02057  0.00511
10.23122 -0.01870  0.00481
10.30252 -0.02324  0.00530
10.37381 -0.02357  0.00555
10.44511 -0.01470  0.00483
10.51641 -0.03098  0.00474
10.58771 -0.02976  0.00513
10.65900 -0.01716  0.00522
10.73030 -0.02292  0.00524
10.80160 -0.01386  0.00521
10.87290 -0.00800  0.00484
10.94420 -0.01154  0.00528
11.01549 -0.01526  0.00496
11.08679 -0.02126  0.00495
11.15809 -0.02431  0.00469
11.22939 -0.00754  0.00478
11.30068 -0.02627  0.00455
11.37198 -0.01403  0.00421
11.44328 -0.01776  0.00462
11.51458 -0.02539  0.00478
11.58587 -0.01632  0.00452
11.65717 -0.01509  0.00475
11.72847 -0.01908  0.00450
11.79977 -0.01682  0.00453
11.87107 -0.00769  0.00383
11.94236 -0.01202  0.00420
12.01366 -0.01073  0.00415
12.08496 -0.02024  0.00445
12.15626 -0.01396  0.00443
12.22755 -0.00649  0.00395
12.29885 -0.01289  0.00448
12.37015 -0.00837  0.00455
12.44145 -0.01542  0.00420
12.51274 -0.00482  0.00461
12.58404 -0.00761  0.00381
12.65534 -0.00957  0.00392
12.72664 -0.00697  0.00437
12.79794 -0.00831  0.00436
12.86923 -0.00568  0.00414
12.94053 -0.00284  0.00417
13.01183 -0.00541  0.00386
13.08313 -0.00146  0.00381
13.15442 -0.00201  0.00373
13.22572 -0.00195  0.00391
13.29702 -0.00769  0.00409
13.36832 -0.00322  0.00396
13.43961 -0.00646  0.00394
13.51091  0.00345  0.00399
13.58221 -0.00247  0.00387
13.65351 -0.00155  0.00387
13.72481 -0.00419  0.00407
13.79610 -0.00736  0.00373
13.86740  0.00766  0.00382
13.93870 -0.00099  0.00381
14.01000  0.00393  0.00371
14.08129  0.00386  0.00365
14.15259 -0.00814  0.00369
14.22389  0.00403  0.00392
14.29519 -0.00105  0.00343
14.36648  0.00138  0.00387
14.43778  0.00457  0.00353
14.50908 -0.00363  0.00317
14.58038 -0.00004  0.00371
14.65167  0.00777  0.00349
14.72297  0.00354  0.00363
14.79427  0.00398  0.00378
14.86557 -0.00247  0.00318
14.93687  0.01015  0.00322
15.00816  0.00679  0.00340
15.07946 -0.00056  0.00336
15.15076  0.00483  0.00358
15.22206  0.00198  0.00354
15.29335  0.00076  0.00309
15.36465  0.00519  0.00365
15.43595  0.00249  0.00284
15.50725  0.00378  0.00367
15.57854  0.00509  0.00347
15.64984  0.00604  0.00323
15.72114  0.00366  0.00322
15.79244  0.00486  0.00334
15.86374  0.00371  0.00388
15.93503  0.00556  0.00309
16.00633  0.00518  0.00301
16.07763  0.01019  0.00333
16.14893  0.01262  0.00337
16.22022  0.01510  0.00335
16.29152  0.00784  0.00331
16.36282  0.00634  0.00349
16.43412  0.00759  0.00314
16.50541  0.00893  0.00304
16.57671  0.01149  0.00330
16.64801  0.00111  0.00322
16.71931  0.00495  0.00325
16.79061  0.00920  0.00336
16.86190  0.00825  0.00303
16.93320  0.00461  0.00309
17.00450  0.00877  0.00326
17.07580  0.00888  0.00295
17.14709  0.01069  0.00307
17.21839  0.00853  0.00281
17.28969  0.00591  0.00294
17.36099  0.01570  0.00304
17.43228  0.00757  0.00280
17.50358  0.01376  0.00308
17.57488  0.00893  0.00293
17.64618  0.00548  0.00298
17.71748  0.01048  0.00311
17.78877  0.01205  0.00292
17.86007  0.00634  0.00307
17.93137  0.00659  0.00287
18.00267  0.01187  0.00282
18.07396  0.00958  0.00265
18.14526  0.01294  0.00289
18.21656  0.00758  0.00285
18.28786  0.00967  0.00301
18.35915  0.01114  0.00295
18.43045  0.00996  0.00266
18.50175  0.01002  0.00305
18.57305  0.01374  0.00305
18.64435  0.00816  0.00254
18.71564  0.00872  0.00271
18.78694  0.01244  0.00288
18.85824  0.01299  0.00248
18.92954  0.01318  0.00278
19.00083  0.01562  0.00259
19.07213  0.00910  0.00291
19.14343  0.01092  0.00293
19.21473  0.00964  0.00266
19.28602  0.01260  0.00286
19.35732  0.01877  0.00287
19.42862  0.00620  0.00246
19.49992  0.01237  0.00278
19.57122  0.00551  0.00271
19.64251  0.00908  0.00248
19.71381  0.01179  0.00274
19.78511  0.00835  0.00269
19.85641  0.00995  0.00262
19.92770  0.00896  0.00280
19.99900  0.01041  0.00266
20.07030  0.00947  0.00271
20.14160  0.01005  0.00240
20.21289  0.01484  0.00267
20.28419  0.01181  0.00271
20.35549  0.01375  0.00248
20.42679  0.01313  0.00251
20.49809  0.01552  0.00261
20.56938  0.01466  0.00243
20.64068  0.01063  0.00260
20.71198  0.01767  0.00257
20.78328  0.01462  0.00241
20.85457  0.01308  0.00250
20.92587  0.00992  0.00229
20.99717  0.01360  0.00263
21.06847  0.01499  0.00248
21.13976  0.01292  0.00271
21.21106  0.01513  0.00240
21.28236  0.01731  0.00243
21.35366  0.01068  0.00268
