 0.03565      inf
 0.10695      inf
 0.17824      inf
 0.24954      inf
 0.32084      inf
 0.39214      inf
 0.46343      inf
 0.53473      inf
 0.60603      inf
 0.67733      inf
 0.74863      inf
 0.81992      inf
 0.89122      inf
 0.96252      inf
 1.03382      inf
 1.10511      inf
 1.17641      inf
 1.24771      inf
 1.31901      inf
 1.39030      inf
 1.46160      inf
 1.53290      inf
 1.60420      inf
 1.67550      inf
 1.74679      inf
 1.81809      inf
 1.88939      inf
 1.96069      inf
 2.03198      inf
 2.10328      inf
 2.17458      inf
 2.24588      inf
 2.31717      inf
 2.38847      inf
 2.45977      inf
 2.53107      inf
 2.60237  6.43588
 2.67366  4.34643
 2.74496  2.94327
 2.81626  1.88121
 2.88756  1.15880
 2.95885  0.69741
 3.03015  0.40650
 3.10145  0.23145
 3.17275  0.13354
 3.24404  0.06939
 3.31534  0.03391
 3.38664  0.00400
 3.45794 -0.03058
 3.52924 -0.06669
 3.60053 -0.10265
 3.67183 -0.13174
 3.74313 -0.15245
 3.81443 -0.15577
 3.88572 -0.14525
 3.95702 -0.12035
 4.02832 -0.08986
 4.09962 -0.06001
 4.17091 -0.03103
 4.24221 -0.00903
 4.31351  0.00668
 4.38481  0.01923
 4.45611  0.02650
 4.52740  0.03197
 4.59870  0.03231
 4.67000  0.03186
 4.74130  0.03103
 4.81259  0.03054
 4.88389  0.02375
 4.95519  0.01978
 5.02649  0.00904
 5.09778  0.00154
 5.16908 -0.00549
 5.24038 -0.01455
 5.31168 -0.01582
 5.38298 -0.01468
 5.45427 -0.00874
 5.52557 -0.00243
 5.59687  0.00503
 5.66817  0.01176
 5.73946  0.01489
 5.81076  0.01752
 5.88206  0.01829
 5.95336  0.01721
 6.02465  0.01791
 6.09595  0.01707
 6.16725  0.01425
 6.23855  0.01326
 6.30985  0.01193
 6.38114  0.01111
 6.45244  0.01199
 6.52374  0.01235
 6.59504  0.01181
 6.66633  0.01107
 6.73763  0.01352
 6.80893  0.01184
 6.88023  0.01350
 6.95152  0.01278
 7.02282  0.01187
 7.09412  0.01195
 7.16542  0.01021
 7.23672  0.00870
 7.30801  0.00768
 7.37931  0.00541
 7.45061  0.00433
 7.52191  0.00277
 7.59320  0.00123
 7.66450  0.00042
 7.73580 -0.00085
 7.80710 -0.00183
 7.87839 -0.00266
 7.94969 -0.00390
 8.02099 -0.00429
 8.09229 -0.00455
 8.16359 -0.00487
 8.23488 -0.00284
 8.30618 -0.00263
 8.37748 -0.00230
 8.44878 -0.00112
 8.52007 -0.00023
 8.59137  0.00016
 8.66267  0.00145
 8.73397  0.00051
 8.80526  0.00257
 8.87656  0.00227
 8.94786  0.00164
 9.01916  0.00284
 9.09046  0.00302
 9.16175  0.00242
 9.23305  0.00223
 9.30435  0.00188
 9.37565  0.00249
 9.44694  0.00328
 9.51824  0.00307
 9.58954  0.00167
 9.66084  0.00241
 9.73213  0.00244
 9.80343  0.00232
 9.87473  0.00112
 9.94603  0.00113
10.01733  0.00026
10.08862  0.00127
10.15992 -0.00006
10.23122  0.00033
10.30252 -0.00036
10.37381  0.00096
10.44511 -0.00029
10.51641 -0.00052
10.58771 -0.00089
10.65900  0.00019
10.73030 -0.00100
10.80160 -0.00044
10.87290 -0.00143
10.94420 -0.00013
11.01549 -0.00081
11.08679 -0.00009
11.15809  0.00016
11.22939 -0.00103
11.30068 -0.00085
11.37198 -0.00053
11.44328 -0.00057
11.51458 -0.00064
11.58587 -0.00044
11.65717 -0.00030
11.72847 -0.00069
11.79977 -0.00048
11.87107 -0.00086
11.94236 -0.00049
12.01366 -0.00102
12.08496  0.00002
12.15626 -0.00066
12.22755 -0.00032
12.29885 -0.00040
12.37015 -0.00033
12.44145 -0.00045
12.51274  0.00053
12.58404 -0.00013
12.65534 -0.00025
12.72664 -0.00067
12.79794 -0.00086
12.86923 -0.00061
12.94053 -0.00076
13.01183 -0.00010
13.08313 -0.00091
13.15442 -0.00075
13.22572 -0.00093
13.29702 -0.00109
13.36832 -0.00001
13.43961 -0.00060
13.51091 -0.00052
13.58221 -0.00088
13.65351 -0.00102
13.72481 -0.00102
13.79610 -0.00058
13.86740 -0.00017
13.93870 -0.00113
14.01000 -0.00068
14.08129 -0.00104
14.15259 -0.00092
14.22389 -0.00080
14.29519 -0.00068
14.36648 -0.00078
14.43778 -0.00032
14.50908 -0.00087
14.58038 -0.00119
14.65167 -0.00153
14.72297 -0.00120
14.79427 -0.00081
14.86557 -0.00058
14.93687 -0.00051
15.00816 -0.00091
15.07946 -0.00083
15.15076 -0.00061
15.22206 -0.00106
15.29335 -0.00082
15.36465 -0.00023
15.43595 -0.00103
15.50725 -0.00096
15.57854 -0.00037
15.64984 -0.00114
15.72114 -0.00130
15.79244 -0.00108
15.86374 -0.00073
15.93503 -0.00058
16.00633 -0.00028
16.07763 -0.00048
16.14893 -0.00071
16.22022 -0.00027
16.29152 -0.00125
16.36282 -0.00090
16.43412 -0.00137
16.50541 -0.00078
16.57671 -0.00112
16.64801 -0.00103
16.71931 -0.00103
16.79061 -0.00074
16.86190 -0.00080
16.93320 -0.00089
17.00450 -0.00123
17.07580 -0.00179
17.14709 -0.00109
17.21839 -0.00042
17.28969 -0.00115
17.36099 -0.00124
17.43228 -0.00074
17.50358 -0.00108
17.57488 -0.00098
17.64618 -0.00063
17.71748 -0.00093
17.78877 -0.00122
17.86007 -0.00115
17.93137 -0.00093
18.00267 -0.00112
18.07396 -0.00065
18.14526 -0.00036
18.21656 -0.00069
18.28786 -0.00104
18.35915 -0.00099
18.43045 -0.00099
18.50175 -0.00070
18.57305 -0.00133
18.64435 -0.00100
18.71564 -0.00130
18.78694 -0.00093
18.85824 -0.00069
18.92954 -0.00140
19.00083 -0.00116
19.07213 -0.00099
19.14343 -0.00113
19.21473 -0.00063
19.28602 -0.00104
19.35732 -0.00067
19.42862 -0.00068
19.49992 -0.00094
19.57122 -0.00118
19.64251 -0.00116
19.71381 -0.00113
19.78511 -0.00134
19.85641 -0.00111
19.92770 -0.00071
19.99900 -0.00090
20.07030 -0.00107
20.14160 -0.00103
20.21289 -0.00098
20.28419 -0.00099
20.35549 -0.00077
20.42679 -0.00129
20.49809 -0.00100
20.56938 -0.00058
20.64068 -0.00102
20.71198 -0.00096
20.78328 -0.00087
20.85457 -0.00121
20.92587 -0.00069
20.99717 -0.00114
21.06847 -0.00068
21.13976 -0.00139
21.21106 -0.00081
21.28236 -0.00123
21.35366 -0.00052
