 0.03565      inf
 0.10695      inf
 0.17824      inf
 0.24954      inf
 0.32084      inf
 0.39214      inf
 0.46343      inf
 0.53473      inf
 0.60603      inf
 0.67733      inf
 0.74863      inf
 0.81992      inf
 0.89122      inf
 0.96252      inf
 1.03382      inf
 1.10511      inf
 1.17641      inf
 1.24771      inf
 1.31901      inf
 1.39030      inf
 1.46160      inf
 1.53290      inf
 1.60420      inf
 1.67550      inf
 1.74679      inf
 1.81809      inf
 1.88939      inf
 1.96069      inf
 2.03198      inf
 2.10328      inf
 2.17458      inf
 2.24588      inf
 2.31717      inf
 2.38847      inf
 2.45977      inf
 2.53107      inf
 2.60237      inf
 2.67366      inf
 2.74496      inf
 2.81626      inf
 2.88756      inf
 2.95885  6.17753
 3.03015  4.79977
 3.10145  3.48235
 3.17275  2.46485
 3.24404  1.67316
 3.31534  1.07188
 3.38664  0.63573
 3.45794  0.32214
 3.52924  0.10219
 3.60053 -0.05273
 3.67183 -0.14930
 3.74313 -0.21334
 3.81443 -0.25979
 3.88572 -0.28952
 3.95702 -0.30508
 4.02832 -0.29917
 4.09962 -0.26655
 4.17091 -0.20926
 4.24221 -0.14246
 4.31351 -0.07902
 4.38481 -0.02700
 4.45611  0.01548
 4.52740  0.04078
 4.59870  0.06209
 4.67000  0.07366
 4.74130  0.08338
 4.81259  0.08766
 4.88389  0.08799
 4.95519  0.08610
 5.02649  0.08302
 5.09778  0.07776
 5.16908  0.07200
 5.24038  0.06424
 5.31168  0.05806
 5.38298  0.05036
 5.45427  0.04348
 5.52557  0.03829
 5.59687  0.03180
 5.66817  0.02548
 5.73946  0.01880
 5.81076  0.01458
 5.88206  0.01058
 5.95336  0.00566
 6.02465  0.00240
 6.09595 -0.00163
 6.16725 -0.00454
 6.23855 -0.00649
 6.30985 -0.00666
 6.38114 -0.00628
 6.45244 -0.00413
 6.52374 -0.00338
 6.59504 -0.00019
 6.66633  0.00411
 6.73763  0.00760
 6.80893  0.01183
 6.88023  0.01354
 6.95152  0.01747
 7.02282  0.01930
 7.09412  0.01991
 7.16542  0.01999
 7.23672  0.01939
 7.30801  0.01725
 7.37931  0.01623
 7.45061  0.01267
 7.52191  0.01100
 7.59320  0.00835
 7.66450  0.00460
 7.73580  0.00278
 7.80710  0.00088
 7.87839 -0.00242
 7.94969 -0.00361
 8.02099 -0.00572
 8.09229 -0.00677
 8.16359 -0.00706
 8.23488 -0.00837
 8.30618 -0.00727
 8.37748 -0.00796
 8.44878 -0.00696
 8.52007 -0.00709
 8.59137 -0.00644
 8.66267 -0.00480
 8.73397 -0.00405
 8.80526 -0.00269
 8.87656 -0.00245
 8.94786 -0.00020
 9.01916  0.00072
 9.09046  0.00154
 9.16175  0.00317
 9.23305  0.00341
 9.30435  0.00335
 9.37565  0.00356
 9.44694  0.00359
 9.51824  0.00403
 9.58954  0.00466
 9.66084  0.00375
 9.73213  0.00372
 9.80343  0.00358
 9.87473  0.00232
 9.94603  0.00145
10.01733  0.00027
10.08862  0.00050
10.15992 -0.00053
10.23122 -0.00062
10.30252 -0.00119
10.37381 -0.00239
10.44511 -0.00191
10.51641 -0.00298
10.58771 -0.00258
10.65900 -0.00271
10.73030 -0.00304
10.80160 -0.00322
10.87290 -0.00195
10.94420 -0.00297
11.01549 -0.00211
11.08679 -0.00184
11.15809 -0.00149
11.22939 -0.00117
11.30068 -0.00102
11.37198 -0.00113
11.44328 -0.00042
11.51458 -0.00042
11.58587 -0.00012
11.65717 -0.00108
11.72847 -0.00050
11.79977 -0.00047
11.87107 -0.00068
11.94236 -0.00102
12.01366 -0.00073
12.08496 -0.00044
12.15626 -0.00021
12.22755 -0.00066
12.29885 -0.00143
12.37015 -0.00084
12.44145 -0.00122
12.51274 -0.00147
12.58404 -0.00144
12.65534 -0.00122
12.72664 -0.00110
12.79794 -0.00100
12.86923 -0.00200
12.94053 -0.00181
13.01183 -0.00073
13.08313 -0.00140
13.15442 -0.00159
13.22572 -0.00131
13.29702 -0.00104
13.36832 -0.00147
13.43961 -0.00068
13.51091 -0.00077
13.58221 -0.00121
13.65351 -0.00091
13.72481 -0.00099
13.79610 -0.00076
13.86740 -0.00093
13.93870 -0.00123
14.01000 -0.00135
14.08129 -0.00083
14.15259 -0.00086
14.22389 -0.00154
14.29519 -0.00111
14.36648 -0.00076
14.43778 -0.00095
14.50908 -0.00112
14.58038 -0.00129
14.65167 -0.00145
14.72297 -0.00164
14.79427 -0.00171
14.86557 -0.00128
14.93687 -0.00126
15.00816 -0.00154
15.07946 -0.00162
15.15076 -0.00126
15.22206 -0.00124
15.29335 -0.00092
15.36465 -0.00150
15.43595 -0.00123
15.50725 -0.00111
15.57854 -0.00115
15.64984 -0.00068
15.72114 -0.00152
15.79244 -0.00113
15.86374 -0.00172
15.93503 -0.00105
16.00633 -0.00087
16.07763 -0.00055
16.14893 -0.00105
16.22022 -0.00128
16.29152 -0.00111
16.36282 -0.00105
16.43412 -0.00100
16.50541 -0.00118
16.57671 -0.00148
16.64801 -0.00112
16.71931 -0.00168
16.79061 -0.00106
16.86190 -0.00107
16.93320 -0.00152
17.00450 -0.00131
17.07580 -0.00103
17.14709 -0.00124
17.21839 -0.00125
17.28969 -0.00141
17.36099 -0.00091
17.43228 -0.00152
17.50358 -0.00128
17.57488 -0.00098
17.64618 -0.00073
17.71748 -0.00162
17.78877 -0.00159
17.86007 -0.00138
17.93137 -0.00116
18.00267 -0.00159
18.07396 -0.00157
18.14526 -0.00190
18.21656 -0.00148
18.28786 -0.00145
18.35915 -0.00100
18.43045 -0.00092
18.50175 -0.00114
18.57305 -0.00139
18.64435 -0.00128
18.71564 -0.00111
18.78694 -0.00109
18.85824 -0.00119
18.92954 -0.00124
19.00083 -0.00117
19.07213 -0.00117
19.14343 -0.00082
19.21473 -0.00133
19.28602 -0.00083
19.35732 -0.00138
19.42862 -0.00139
19.49992 -0.00117
19.57122 -0.00164
19.64251 -0.00119
19.71381 -0.00096
19.78511 -0.00118
19.85641 -0.00132
19.92770 -0.00168
19.99900 -0.00138
20.07030 -0.00138
20.14160 -0.00137
20.21289 -0.00129
20.28419 -0.00140
20.35549 -0.00137
20.42679 -0.00165
20.49809 -0.00131
20.56938 -0.00152
20.64068 -0.00108
20.71198 -0.00151
20.78328 -0.00106
20.85457 -0.00145
20.92587 -0.00119
20.99717 -0.00105
21.06847 -0.00119
21.13976 -0.00083
21.21106 -0.00107
21.28236 -0.00121
21.35366 -0.00063
