 0.03545  0.00000
 0.10635  0.00000
 0.17724  0.00000
 0.24814  0.00000
 0.31904  0.00000
 0.38993  0.00000
 0.46083  0.00000
 0.53173  0.00000
 0.60263  0.00000
 0.67352  0.00000
 0.74442  0.00000
 0.81532  0.00000
 0.88622  0.00000
 0.95711  0.00000
 1.02801  0.00000
 1.09891  0.00000
 1.16980  0.00000
 1.24070  0.00000
 1.31160  0.00000
 1.38250  0.00000
 1.45339  0.00000
 1.52429  0.00000
 1.59519  0.00000
 1.66609  0.00000
 1.73698  0.00000
 1.80788  0.00000
 1.87878  0.00000
 1.94967  0.00000
 2.02057  0.00000
 2.09147  0.00005
 2.16237  0.00045
 2.23326  0.00206
 2.30416  0.01000
 2.37506  0.02920
 2.44595  0.07105
 2.51685  0.13923
 2.58775  0.23653
 2.65865  0.34980
 2.72954  0.47038
 2.80044  0.59637
 2.87134  0.69263
 2.94224  0.78868
 3.01313  0.84902
 3.08403  0.91281
 3.15493  0.94537
 3.22582  0.96993
 3.29672  1.00108
 3.36762  1.01362
 3.43852  1.01839
 3.50941  1.02668
 3.58031  1.02834
 3.65121  1.03804
 3.72211  1.04341
 3.79300  1.05170
 3.86390  1.06383
 3.93480  1.07071
 4.00569  1.08528
 4.07659  1.10282
 4.14749  1.12772
 4.21839  1.15967
 4.28928  1.19417
 4.36018  1.22790
 4.43108  1.26389
 4.50197  1.28942
 4.57287  1.31388
 4.64377  1.33106
 4.71467  1.34801
 4.78556  1.35924
 4.85646  1.36623
 4.92736  1.38080
 4.99826  1.39771
 5.06915  1.40931
 5.14005  1.43914
 5.21095  1.46618
 5.28184  1.49956
 5.35274  1.53192
 5.42364  1.55321
 5.49454  1.56177
 5.56543  1.56428
 5.63633  1.55569
 5.70723  1.53019
 5.77813  1.49837
 5.84902  1.46357
 5.91992  1.42627
 5.99082  1.38821
 6.06171  1.35828
 6.13261  1.32889
 6.20351  1.31218
 6.27441  1.29779
 6.34530  1.28623
 6.41620  1.28764
 6.48710  1.28467
 6.55800  1.28223
 6.62889  1.28633
 6.69979  1.29445
 6.77069  1.29917
 6.84158  1.30545
 6.91248  1.31369
 6.98338  1.32438
 7.05428  1.33251
 7.12517  1.34119
 7.19607  1.34763
 7.26697  1.35597
 7.33786  1.36023
 7.40876  1.36460
 7.47966  1.35842
 7.55056  1.35159
 7.62145  1.33702
 7.69235  1.32326
 7.76325  1.30644
 7.83415  1.29066
 7.90504  1.27678
 7.97594  1.25982
 8.04684  1.24635
 8.11773  1.23745
 8.18863  1.22315
 8.25953  1.21603
 8.33043  1.20617
 8.40132  1.19658
 8.47222  1.19021
 8.54312  1.18429
 8.61402  1.18216
 8.68491  1.17847
 8.75581  1.17446
 8.82671  1.17381
 8.89760  1.17337
 8.96850  1.17048
 9.03940  1.16802
 9.11030  1.16595
 9.18119  1.16554
 9.25209  1.16309
 9.32299  1.16134
 9.39388  1.15712
 9.46478  1.15632
 9.53568  1.15367
 9.60658  1.15064
 9.67747  1.14722
 9.74837  1.14029
 9.81927  1.13825
 9.89017  1.13347
 9.96106  1.12904
10.03196  1.12245
10.10286  1.12133
10.17375  1.11450
10.24465  1.11124
10.31555  1.10828
10.38645  1.10155
10.45734  1.09890
10.52824  1.09395
10.59914  1.09144
10.67004  1.08587
10.74093  1.08468
10.81183  1.08210
10.88273  1.07849
10.95362  1.07610
11.02452  1.07497
11.09542  1.07342
11.16632  1.07185
11.23721  1.06947
11.30811  1.06772
11.37901  1.06546
11.44990  1.06288
11.52080  1.06111
11.59170  1.06039
11.66260  1.05779
11.73349  1.05520
11.80439  1.05420
11.87529  1.05343
11.94619  1.04927
12.01708  1.04743
12.08798  1.04322
12.15888  1.04404
12.22977  1.04070
12.30067  1.03827
12.37157  1.03793
12.44247  1.03426
12.51336  1.03380
12.58426  1.03265
12.65516  1.03003
12.72606  1.02722
12.79695  1.02668
12.86785  1.02456
12.93875  1.02350
13.00964  1.02272
13.08054  1.02216
13.15144  1.02079
13.22234  1.01887
13.29323  1.01780
13.36413  1.01684
13.43503  1.01531
13.50592  1.01527
13.57682  1.01341
13.64772  1.01390
13.71862  1.01188
13.78951  1.01108
13.86041  1.00846
13.93131  1.00873
14.00221  1.00820
14.07310  1.00784
14.14400  1.00622
14.21490  1.00538
14.28579  1.00642
14.35669  1.00462
14.42759  1.00432
14.49849  1.00309
14.56938  1.00465
14.64028  1.00317
14.71118  1.00147
14.78208  1.00142
14.85297  1.00079
14.92387  0.99997
14.99477  0.99835
15.06566  0.99841
15.13656  0.99863
15.20746  0.99815
15.27836  0.99738
15.34925  0.99778
15.42015  0.99654
15.49105  0.99572
15.56194  0.99462
15.63284  0.99553
15.70374  0.99647
15.77464  0.99598
15.84553  0.99502
15.91643  0.99509
15.98733  0.99461
16.05823  0.99436
16.12912  0.99387
16.20002  0.99454
16.27092  0.99339
16.34181  0.99302
16.41271  0.99319
16.48361  0.99194
16.55451  0.99328
16.62540  0.99247
16.69630  0.99159
16.76720  0.99091
16.83810  0.99165
16.90899  0.99188
16.97989  0.99106
17.05079  0.99050
17.12168  0.99006
17.19258  0.99082
17.26348  0.99061
17.33438  0.99032
17.40527  0.99112
17.47617  0.99080
17.54707  0.99106
17.61796  0.99142
17.68886  0.99138
17.75976  0.99116
17.83066  0.99066
17.90155  0.99004
17.97245  0.99084
18.04335  0.99039
18.11425  0.98941
18.18514  0.98959
18.25604  0.98915
18.32694  0.98957
18.39783  0.98979
18.46873  0.98999
18.53963  0.98909
18.61053  0.98815
18.68142  0.98947
18.75232  0.98923
18.82322  0.98889
18.89412  0.98749
18.96501  0.98715
19.03591  0.98737
19.10681  0.98705
19.17770  0.98646
19.24860  0.98682
19.31950  0.98631
19.39040  0.98491
19.46129  0.98488
19.53219  0.98441
19.60309  0.98456
19.67399  0.98356
19.74488  0.98384
19.81578  0.98354
19.88668  0.98275
19.95757  0.98256
20.02847  0.98296
20.09937  0.98238
20.17027  0.98190
20.24116  0.98089
20.31206  0.98114
20.38296  0.98073
20.45385  0.98143
20.52475  0.98042
20.59565  0.98011
20.66655  0.97920
20.73744  0.97996
20.80834  0.97966
20.87924  0.97928
20.95014  0.97967
21.02103  0.97940
21.09193  0.98015
21.16283  0.97961
21.23372  0.97912
