 0.03544  0.00000      nan
 0.10633  0.00000      nan
 0.17722  0.00000      nan
 0.24811  0.00000      nan
 0.31900  0.00000      nan
 0.38989  0.00000      nan
 0.46078  0.00000      nan
 0.53167  0.00000      nan
 0.60256  0.00000      nan
 0.67345  0.00000      nan
 0.74434  0.00000      nan
 0.81522  0.00000      nan
 0.88611  0.00000      nan
 0.95700  0.00000      nan
 1.02789  0.00000      nan
 1.09878  0.00000      nan
 1.16967  0.00000      nan
 1.24056  0.00000      nan
 1.31145  0.00000      nan
 1.38234  0.00000      nan
 1.45323  0.00000      nan
 1.52412  0.00000      nan
 1.59500  0.00000      nan
 1.66589  0.00000      nan
 1.73678  0.00000      nan
 1.80767  0.00000      nan
 1.87856  0.00000      nan
 1.94945  0.00000      nan
 2.02034  0.00000      nan
 2.09123  0.00000      nan
 2.16212  0.00000      nan
 2.23301  0.00000      nan
 2.30389  0.00000      nan
 2.37478  0.00000      nan
 2.44567  0.00000      nan
 2.51656  0.00356  0.00135
 2.58745  0.03929  0.00520
 2.65834  0.24727  0.01677
 2.72923  0.68107  0.03909
 2.80012  1.32471  0.06124
 2.87101  1.73242  0.07399
 2.94190  1.79626  0.06885
 3.01279  1.74792  0.06195
 3.08367  1.65505  0.05791
 3.15456  1.53996  0.05252
 3.22545  1.41306  0.04766
 3.29634  1.37680  0.04654
 3.36723  1.34894  0.04578
 3.43812  1.37591  0.04659
 3.50901  1.36910  0.04589
 3.57990  1.40485  0.04487
 3.65079  1.39227  0.04339
 3.72168  1.43226  0.04518
 3.79257  1.40038  0.04286
 3.86345  1.37539  0.04005
 3.93434  1.40154  0.04131
 4.00523  1.36502  0.03736
 4.07612  1.39644  0.03731
 4.14701  1.35588  0.03723
 4.21790  1.39771  0.03488
 4.28879  1.37968  0.03385
 4.35968  1.36226  0.03295
 4.43057  1.37549  0.03298
 4.50146  1.42506  0.03149
 4.57235  1.45437  0.03238
 4.64323  1.49205  0.03268
 4.71412  1.56538  0.03218
 4.78501  1.60978  0.03348
 4.85590  1.69827  0.03413
 4.92679  1.74775  0.03510
 4.99768  1.71748  0.03454
 5.06857  1.69333  0.03294
 5.13946  1.63299  0.03085
 5.21035  1.60547  0.02974
 5.28124  1.57923  0.02793
 5.35213  1.48035  0.02731
 5.42301  1.43014  0.02484
 5.49390  1.41564  0.02349
 5.56479  1.36985  0.02088
 5.63568  1.38873  0.02200
 5.70657  1.38618  0.02143
 5.77746  1.37387  0.02185
 5.84835  1.38274  0.02231
 5.91924  1.36645  0.02063
 5.99013  1.35137  0.01966
 6.06102  1.34664  0.02098
 6.13191  1.33787  0.02010
 6.20279  1.32427  0.01957
 6.27368  1.30387  0.01971
 6.34457  1.29142  0.01906
 6.41546  1.31344  0.01966
 6.48635  1.26613  0.01753
 6.55724  1.27229  0.01891
 6.62813  1.27567  0.01897
 6.69902  1.25811  0.01904
 6.76991  1.26568  0.01905
 6.84080  1.24930  0.01787
 6.91168  1.24505  0.01756
 6.98257  1.26753  0.01780
 7.05346  1.24226  0.01699
 7.12435  1.23994  0.01755
 7.19524  1.22630  0.01625
 7.26613  1.22548  0.01756
 7.33702  1.21022  0.01710
 7.40791  1.20299  0.01662
 7.47880  1.19333  0.01677
 7.54969  1.17366  0.01656
 7.62058  1.17108  0.01558
 7.69146  1.15372  0.01592
 7.76235  1.14996  0.01571
 7.83324  1.15588  0.01583
 7.90413  1.14517  0.01503
 7.97502  1.15167  0.01566
 8.04591  1.13762  0.01474
 8.11680  1.14687  0.01479
 8.18769  1.13483  0.01453
 8.25858  1.12744  0.01395
 8.32947  1.13569  0.01389
 8.40036  1.13418  0.01347
 8.47124  1.13151  0.01360
 8.54213  1.14026  0.01365
 8.61302  1.13033  0.01422
 8.68391  1.12705  0.01364
 8.75480  1.13039  0.01342
 8.82569  1.12615  0.01314
 8.89658  1.11754  0.01311
 8.96747  1.12485  0.01277
 9.03836  1.11850  0.01279
 9.10925  1.10605  0.01218
 9.18014  1.11423  0.01236
 9.25102  1.09335  0.01211
 9.32191  1.08574  0.01223
 9.39280  1.07725  0.01219
 9.46369  1.09130  0.01158
 9.53458  1.08282  0.01154
 9.60547  1.07924  0.01238
 9.67636  1.06645  0.01110
 9.74725  1.07572  0.01110
 9.81814  1.06418  0.01141
 9.88903  1.06024  0.01034
 9.95992  1.04993  0.01053
10.03080  1.04347  0.01059
10.10169  1.05260  0.01107
10.17258  1.04433  0.01024
10.24347  1.04250  0.00981
10.31436  1.03599  0.01038
10.38525  1.04918  0.01029
10.45614  1.04920  0.01071
10.52703  1.03454  0.00999
10.59792  1.04149  0.00998
10.66881  1.04133  0.01009
10.73970  1.03519  0.00991
10.81058  1.04484  0.01042
10.88147  1.04546  0.00991
10.95236  1.04043  0.00990
11.02325  1.03977  0.00939
11.09414  1.03648  0.00950
11.16503  1.04334  0.00973
11.23592  1.04046  0.00948
11.30681  1.03275  0.00951
11.37770  1.03437  0.00935
11.44859  1.03181  0.00888
11.51947  1.03980  0.00948
11.59036  1.03610  0.00977
11.66125  1.03045  0.00907
11.73214  1.01702  0.00960
11.80303  1.02747  0.00916
11.87392  1.01439  0.00948
11.94481  1.02114  0.00902
12.01570  1.02688  0.00869
12.08659  1.01777  0.00873
12.15748  1.03198  0.00913
12.22837  1.02185  0.00936
12.29925  1.01600  0.00944
12.37014  1.02005  0.00920
12.44103  1.01196  0.00922
12.51192  1.01862  0.00909
12.58281  1.01955  0.00914
12.65370  1.01630  0.00881
12.72459  1.02051  0.00873
12.79548  1.02025  0.00873
12.86637  1.01651  0.00940
12.93726  1.01593  0.00835
13.00815  1.01872  0.00887
13.07903  1.01483  0.00868
13.14992  1.01902  0.00915
13.22081  1.01898  0.00871
13.29170  1.01154  0.00844
13.36259  1.01702  0.00857
13.43348  1.01588  0.00860
13.50437  1.00948  0.00865
13.57526  1.02148  0.00830
13.64615  1.01382  0.00820
13.71704  1.00399  0.00834
13.78793  1.01241  0.00829
13.85881  1.01095  0.00842
13.92970  1.01145  0.00807
14.00059  1.00846  0.00822
14.07148  1.00730  0.00798
14.14237  1.00009  0.00809
14.21326  1.00124  0.00783
14.28415  1.00299  0.00814
14.35504  1.01029  0.00786
14.42593  1.00975  0.00727
14.49682  1.00916  0.00774
14.56771  1.00116  0.00728
14.63859  1.00627  0.00700
14.70948  1.00264  0.00737
14.78037  1.00242  0.00739
14.85126  1.00047  0.00738
14.92215  1.00585  0.00726
14.99304  1.00382  0.00745
15.06393  0.99501  0.00706
15.13482  0.99969  0.00737
15.20571  0.99546  0.00709
15.27660  0.99716  0.00743
15.34748  1.00113  0.00689
15.41837  0.99822  0.00698
15.48926  0.98836  0.00696
15.56015  0.99190  0.00744
15.63104  0.99090  0.00674
15.70193  0.99106  0.00695
15.77282  0.98779  0.00732
15.84371  0.98694  0.00699
15.91460  0.99082  0.00719
15.98549  0.98901  0.00702
16.05638  0.98965  0.00699
16.12726  0.98476  0.00713
16.19815  0.99061  0.00690
16.26904  0.98730  0.00729
16.33993  0.98280  0.00688
16.41082  0.98677  0.00714
16.48171  0.98477  0.00674
16.55260  0.98309  0.00708
16.62349  0.98257  0.00687
16.69438  0.97987  0.00704
16.76527  0.98199  0.00682
16.83616  0.98255  0.00705
16.90704  0.98355  0.00669
16.97793  0.98802  0.00662
17.04882  0.97832  0.00665
17.11971  0.98618  0.00691
17.19060  0.98357  0.00718
17.26149  0.98771  0.00668
17.33238  0.97780  0.00682
17.40327  0.97361  0.00692
17.47416  0.98042  0.00704
17.54505  0.97851  0.00694
17.61594  0.98292  0.00678
17.68682  0.98397  0.00664
17.75771  0.98943  0.00726
17.82860  0.98912  0.00650
17.89949  0.98130  0.00667
17.97038  0.98190  0.00635
18.04127  0.98324  0.00694
18.11216  0.98005  0.00647
18.18305  0.98431  0.00630
18.25394  0.98383  0.00659
18.32483  0.98346  0.00651
18.39572  0.98298  0.00624
18.46660  0.98287  0.00635
18.53749  0.98455  0.00629
18.60838  0.98692  0.00595
18.67927  0.98536  0.00611
18.75016  0.98316  0.00611
18.82105  0.98059  0.00593
18.89194  0.98108  0.00563
18.96283  0.97888  0.00578
19.03372  0.98131  0.00567
19.10461  0.97396  0.00537
19.17550  0.98102  0.00536
19.24638  0.98176  0.00545
19.31727  0.97809  0.00544
19.38816  0.98504  0.00543
19.45905  0.98094  0.00527
19.52994  0.97984  0.00530
19.60083  0.97899  0.00528
19.67172  0.97826  0.00530
19.74261  0.98230  0.00530
19.81350  0.98322  0.00552
19.88439  0.98684  0.00548
19.95527  0.97669  0.00495
20.02616  0.98169  0.00488
20.09705  0.98093  0.00490
20.16794  0.97772  0.00527
20.23883  0.98134  0.00515
20.30972  0.97418  0.00509
20.38061  0.97635  0.00517
20.45150  0.97852  0.00525
20.52239  0.97767  0.00499
20.59328  0.97726  0.00507
20.66417  0.98098  0.00480
20.73505  0.97611  0.00520
20.80594  0.97979  0.00539
20.87683  0.97800  0.00536
20.94772  0.98182  0.00532
21.01861  0.98224  0.00543
21.08950  0.97445  0.00532
21.16039  0.98456  0.00549
21.23128  0.97843  0.00532
