 0.03545  0.00000      nan
 0.10635  0.00000      nan
 0.17724  0.00000      nan
 0.24814  0.00000      nan
 0.31904  0.00000      nan
 0.38993  0.00000      nan
 0.46083  0.00000      nan
 0.53173  0.00000      nan
 0.60263  0.00000      nan
 0.67352  0.00000      nan
 0.74442  0.00000      nan
 0.81532  0.00000      nan
 0.88622  0.00000      nan
 0.95711  0.00000      nan
 1.02801  0.00000      nan
 1.09891  0.00000      nan
 1.16980  0.00000      nan
 1.24070  0.00000      nan
 1.31160  0.00000      nan
 1.38250  0.00000      nan
 1.45339  0.00000      nan
 1.52429  0.00000      nan
 1.59519  0.00000      nan
 1.66609  0.00000      nan
 1.73698  0.00000      nan
 1.80788  0.00000      nan
 1.87878  0.00000      nan
 1.94967  0.00000      nan
 2.02057  0.00000      nan
 2.09147  0.00000      nan
 2.16237  0.00000      nan
 2.23326  0.00000      nan
 2.30416  0.00000      nan
 2.37506  0.00000      nan
 2.44595  0.00000      nan
 2.51685  0.00000      nan
 2.58775  0.00000      nan
 2.65865  0.00000      nan
 2.72954  0.00000      nan
 2.80044  0.00000      nan
 2.87134  0.00000      nan
 2.94224  0.00031  0.00018
 3.01313  0.00198  0.00041
 3.08403  0.01143  0.00118
 3.15493  0.03584  0.00229
 3.22582  0.09291  0.00449
 3.29672  0.18982  0.00726
 3.36762  0.31233  0.01013
 3.43852  0.46685  0.01324
 3.50941  0.63430  0.01559
 3.58031  0.79217  0.01799
 3.65121  0.96411  0.01955
 3.72211  1.11472  0.02065
 3.79300  1.28791  0.02174
 3.86390  1.54033  0.02309
 3.93480  1.91833  0.02612
 4.00569  2.35340  0.03065
 4.07659  2.60663  0.03310
 4.14749  2.60222  0.03129
 4.21839  2.46757  0.02811
 4.28928  2.34877  0.02607
 4.36018  2.35052  0.02586
 4.43108  2.31577  0.02506
 4.50197  2.31980  0.02499
 4.57287  2.33823  0.02470
 4.64377  2.27417  0.02394
 4.71467  2.21798  0.02340
 4.78556  2.14647  0.02249
 4.85646  2.07881  0.02195
 4.92736  1.95539  0.02080
 4.99826  1.82784  0.01945
 5.06915  1.71801  0.01851
 5.14005  1.60088  0.01716
 5.21095  1.50755  0.01637
 5.28184  1.42754  0.01590
 5.35274  1.35494  0.01498
 5.42364  1.30918  0.01456
 5.49454  1.26076  0.01411
 5.56543  1.22989  0.01346
 5.63633  1.21284  0.01317
 5.70723  1.19467  0.01276
 5.77813  1.20752  0.01289
 5.84902  1.20858  0.01263
 5.91992  1.22257  0.01238
 5.99082  1.24588  0.01255
 6.06171  1.26327  0.01217
 6.13261  1.27731  0.01213
 6.20351  1.32004  0.01218
 6.27441  1.34020  0.01219
 6.34530  1.35459  0.01217
 6.41620  1.38384  0.01218
 6.48710  1.38369  0.01205
 6.55800  1.39386  0.01204
 6.62889  1.37057  0.01166
 6.69979  1.37903  0.01159
 6.77069  1.35618  0.01149
 6.84158  1.34185  0.01113
 6.91248  1.32721  0.01076
 6.98338  1.31769  0.01087
 7.05428  1.30307  0.01078
 7.12517  1.28969  0.01047
 7.19607  1.26916  0.01052
 7.26697  1.25922  0.01024
 7.33786  1.25623  0.01013
 7.40876  1.24268  0.00997
 7.47966  1.24513  0.00980
 7.55056  1.24588  0.00968
 7.62145  1.24423  0.00961
 7.69235  1.24406  0.00957
 7.76325  1.24692  0.00948
 7.83415  1.25567  0.00941
 7.90504  1.25092  0.00929
 7.97594  1.26016  0.00936
 8.04684  1.26299  0.00930
 8.11773  1.27246  0.00935
 8.18863  1.26700  0.00930
 8.25953  1.26757  0.00917
 8.33043  1.26801  0.00903
 8.40132  1.26188  0.00898
 8.47222  1.25782  0.00892
 8.54312  1.25816  0.00890
 8.61402  1.24973  0.00869
 8.68491  1.23993  0.00865
 8.75581  1.22165  0.00853
 8.82671  1.21305  0.00849
 8.89760  1.21008  0.00841
 8.96850  1.19262  0.00816
 9.03940  1.17527  0.00813
 9.11030  1.16484  0.00804
 9.18119  1.15119  0.00799
 9.25209  1.13749  0.00794
 9.32299  1.12695  0.00783
 9.39388  1.11403  0.00775
 9.46478  1.10847  0.00763
 9.53568  1.09592  0.00747
 9.60658  1.08907  0.00743
 9.67747  1.08614  0.00728
 9.74837  1.07536  0.00713
 9.81927  1.06911  0.00714
 9.89017  1.06484  0.00698
 9.96106  1.06231  0.00687
10.03196  1.06059  0.00692
10.10286  1.06294  0.00684
10.17375  1.06039  0.00671
10.24465  1.06392  0.00671
10.31555  1.06188  0.00664
10.38645  1.06396  0.00653
10.45734  1.06784  0.00654
10.52824  1.06762  0.00644
10.59914  1.07282  0.00638
10.67004  1.07579  0.00643
10.74093  1.08222  0.00644
10.81183  1.07692  0.00620
10.88273  1.08313  0.00630
10.95362  1.07764  0.00626
11.02452  1.07811  0.00623
11.09542  1.07274  0.00613
11.16632  1.06995  0.00613
11.23721  1.07093  0.00600
11.30811  1.06462  0.00599
11.37901  1.07184  0.00599
11.44990  1.06252  0.00594
11.52080  1.06179  0.00586
11.59170  1.06508  0.00584
11.66260  1.05594  0.00574
11.73349  1.05344  0.00569
11.80439  1.04973  0.00567
11.87529  1.04483  0.00564
11.94619  1.04347  0.00558
12.01708  1.03944  0.00552
12.08798  1.03802  0.00549
12.15888  1.03651  0.00550
12.22977  1.03773  0.00545
12.30067  1.03341  0.00539
12.37157  1.03338  0.00535
12.44247  1.03140  0.00529
12.51336  1.02991  0.00527
12.58426  1.02648  0.00519
12.65516  1.02829  0.00526
12.72606  1.02785  0.00517
12.79695  1.02762  0.00515
12.86785  1.02567  0.00518
12.93875  1.02337  0.00516
13.00964  1.02841  0.00509
13.08054  1.02518  0.00509
13.15144  1.01922  0.00508
13.22234  1.01798  0.00498
13.29323  1.02274  0.00497
13.36413  1.02187  0.00496
13.43503  1.01723  0.00485
13.50592  1.01667  0.00493
13.57682  1.02070  0.00483
13.64772  1.01503  0.00484
13.71862  1.01339  0.00480
13.78951  1.01457  0.00477
13.86041  1.01521  0.00471
13.93131  1.01182  0.00467
14.00221  1.01054  0.00464
14.07310  1.00992  0.00459
14.14400  1.00824  0.00454
14.21490  1.00734  0.00458
14.28579  1.00383  0.00448
14.35669  1.00296  0.00452
14.42759  0.99778  0.00444
14.49849  0.99587  0.00444
14.56938  0.99517  0.00441
14.64028  0.99411  0.00441
14.71118  0.99129  0.00430
14.78208  0.98751  0.00436
14.85297  0.98632  0.00423
14.92387  0.98637  0.00430
14.99477  0.98506  0.00425
15.06566  0.98692  0.00421
15.13656  0.98872  0.00423
15.20746  0.98702  0.00421
15.27836  0.99280  0.00420
15.34925  0.98848  0.00419
15.42015  0.98969  0.00417
15.49105  0.99015  0.00417
15.56194  0.99123  0.00416
15.63284  0.99600  0.00417
15.70374  0.99148  0.00411
15.77464  0.99235  0.00415
15.84553  0.99119  0.00416
15.91643  0.99254  0.00418
15.98733  0.99515  0.00412
16.05823  0.99039  0.00409
16.12912  0.99610  0.00413
16.20002  0.99519  0.00404
16.27092  0.99366  0.00408
16.34181  0.99529  0.00406
16.41271  0.99424  0.00406
16.48361  0.99594  0.00404
16.55451  0.99103  0.00399
16.62540  0.99239  0.00404
16.69630  0.99388  0.00405
16.76720  0.99120  0.00397
16.83810  0.99000  0.00392
16.90899  0.99207  0.00387
16.97989  0.99272  0.00388
17.05079  0.99380  0.00383
17.12168  0.99130  0.00382
17.19258  0.99227  0.00379
17.26348  0.99098  0.00372
17.33438  0.99200  0.00369
17.40527  0.99379  0.00370
17.47617  0.99391  0.00366
17.54707  0.99084  0.00365
17.61796  0.99208  0.00363
17.68886  0.99180  0.00361
17.75976  0.98945  0.00356
17.83066  0.99001  0.00350
17.90155  0.98941  0.00349
17.97245  0.98758  0.00345
18.04335  0.98736  0.00341
18.11425  0.98675  0.00337
18.18514  0.98367  0.00338
18.25604  0.98327  0.00333
18.32694  0.98333  0.00331
18.39783  0.98346  0.00332
18.46873  0.98423  0.00338
18.53963  0.98418  0.00333
18.61053  0.97834  0.00329
18.68142  0.97806  0.00322
18.75232  0.98072  0.00330
18.82322  0.98133  0.00328
18.89412  0.98199  0.00321
18.96501  0.98238  0.00324
19.03591  0.98259  0.00327
19.10681  0.97969  0.00325
19.17770  0.98091  0.00322
19.24860  0.98067  0.00331
19.31950  0.98450  0.00331
19.39040  0.98403  0.00325
19.46129  0.98339  0.00322
19.53219  0.98329  0.00326
19.60309  0.98267  0.00326
19.67399  0.98525  0.00320
19.74488  0.98535  0.00316
19.81578  0.98299  0.00327
19.88668  0.98369  0.00324
19.95757  0.98301  0.00323
20.02847  0.98514  0.00325
20.09937  0.98506  0.00322
20.17027  0.98549  0.00321
20.24116  0.98445  0.00321
20.31206  0.98422  0.00320
20.38296  0.98372  0.00320
20.45385  0.98531  0.00317
20.52475  0.98302  0.00315
20.59565  0.98041  0.00312
20.66655  0.98326  0.00313
20.73744  0.98280  0.00307
20.80834  0.97918  0.00306
20.87924  0.97831  0.00304
20.95014  0.98041  0.00303
21.02103  0.98099  0.00303
21.09193  0.97977  0.00302
21.16283  0.97785  0.00303
21.23372  0.97562  0.00301
