 0.03545  0.00000
 0.10635  0.00000
 0.17724  0.00000
 0.24814  0.00000
 0.31904  0.00000
 0.38993  0.00000
 0.46083  0.00000
 0.53173  0.00000
 0.60263  0.00000
 0.67352  0.00000
 0.74442  0.00000
 0.81532  0.00000
 0.88622  0.00000
 0.95711  0.00000
 1.02801  0.00000
 1.09891  0.00000
 1.16980  0.00000
 1.24070  0.00000
 1.31160  0.00000
 1.38250  0.00000
 1.45339  0.00000
 1.52429  0.00000
 1.59519  0.00000
 1.66609  0.00000
 1.73698  0.00000
 1.80788  0.00000
 1.87878  0.00000
 1.94967  0.00000
 2.02057  0.00000
 2.09147  0.00000
 2.16237  0.00000
 2.23326  0.00000
 2.30416  0.00000
 2.37506  0.00000
 2.44595  0.00000
 2.51685  0.00002
 2.58775  0.00016
 2.65865  0.00099
 2.72954  0.00389
 2.80044  0.01176
 2.87134  0.02777
 2.94224  0.05598
 3.01313  0.09866
 3.08403  0.16087
 3.15493  0.25529
 3.22582  0.40953
 3.29672  0.64123
 3.36762  0.92832
 3.43852  1.20884
 3.50941  1.42604
 3.58031  1.55996
 3.65121  1.62090
 3.72211  1.64461
 3.79300  1.65114
 3.86390  1.65719
 3.93480  1.66343
 4.00569  1.66236
 4.07659  1.64384
 4.14749  1.59782
 4.21839  1.53008
 4.28928  1.44574
 4.36018  1.35820
 4.43108  1.27275
 4.50197  1.19514
 4.57287  1.12675
 4.64377  1.06700
 4.71467  1.01774
 4.78556  0.97572
 4.85646  0.94010
 4.92736  0.91016
 4.99826  0.88661
 5.06915  0.86916
 5.14005  0.85479
 5.21095  0.84400
 5.28184  0.83912
 5.35274  0.83766
 5.42364  0.83810
 5.49454  0.84196
 5.56543  0.85008
 5.63633  0.86162
 5.70723  0.87256
 5.77813  0.88850
 5.84902  0.90342
 5.91992  0.91912
 5.99082  0.93539
 6.06171  0.94985
 6.13261  0.96271
 6.20351  0.97404
 6.27441  0.98407
 6.34530  0.99242
 6.41620  0.99852
 6.48710  1.00642
 6.55800  1.01096
 6.62889  1.01740
 6.69979  1.02279
 6.77069  1.02816
 6.84158  1.03279
 6.91248  1.03764
 6.98338  1.04086
 7.05428  1.04260
 7.12517  1.04431
 7.19607  1.04465
 7.26697  1.04472
 7.33786  1.04339
 7.40876  1.04108
 7.47966  1.03963
 7.55056  1.03714
 7.62145  1.03391
 7.69235  1.03083
 7.76325  1.02721
 7.83415  1.02365
 7.90504  1.01979
 7.97594  1.01549
 8.04684  1.01077
 8.11773  1.00699
 8.18863  1.00218
 8.25953  0.99827
 8.33043  0.99451
 8.40132  0.99019
 8.47222  0.98676
 8.54312  0.98447
 8.61402  0.98188
 8.68491  0.97988
 8.75581  0.97804
 8.82671  0.97687
 8.89760  0.97749
 8.96850  0.97749
 9.03940  0.97875
 9.11030  0.97957
 9.18119  0.98109
 9.25209  0.98380
 9.32299  0.98537
 9.39388  0.98832
 9.46478  0.99080
 9.53568  0.99325
 9.60658  0.99559
 9.67747  0.99788
 9.74837  1.00009
 9.81927  1.00163
 9.89017  1.00353
 9.96106  1.00506
10.03196  1.00637
10.10286  1.00735
10.17375  1.00819
10.24465  1.00820
10.31555  1.00876
10.38645  1.00842
10.45734  1.00843
10.52824  1.00789
10.59914  1.00716
10.67004  1.00668
10.74093  1.00638
10.81183  1.00488
10.88273  1.00500
10.95362  1.00388
11.02452  1.00272
11.09542  1.00195
11.16632  1.00134
11.23721  1.00087
11.30811  1.00059
11.37901  0.99968
11.44990  0.99946
11.52080  0.99841
11.59170  0.99878
11.66260  0.99846
11.73349  0.99820
11.80439  0.99790
11.87529  0.99790
11.94619  0.99857
12.01708  0.99844
12.08798  0.99772
12.15888  0.99759
12.22977  0.99762
12.30067  0.99780
12.37157  0.99809
12.44247  0.99799
12.51336  0.99795
12.58426  0.99801
12.65516  0.99834
12.72606  0.99895
12.79695  0.99881
12.86785  0.99925
12.93875  0.99927
13.00964  0.99955
13.08054  0.99942
13.15144  1.00051
13.22234  1.00034
13.29323  1.00048
13.36413  1.00047
13.43503  1.00091
13.50592  1.00154
13.57682  1.00133
13.64772  1.00169
13.71862  1.00149
13.78951  1.00185
13.86041  1.00166
13.93131  1.00206
14.00221  1.00166
14.07310  1.00140
14.14400  1.00110
14.21490  1.00165
14.28579  1.00139
14.35669  1.00157
14.42759  1.00079
14.49849  1.00121
14.56938  1.00090
14.64028  1.00115
14.71118  1.00086
14.78208  1.00083
14.85297  1.00039
14.92387  1.00065
14.99477  1.00055
15.06566  0.99987
15.13656  0.99985
15.20746  1.00007
15.27836  0.99994
15.34925  0.99993
15.42015  1.00012
15.49105  1.00007
15.56194  0.99998
15.63284  1.00036
15.70374  1.00035
15.77464  1.00062
15.84553  1.00085
15.91643  1.00074
15.98733  1.00076
16.05823  1.00100
16.12912  1.00084
16.20002  1.00103
16.27092  1.00084
16.34181  1.00080
16.41271  1.00075
16.48361  1.00108
16.55451  1.00072
16.62540  1.00071
16.69630  1.00078
16.76720  1.00064
16.83810  1.00110
16.90899  1.00092
16.97989  1.00110
17.05079  1.00121
17.12168  1.00122
17.19258  1.00100
17.26348  1.00113
17.33438  1.00085
17.40527  1.00107
17.47617  1.00125
17.54707  1.00090
17.61796  1.00101
17.68886  1.00072
17.75976  1.00109
17.83066  1.00092
17.90155  1.00102
17.97245  1.00092
18.04335  1.00100
18.11425  1.00085
18.18514  1.00090
18.25604  1.00081
18.32694  1.00062
18.39783  1.00057
18.46873  1.00078
18.53963  1.00092
18.61053  1.00038
18.68142  1.00068
18.75232  1.00061
18.82322  1.00092
18.89412  1.00064
18.96501  1.00075
19.03591  1.00092
19.10681  1.00116
19.17770  1.00111
19.24860  1.00112
19.31950  1.00117
19.39040  1.00115
19.46129  1.00124
19.53219  1.00161
19.60309  1.00138
19.67399  1.00116
19.74488  1.00110
19.81578  1.00139
19.88668  1.00156
19.95757  1.00141
20.02847  1.00106
20.09937  1.00099
20.17027  1.00117
20.24116  1.00082
20.31206  1.00094
20.38296  1.00113
20.45385  1.00118
20.52475  1.00102
20.59565  1.00074
20.66655  1.00104
20.73744  1.00100
20.80834  1.00081
20.87924  1.00100
20.95014  1.00065
21.02103  1.00081
21.09193  1.00088
21.16283  1.00075
21.23372  1.00010
