 0.03545  0.00000
 0.10635  0.00000
 0.17724  0.00000
 0.24814  0.00000
 0.31904  0.00000
 0.38993  0.00000
 0.46083  0.00000
 0.53173  0.00000
 0.60263  0.00000
 0.67352  0.00000
 0.74442  0.00000
 0.81532  0.00000
 0.88622  0.00000
 0.95711  0.00000
 1.02801  0.00000
 1.09891  0.00000
 1.16980  0.00000
 1.24070  0.00000
 1.31160  0.00000
 1.38250  0.00000
 1.45339  0.00000
 1.52429  0.00000
 1.59519  0.00000
 1.66609  0.00000
 1.73698  0.00000
 1.80788  0.00000
 1.87878  0.00000
 1.94967  0.00000
 2.02057  0.00000
 2.09147  0.00000
 2.16237  0.00000
 2.23326  0.00000
 2.30416  0.00000
 2.37506  0.00000
 2.44595  0.00000
 2.51685  0.00001
 2.58775  0.00008
 2.65865  0.00052
 2.72954  0.00203
 2.80044  0.00607
 2.87134  0.01532
 2.94224  0.03619
 3.01313  0.08074
 3.08403  0.17437
 3.15493  0.35998
 3.22582  0.70047
 3.29672  1.23470
 3.36762  1.88780
 3.43852  2.41809
 3.50941  2.60034
 3.58031  2.40855
 3.65121  1.99975
 3.72211  1.55327
 3.79300  1.18150
 3.86390  0.91791
 3.93480  0.75276
 4.00569  0.66660
 4.07659  0.63130
 4.14749  0.63248
 4.21839  0.65814
 4.28928  0.69834
 4.36018  0.75157
 4.43108  0.81051
 4.50197  0.87654
 4.57287  0.94180
 4.64377  1.00543
 4.71467  1.06002
 4.78556  1.10423
 4.85646  1.13730
 4.92736  1.16006
 4.99826  1.17184
 5.06915  1.17593
 5.14005  1.17588
 5.21095  1.17183
 5.28184  1.16641
 5.35274  1.16003
 5.42364  1.15135
 5.49454  1.14174
 5.56543  1.12752
 5.63633  1.10679
 5.70723  1.08103
 5.77813  1.05147
 5.84902  1.01714
 5.91992  0.98018
 5.99082  0.94461
 6.06171  0.91097
 6.13261  0.88163
 6.20351  0.85934
 6.27441  0.84406
 6.34530  0.83495
 6.41620  0.83411
 6.48710  0.83986
 6.55800  0.85027
 6.62889  0.86746
 6.69979  0.88559
 6.77069  0.90743
 6.84158  0.92922
 6.91248  0.95252
 6.98338  0.97535
 7.05428  0.99797
 7.12517  1.01867
 7.19607  1.03695
 7.26697  1.05538
 7.33786  1.06785
 7.40876  1.07882
 7.47966  1.08565
 7.55056  1.08944
 7.62145  1.08817
 7.69235  1.08317
 7.76325  1.07710
 7.83415  1.06823
 7.90504  1.05843
 7.97594  1.04605
 8.04684  1.03359
 8.11773  1.02141
 8.18863  1.01042
 8.25953  0.99954
 8.33043  0.98951
 8.40132  0.98174
 8.47222  0.97656
 8.54312  0.97161
 8.61402  0.96967
 8.68491  0.96891
 8.75581  0.96997
 8.82671  0.97192
 8.89760  0.97462
 8.96850  0.97836
 9.03940  0.98257
 9.11030  0.98750
 9.18119  0.99190
 9.25209  0.99587
 9.32299  0.99962
 9.39388  1.00238
 9.46478  1.00517
 9.53568  1.00691
 9.60658  1.00868
 9.67747  1.00882
 9.74837  1.00836
 9.81927  1.00809
 9.89017  1.00717
 9.96106  1.00586
10.03196  1.00408
10.10286  1.00226
10.17375  1.00098
10.24465  0.99884
10.31555  0.99730
10.38645  0.99548
10.45734  0.99456
10.52824  0.99442
10.59914  0.99367
10.67004  0.99359
10.74093  0.99430
10.81183  0.99529
10.88273  0.99582
10.95362  0.99796
11.02452  0.99919
11.09542  1.00010
11.16632  1.00233
11.23721  1.00370
11.30811  1.00504
11.37901  1.00530
11.44990  1.00676
11.52080  1.00674
11.59170  1.00731
11.66260  1.00700
11.73349  1.00722
11.80439  1.00657
11.87529  1.00595
11.94619  1.00450
12.01708  1.00361
12.08798  1.00309
12.15888  1.00177
12.22977  1.00075
12.30067  0.99918
12.37157  0.99870
12.44247  0.99732
12.51336  0.99708
12.58426  0.99602
12.65516  0.99559
12.72606  0.99559
12.79695  0.99552
12.86785  0.99556
12.93875  0.99597
13.00964  0.99635
13.08054  0.99695
13.15144  0.99774
13.22234  0.99854
13.29323  0.99892
13.36413  0.99993
13.43503  1.00033
13.50592  1.00064
13.57682  1.00102
13.64772  1.00134
13.71862  1.00208
13.78951  1.00218
13.86041  1.00285
13.93131  1.00283
14.00221  1.00244
14.07310  1.00261
14.14400  1.00255
14.21490  1.00218
14.28579  1.00190
14.35669  1.00194
14.42759  1.00126
14.49849  1.00123
14.56938  1.00107
14.64028  1.00131
14.71118  1.00044
14.78208  1.00049
14.85297  1.00050
14.92387  1.00044
14.99477  1.00055
15.06566  1.00041
15.13656  1.00052
15.20746  1.00012
15.27836  1.00047
15.34925  1.00036
15.42015  1.00069
15.49105  1.00072
15.56194  1.00059
15.63284  1.00061
15.70374  1.00104
15.77464  1.00096
15.84553  1.00085
15.91643  1.00084
15.98733  1.00075
16.05823  1.00045
16.12912  1.00023
16.20002  1.00062
16.27092  1.00056
16.34181  1.00046
16.41271  1.00042
16.48361  1.00036
16.55451  1.00059
16.62540  1.00037
16.69630  1.00052
16.76720  1.00042
16.83810  1.00033
16.90899  1.00052
16.97989  1.00044
17.05079  1.00045
17.12168  1.00046
17.19258  1.00017
17.26348  1.00047
17.33438  1.00047
17.40527  1.00068
17.47617  1.00073
17.54707  1.00073
17.61796  1.00061
17.68886  1.00059
17.75976  1.00074
17.83066  1.00092
17.90155  1.00083
17.97245  1.00064
18.04335  1.00096
18.11425  1.00091
18.18514  1.00093
18.25604  1.00063
18.32694  1.00093
18.39783  1.00073
18.46873  1.00103
18.53963  1.00107
18.61053  1.00065
18.68142  1.00108
18.75232  1.00115
18.82322  1.00070
18.89412  1.00095
18.96501  1.00079
19.03591  1.00079
19.10681  1.00104
19.17770  1.00079
19.24860  1.00069
19.31950  1.00078
19.39040  1.00078
19.46129  1.00063
19.53219  1.00074
19.60309  1.00058
19.67399  1.00084
19.74488  1.00093
19.81578  1.00066
19.88668  1.00103
19.95757  1.00094
20.02847  1.00108
20.09937  1.00091
20.17027  1.00095
20.24116  1.00075
20.31206  1.00076
20.38296  1.00073
20.45385  1.00045
20.52475  1.00066
20.59565  1.00044
20.66655  1.00045
20.73744  1.00065
20.80834  1.00038
20.87924  1.00046
20.95014  1.00043
21.02103  1.00053
21.09193  1.00063
21.16283  1.00073
21.23372  1.00003
