 0.03545      inf
 0.10635      inf
 0.17724      inf
 0.24814      inf
 0.31904      inf
 0.38993      inf
 0.46083      inf
 0.53173      inf
 0.60263      inf
 0.67352      inf
 0.74442      inf
 0.81532      inf
 0.88622      inf
 0.95711      inf
 1.02801      inf
 1.09891      inf
 1.16980      inf
 1.24070      inf
 1.31160      inf
 1.38250      inf
 1.45339      inf
 1.52429      inf
 1.59519      inf
 1.66609      inf
 1.73698      inf
 1.80788      inf
 1.87878      inf
 1.94967      inf
 2.02057      inf
 2.09147  5.91681
 2.16237  4.56426
 2.23326  3.66105
 2.30416  2.72604
 2.37506  2.09184
 2.44595  1.56543
 2.51685  1.16721
 2.58775  0.85348
 2.65865  0.62183
 2.72954  0.44649
 2.80044  0.30600
 2.87134  0.21741
 2.94224  0.14054
 3.01313  0.09689
 3.08403  0.05401
 3.15493  0.03326
 3.22582  0.01808
 3.29672 -0.00064
 3.36762 -0.00801
 3.43852 -0.01079
 3.50941 -0.01559
 3.58031 -0.01654
 3.65121 -0.02210
 3.72211 -0.02516
 3.79300 -0.02984
 3.86390 -0.03663
 3.93480 -0.04045
 4.00569 -0.04845
 4.07659 -0.05794
 4.14749 -0.07116
 4.21839 -0.08770
 4.28928 -0.10505
 4.36018 -0.12154
 4.43108 -0.13864
 4.50197 -0.15048
 4.57287 -0.16161
 4.64377 -0.16930
 4.71467 -0.17679
 4.78556 -0.18170
 4.85646 -0.18474
 4.92736 -0.19102
 4.99826 -0.19822
 5.06915 -0.20311
 5.14005 -0.21552
 5.21095 -0.22654
 5.28184 -0.23986
 5.35274 -0.25250
 5.42364 -0.26067
 5.49454 -0.26393
 5.56543 -0.26487
 5.63633 -0.26162
 5.70723 -0.25183
 5.77813 -0.23939
 5.84902 -0.22548
 5.91992 -0.21020
 5.99082 -0.19419
 6.06171 -0.18128
 6.13261 -0.16833
 6.20351 -0.16084
 6.27441 -0.15431
 6.34530 -0.14902
 6.41620 -0.14966
 6.48710 -0.14830
 6.55800 -0.14717
 6.62889 -0.14906
 6.69979 -0.15279
 6.77069 -0.15494
 6.84158 -0.15780
 6.91248 -0.16152
 6.98338 -0.16632
 7.05428 -0.16994
 7.12517 -0.17378
 7.19607 -0.17662
 7.26697 -0.18027
 7.33786 -0.18213
 7.40876 -0.18403
 7.47966 -0.18134
 7.55056 -0.17836
 7.62145 -0.17194
 7.69235 -0.16582
 7.76325 -0.15825
 7.83415 -0.15105
 7.90504 -0.14465
 7.97594 -0.13673
 8.04684 -0.13037
 8.11773 -0.12613
 8.18863 -0.11924
 8.25953 -0.11579
 8.33043 -0.11097
 8.40132 -0.10625
 8.47222 -0.10309
 8.54312 -0.10013
 8.61402 -0.09906
 8.68491 -0.09722
 8.75581 -0.09520
 8.82671 -0.09487
 8.89760 -0.09465
 8.96850 -0.09319
 9.03940 -0.09194
 9.11030 -0.09089
 9.18119 -0.09069
 9.25209 -0.08944
 9.32299 -0.08855
 9.39388 -0.08639
 9.46478 -0.08598
 9.53568 -0.08463
 9.60658 -0.08307
 9.67747 -0.08131
 9.74837 -0.07772
 9.81927 -0.07666
 9.89017 -0.07417
 9.96106 -0.07185
10.03196 -0.06839
10.10286 -0.06779
10.17375 -0.06418
10.24465 -0.06244
10.31555 -0.06086
10.38645 -0.05726
10.45734 -0.05583
10.52824 -0.05316
10.59914 -0.05180
10.67004 -0.04877
10.74093 -0.04812
10.81183 -0.04671
10.88273 -0.04473
10.95362 -0.04342
11.02452 -0.04280
11.09542 -0.04194
11.16632 -0.04107
11.23721 -0.03976
11.30811 -0.03879
11.37901 -0.03754
11.44990 -0.03610
11.52080 -0.03511
11.59170 -0.03471
11.66260 -0.03326
11.73349 -0.03181
11.80439 -0.03125
11.87529 -0.03082
11.94619 -0.02847
12.01708 -0.02743
12.08798 -0.02505
12.15888 -0.02551
12.22977 -0.02362
12.30067 -0.02223
12.37157 -0.02204
12.44247 -0.01994
12.51336 -0.01968
12.58426 -0.01902
12.65516 -0.01751
12.72606 -0.01590
12.79695 -0.01559
12.86785 -0.01437
12.93875 -0.01375
13.00964 -0.01330
13.08054 -0.01298
13.15144 -0.01218
13.22234 -0.01106
13.29323 -0.01044
13.36413 -0.00988
13.43503 -0.00899
13.50592 -0.00897
13.57682 -0.00789
13.64772 -0.00817
13.71862 -0.00699
13.78951 -0.00652
13.86041 -0.00499
13.93131 -0.00515
14.00221 -0.00484
14.07310 -0.00462
14.14400 -0.00367
14.21490 -0.00317
14.28579 -0.00379
14.35669 -0.00273
14.42759 -0.00255
14.49849 -0.00182
14.56938 -0.00274
14.64028 -0.00187
14.71118 -0.00087
14.78208 -0.00084
14.85297 -0.00047
14.92387  0.00002
14.99477  0.00098
15.06566  0.00094
15.13656  0.00081
15.20746  0.00110
15.27836  0.00155
15.34925  0.00132
15.42015  0.00205
15.49105  0.00254
15.56194  0.00319
15.63284  0.00265
15.70374  0.00209
15.77464  0.00238
15.84553  0.00295
15.91643  0.00291
15.98733  0.00320
16.05823  0.00335
16.12912  0.00364
16.20002  0.00324
16.27092  0.00393
16.34181  0.00414
16.41271  0.00404
16.48361  0.00479
16.55451  0.00399
16.62540  0.00447
16.69630  0.00500
16.76720  0.00541
16.83810  0.00496
16.90899  0.00482
16.97989  0.00531
17.05079  0.00565
17.12168  0.00592
17.19258  0.00546
17.26348  0.00558
17.33438  0.00576
17.40527  0.00528
17.47617  0.00547
17.54707  0.00532
17.61796  0.00510
17.68886  0.00513
17.75976  0.00526
17.83066  0.00556
17.90155  0.00593
17.97245  0.00545
18.04335  0.00572
18.11425  0.00630
18.18514  0.00619
18.25604  0.00646
18.32694  0.00620
18.39783  0.00608
18.46873  0.00596
18.53963  0.00649
18.61053  0.00706
18.68142  0.00627
18.75232  0.00641
18.82322  0.00661
18.89412  0.00745
18.96501  0.00766
19.03591  0.00753
19.10681  0.00772
19.17770  0.00807
19.24860  0.00785
19.31950  0.00816
19.39040  0.00900
19.46129  0.00902
19.53219  0.00930
19.60309  0.00921
19.67399  0.00981
19.74488  0.00964
19.81578  0.00983
19.88668  0.01030
19.95757  0.01042
20.02847  0.01017
20.09937  0.01052
20.17027  0.01081
20.24116  0.01142
20.31206  0.01127
20.38296  0.01152
20.45385  0.01110
20.52475  0.01171
20.59565  0.01190
20.66655  0.01244
20.73744  0.01198
20.80834  0.01216
20.87924  0.01239
20.95014  0.01216
21.02103  0.01233
21.09193  0.01187
21.16283  0.01220
21.23372  0.01249
