 0.03545      inf
 0.10635      inf
 0.17724      inf
 0.24814      inf
 0.31904      inf
 0.38993      inf
 0.46083      inf
 0.53173      inf
 0.60263      inf
 0.67352      inf
 0.74442      inf
 0.81532      inf
 0.88622      inf
 0.95711      inf
 1.02801      inf
 1.09891      inf
 1.16980      inf
 1.24070      inf
 1.31160      inf
 1.38250      inf
 1.45339      inf
 1.52429      inf
 1.59519      inf
 1.66609      inf
 1.73698      inf
 1.80788      inf
 1.87878      inf
 1.94967      inf
 2.02057      inf
 2.09147      inf
 2.16237      inf
 2.23326      inf
 2.30416      inf
 2.37506      inf
 2.44595  8.00654
 2.51685  6.73962
 2.58775  5.57531
 2.65865  4.47429
 2.72954  3.67080
 2.80044  3.02152
 2.87134  2.47355
 2.94224  1.96475
 3.01313  1.48981
 3.08403  1.03397
 3.15493  0.60484
 3.22582  0.21075
 3.29672 -0.12481
 3.36762 -0.37616
 3.43852 -0.52272
 3.50941 -0.56574
 3.58031 -0.52038
 3.65121 -0.41027
 3.72211 -0.26069
 3.79300 -0.09874
 3.86390  0.05071
 3.93480  0.16813
 4.00569  0.24010
 4.07659  0.27230
 4.14749  0.27120
 4.21839  0.24765
 4.28928  0.21255
 4.36018  0.16907
 4.43108  0.12438
 4.50197  0.07801
 4.57287  0.03550
 4.64377 -0.00321
 4.71467 -0.03450
 4.78556 -0.05870
 4.85646 -0.07616
 4.92736 -0.08790
 4.99826 -0.09387
 5.06915 -0.09594
 5.14005 -0.09591
 5.21095 -0.09387
 5.28184 -0.09113
 5.35274 -0.08788
 5.42364 -0.08344
 5.49454 -0.07847
 5.56543 -0.07105
 5.63633 -0.06007
 5.70723 -0.04613
 5.77813 -0.02971
 5.84902 -0.01006
 5.91992  0.01185
 5.99082  0.03373
 6.06171  0.05520
 6.13261  0.07458
 6.20351  0.08974
 6.27441  0.10037
 6.34530  0.10679
 6.41620  0.10738
 6.48710  0.10331
 6.55800  0.09602
 6.62889  0.08417
 6.69979  0.07193
 6.77069  0.05750
 6.84158  0.04346
 6.91248  0.02880
 6.98338  0.01478
 7.05428  0.00120
 7.12517 -0.01095
 7.19607 -0.02148
 7.26697 -0.03191
 7.33786 -0.03886
 7.40876 -0.04492
 7.47966 -0.04865
 7.55056 -0.05072
 7.62145 -0.05002
 7.69235 -0.04730
 7.76325 -0.04397
 7.83415 -0.03907
 7.90504 -0.03362
 7.97594 -0.02665
 8.04684 -0.01956
 8.11773 -0.01254
 8.18863 -0.00614
 8.25953  0.00027
 8.33043  0.00624
 8.40132  0.01091
 8.47222  0.01404
 8.54312  0.01705
 8.61402  0.01823
 8.68491  0.01870
 8.75581  0.01805
 8.82671  0.01686
 8.89760  0.01522
 8.96850  0.01295
 9.03940  0.01041
 9.11030  0.00745
 9.18119  0.00481
 9.25209  0.00245
 9.32299  0.00023
 9.39388 -0.00141
 9.46478 -0.00305
 9.53568 -0.00408
 9.60658 -0.00512
 9.67747 -0.00520
 9.74837 -0.00493
 9.81927 -0.00477
 9.89017 -0.00423
 9.96106 -0.00346
10.03196 -0.00241
10.10286 -0.00134
10.17375 -0.00058
10.24465  0.00069
10.31555  0.00160
10.38645  0.00268
10.45734  0.00323
10.52824  0.00332
10.59914  0.00376
10.67004  0.00381
10.74093  0.00338
10.81183  0.00279
10.88273  0.00248
10.95362  0.00121
11.02452  0.00048
11.09542 -0.00006
11.16632 -0.00138
11.23721 -0.00219
11.30811 -0.00298
11.37901 -0.00313
11.44990 -0.00399
11.52080 -0.00398
11.59170 -0.00431
11.66260 -0.00413
11.73349 -0.00426
11.80439 -0.00388
11.87529 -0.00351
11.94619 -0.00266
12.01708 -0.00213
12.08798 -0.00182
12.15888 -0.00105
12.22977 -0.00044
12.30067  0.00049
12.37157  0.00077
12.44247  0.00159
12.51336  0.00173
12.58426  0.00236
12.65516  0.00262
12.72606  0.00261
12.79695  0.00266
12.86785  0.00263
12.93875  0.00239
13.00964  0.00216
13.08054  0.00181
13.15144  0.00134
13.22234  0.00087
13.29323  0.00064
13.36413  0.00004
13.43503 -0.00020
13.50592 -0.00038
13.57682 -0.00060
13.64772 -0.00079
13.71862 -0.00123
13.78951 -0.00129
13.86041 -0.00168
13.93131 -0.00168
14.00221 -0.00145
14.07310 -0.00154
14.14400 -0.00151
14.21490 -0.00129
14.28579 -0.00112
14.35669 -0.00115
14.42759 -0.00075
14.49849 -0.00073
14.56938 -0.00063
14.64028 -0.00078
14.71118 -0.00026
14.78208 -0.00029
14.85297 -0.00029
14.92387 -0.00026
14.99477 -0.00032
15.06566 -0.00024
15.13656 -0.00031
15.20746 -0.00007
15.27836 -0.00028
15.34925 -0.00021
15.42015 -0.00041
15.49105 -0.00043
15.56194 -0.00035
15.63284 -0.00036
15.70374 -0.00062
15.77464 -0.00057
15.84553 -0.00050
15.91643 -0.00050
15.98733 -0.00044
16.05823 -0.00027
16.12912 -0.00013
16.20002 -0.00037
16.27092 -0.00033
16.34181 -0.00027
16.41271 -0.00025
16.48361 -0.00021
16.55451 -0.00035
16.62540 -0.00022
16.69630 -0.00031
16.76720 -0.00025
16.83810 -0.00020
16.90899 -0.00031
16.97989 -0.00026
17.05079 -0.00027
17.12168 -0.00027
17.19258 -0.00010
17.26348 -0.00028
17.33438 -0.00028
17.40527 -0.00040
17.47617 -0.00043
17.54707 -0.00043
17.61796 -0.00036
17.68886 -0.00035
17.75976 -0.00044
17.83066 -0.00054
17.90155 -0.00049
17.97245 -0.00038
18.04335 -0.00057
18.11425 -0.00054
18.18514 -0.00055
18.25604 -0.00037
18.32694 -0.00055
18.39783 -0.00043
18.46873 -0.00061
18.53963 -0.00063
18.61053 -0.00039
18.68142 -0.00064
18.75232 -0.00068
18.82322 -0.00041
18.89412 -0.00056
18.96501 -0.00047
19.03591 -0.00046
19.10681 -0.00061
19.17770 -0.00047
19.24860 -0.00041
19.31950 -0.00046
19.39040 -0.00046
19.46129 -0.00037
19.53219 -0.00044
19.60309 -0.00034
19.67399 -0.00050
19.74488 -0.00055
19.81578 -0.00039
19.88668 -0.00061
19.95757 -0.00056
20.02847 -0.00064
20.09937 -0.00054
20.17027 -0.00056
20.24116 -0.00045
20.31206 -0.00045
20.38296 -0.00043
20.45385 -0.00026
20.52475 -0.00039
20.59565 -0.00026
20.66655 -0.00027
20.73744 -0.00038
20.80834 -0.00022
20.87924 -0.00027
20.95014 -0.00026
21.02103 -0.00031
21.09193 -0.00038
21.16283 -0.00043
21.23372 -0.00002
