 0.03544      inf      nan
 0.10633      inf      nan
 0.17722      inf      nan
 0.24811      inf      nan
 0.31900      inf      nan
 0.38989      inf      nan
 0.46078      inf      nan
 0.53167      inf      nan
 0.60256      inf      nan
 0.67345      inf      nan
 0.74434      inf      nan
 0.81522      inf      nan
 0.88611      inf      nan
 0.95700      inf      nan
 1.02789      inf      nan
 1.09878      inf      nan
 1.16967      inf      nan
 1.24056      inf      nan
 1.31145      inf      nan
 1.38234      inf      nan
 1.45323      inf      nan
 1.52412      inf      nan
 1.59500      inf      nan
 1.66589      inf      nan
 1.73678      inf      nan
 1.80767      inf      nan
 1.87856      inf      nan
 1.94945      inf      nan
 2.02034      inf      nan
 2.09123      inf      nan
 2.16212      inf      nan
 2.23301      inf      nan
 2.30389      inf      nan
 2.37478      inf      nan
 2.44567      inf      nan
 2.51656  3.33767  0.22480
 2.58745  1.91617  0.07829
 2.65834  0.82719  0.04016
 2.72923  0.22739  0.03398
 2.80012 -0.16647  0.02737
 2.87101 -0.32531  0.02528
 2.94190 -0.34674  0.02269
 3.01279 -0.33059  0.02098
 3.08367 -0.29827  0.02071
 3.15456 -0.25560  0.02019
 3.22545 -0.20469  0.01997
 3.29634 -0.18930  0.02001
 3.36723 -0.17720  0.02009
 3.43812 -0.18892  0.02005
 3.50901 -0.18598  0.01984
 3.57990 -0.20124  0.01891
 3.65079 -0.19591  0.01845
 3.72168 -0.21268  0.01867
 3.79257 -0.19935  0.01812
 3.86345 -0.18869  0.01724
 3.93434 -0.19984  0.01745
 4.00523 -0.18421  0.01620
 4.07612 -0.19768  0.01582
 4.14701 -0.18023  0.01626
 4.21790 -0.19822  0.01477
 4.28879 -0.19053  0.01452
 4.35968 -0.18301  0.01432
 4.43057 -0.18874  0.01419
 4.50146 -0.20969  0.01308
 4.57235 -0.22175  0.01318
 4.64323 -0.23689  0.01297
 4.71412 -0.26529  0.01217
 4.78501 -0.28185  0.01231
 4.85590 -0.31353  0.01190
 4.92679 -0.33053  0.01189
 4.99768 -0.32019  0.01191
 5.06857 -0.31180  0.01152
 5.13946 -0.29033  0.01118
 5.21035 -0.28026  0.01097
 5.28124 -0.27051  0.01047
 5.35213 -0.23223  0.01092
 5.42301 -0.21180  0.01028
 5.49390 -0.20577  0.00982
 5.56479 -0.18630  0.00902
 5.63568 -0.19441  0.00938
 5.70657 -0.19332  0.00915
 5.77746 -0.18804  0.00942
 5.84835 -0.19185  0.00955
 5.91924 -0.18483  0.00894
 5.99013 -0.17826  0.00861
 6.06102 -0.17619  0.00922
 6.13191 -0.17232  0.00890
 6.20279 -0.16627  0.00875
 6.27368 -0.15708  0.00895
 6.34457 -0.15140  0.00874
 6.41546 -0.16141  0.00886
 6.48635 -0.13969  0.00820
 6.55724 -0.14256  0.00880
 6.62813 -0.14414  0.00880
 6.69902 -0.13593  0.00896
 6.76991 -0.13948  0.00891
 6.84080 -0.13177  0.00847
 6.91168 -0.12975  0.00835
 6.98257 -0.14035  0.00831
 7.05346 -0.12842  0.00810
 7.12435 -0.12732  0.00838
 7.19524 -0.12077  0.00784
 7.26613 -0.12037  0.00848
 7.33702 -0.11296  0.00836
 7.40791 -0.10941  0.00818
 7.47880 -0.10463  0.00832
 7.54969 -0.09480  0.00835
 7.62058 -0.09349  0.00787
 7.69146 -0.08465  0.00817
 7.76235 -0.08272  0.00809
 7.83324 -0.08576  0.00811
 7.90413 -0.08025  0.00777
 7.97502 -0.08360  0.00805
 8.04591 -0.07633  0.00767
 8.11680 -0.08112  0.00764
 8.18769 -0.07488  0.00758
 8.25858 -0.07101  0.00732
 8.32947 -0.07533  0.00724
 8.40036 -0.07454  0.00703
 8.47124 -0.07314  0.00711
 8.54213 -0.07770  0.00709
 8.61302 -0.07252  0.00745
 8.68391 -0.07080  0.00716
 8.75480 -0.07256  0.00703
 8.82569 -0.07033  0.00691
 8.89658 -0.06579  0.00695
 8.96747 -0.06965  0.00672
 9.03836 -0.06630  0.00677
 9.10925 -0.05967  0.00652
 9.18014 -0.06403  0.00657
 9.25102 -0.05283  0.00656
 9.32191 -0.04870  0.00667
 9.39280 -0.04405  0.00670
 9.46369 -0.05172  0.00628
 9.53458 -0.04710  0.00631
 9.60547 -0.04514  0.00679
 9.67636 -0.03809  0.00616
 9.74725 -0.04321  0.00611
 9.81814 -0.03682  0.00635
 9.88903 -0.03463  0.00577
 9.95992 -0.02885  0.00594
10.03080 -0.02519  0.00601
10.10169 -0.03035  0.00623
10.17258 -0.02568  0.00581
10.24347 -0.02464  0.00557
10.31436 -0.02093  0.00593
10.38525 -0.02842  0.00581
10.45614 -0.02843  0.00604
10.52703 -0.02010  0.00572
10.59792 -0.02407  0.00567
10.66881 -0.02397  0.00574
10.73970 -0.02047  0.00567
10.81058 -0.02597  0.00591
10.88147 -0.02632  0.00561
10.95236 -0.02346  0.00563
11.02325 -0.02309  0.00534
11.09414 -0.02121  0.00542
11.16503 -0.02512  0.00552
11.23592 -0.02348  0.00539
11.30681 -0.01907  0.00545
11.37770 -0.02001  0.00535
11.44859 -0.01854  0.00509
11.51947 -0.02310  0.00540
11.59036 -0.02099  0.00558
11.66125 -0.01776  0.00521
11.73214 -0.00999  0.00559
11.80303 -0.01605  0.00528
11.87392 -0.00846  0.00553
11.94481 -0.01238  0.00523
12.01570 -0.01570  0.00501
12.08659 -0.01043  0.00508
12.15748 -0.01863  0.00524
12.22837 -0.01280  0.00542
12.29925 -0.00940  0.00550
12.37014 -0.01175  0.00534
12.44103 -0.00704  0.00539
12.51192 -0.01092  0.00528
12.58281 -0.01146  0.00531
12.65370 -0.00957  0.00513
12.72459 -0.01202  0.00507
12.79548 -0.01187  0.00507
12.86637 -0.00969  0.00547
12.93726 -0.00936  0.00487
13.00815 -0.01098  0.00515
13.07903 -0.00871  0.00507
13.14992 -0.01115  0.00532
13.22081 -0.01113  0.00506
13.29170 -0.00679  0.00494
13.36259 -0.00999  0.00499
13.43348 -0.00933  0.00501
13.50437 -0.00559  0.00507
13.57526 -0.01258  0.00481
13.64615 -0.00813  0.00479
13.71704 -0.00236  0.00492
13.78793 -0.00730  0.00485
13.85881 -0.00645  0.00493
13.92970 -0.00674  0.00472
14.00059 -0.00499  0.00482
14.07148 -0.00431  0.00469
14.14237 -0.00005  0.00479
14.21326 -0.00074  0.00463
14.28415 -0.00177  0.00481
14.35504 -0.00606  0.00461
14.42593 -0.00575  0.00426
14.49682 -0.00540  0.00454
14.56771 -0.00068  0.00430
14.63859 -0.00370  0.00412
14.70948 -0.00156  0.00435
14.78037 -0.00143  0.00436
14.85126 -0.00028  0.00437
14.92215 -0.00346  0.00427
14.99304 -0.00226  0.00440
15.06393  0.00296  0.00420
15.13482  0.00019  0.00437
15.20571  0.00269  0.00421
15.27660  0.00168  0.00441
15.34748 -0.00067  0.00407
15.41837  0.00105  0.00414
15.48926  0.00693  0.00417
15.56015  0.00482  0.00444
15.63104  0.00541  0.00403
15.70193  0.00532  0.00415
15.77282  0.00727  0.00439
15.84371  0.00779  0.00420
15.91460  0.00546  0.00430
15.98549  0.00654  0.00420
16.05638  0.00616  0.00418
16.12726  0.00909  0.00429
16.19815  0.00559  0.00412
16.26904  0.00756  0.00437
16.33993  0.01027  0.00414
16.41082  0.00788  0.00428
16.48171  0.00908  0.00405
16.55260  0.01009  0.00427
16.62349  0.01041  0.00414
16.69438  0.01204  0.00426
16.76527  0.01076  0.00411
16.83616  0.01042  0.00425
16.90704  0.00982  0.00402
16.97793  0.00713  0.00397
17.04882  0.01297  0.00403
17.11971  0.00824  0.00415
17.19060  0.00981  0.00432
17.26149  0.00732  0.00400
17.33238  0.01329  0.00413
17.40327  0.01583  0.00421
17.47416  0.01171  0.00425
17.54505  0.01286  0.00420
17.61594  0.01020  0.00409
17.68682  0.00957  0.00400
17.75771  0.00629  0.00434
17.82860  0.00648  0.00389
17.89949  0.01118  0.00402
17.97038  0.01081  0.00383
18.04127  0.01000  0.00418
18.11216  0.01193  0.00391
18.18305  0.00936  0.00379
18.25394  0.00965  0.00397
18.32483  0.00988  0.00392
18.39572  0.01017  0.00376
18.46660  0.01023  0.00382
18.53749  0.00922  0.00378
18.60838  0.00779  0.00357
18.67927  0.00873  0.00367
18.75016  0.01005  0.00368
18.82105  0.01160  0.00358
18.89194  0.01131  0.00340
18.96283  0.01264  0.00350
19.03372  0.01117  0.00342
19.10461  0.01562  0.00327
19.17550  0.01134  0.00323
19.24638  0.01090  0.00329
19.31727  0.01311  0.00329
19.38816  0.00892  0.00326
19.45905  0.01139  0.00318
19.52994  0.01206  0.00320
19.60083  0.01257  0.00319
19.67172  0.01301  0.00321
19.74261  0.01057  0.00320
19.81350  0.01002  0.00332
19.88439  0.00784  0.00329
19.95527  0.01396  0.00300
20.02616  0.01094  0.00294
20.09705  0.01140  0.00296
20.16794  0.01334  0.00319
20.23883  0.01115  0.00310
20.30972  0.01549  0.00309
20.38061  0.01417  0.00313
20.45150  0.01286  0.00318
20.52239  0.01337  0.00302
20.59328  0.01362  0.00307
20.66417  0.01137  0.00290
20.73505  0.01432  0.00315
20.80594  0.01209  0.00326
20.87683  0.01317  0.00324
20.94772  0.01086  0.00321
21.01861  0.01061  0.00327
21.08950  0.01532  0.00323
21.16039  0.00921  0.00330
21.23128  0.01291  0.00322
