 0.03545      inf
 0.10635      inf
 0.17724      inf
 0.24814      inf
 0.31904      inf
 0.38993      inf
 0.46083      inf
 0.53173      inf
 0.60263      inf
 0.67352      inf
 0.74442      inf
 0.81532      inf
 0.88622      inf
 0.95711      inf
 1.02801      inf
 1.09891      inf
 1.16980      inf
 1.24070      inf
 1.31160      inf
 1.38250      inf
 1.45339      inf
 1.52429      inf
 1.59519      inf
 1.66609      inf
 1.73698      inf
 1.80788      inf
 1.87878      inf
 1.94967      inf
 2.02057      inf
 2.09147      inf
 2.16237      inf
 2.23326      inf
 2.30416      inf
 2.37506      inf
 2.44595      inf
 2.51685  6.43721
 2.58775  5.17818
 2.65865  4.09290
 2.72954  3.28527
 2.80044  2.63034
 2.87134  2.12169
 2.94224  1.70656
 3.01313  1.37114
 3.08403  1.08167
 3.15493  0.80828
 3.22582  0.52850
 3.29672  0.26307
 3.36762  0.04403
 3.43852 -0.11228
 3.50941 -0.21010
 3.58031 -0.26324
 3.65121 -0.28592
 3.72211 -0.29452
 3.79300 -0.29687
 3.86390 -0.29903
 3.93480 -0.30126
 4.00569 -0.30088
 4.07659 -0.29425
 4.14749 -0.27743
 4.21839 -0.25179
 4.28928 -0.21822
 4.36018 -0.18125
 4.43108 -0.14278
 4.50197 -0.10553
 4.57287 -0.07065
 4.64377 -0.03839
 4.71467 -0.01041
 4.78556  0.01455
 4.85646  0.03657
 4.92736  0.05573
 4.99826  0.07125
 5.06915  0.08301
 5.14005  0.09288
 5.21095  0.10041
 5.28184  0.10384
 5.35274  0.10487
 5.42364  0.10456
 5.49454  0.10183
 5.56543  0.09616
 5.63633  0.08817
 5.70723  0.08070
 5.77813  0.06999
 5.84902  0.06013
 5.91992  0.04993
 5.99082  0.03954
 6.06171  0.03046
 6.13261  0.02250
 6.20351  0.01557
 6.27441  0.00951
 6.34530  0.00451
 6.41620  0.00088
 6.48710 -0.00379
 6.55800 -0.00646
 6.62889 -0.01021
 6.69979 -0.01334
 6.77069 -0.01644
 6.84158 -0.01910
 6.91248 -0.02188
 6.98338 -0.02371
 7.05428 -0.02470
 7.12517 -0.02566
 7.19607 -0.02586
 7.26697 -0.02590
 7.33786 -0.02515
 7.40876 -0.02383
 7.47966 -0.02301
 7.55056 -0.02159
 7.62145 -0.01974
 7.69235 -0.01797
 7.76325 -0.01589
 7.83415 -0.01384
 7.90504 -0.01160
 7.97594 -0.00910
 8.04684 -0.00634
 8.11773 -0.00412
 8.18863 -0.00129
 8.25953  0.00102
 8.33043  0.00326
 8.40132  0.00584
 8.47222  0.00789
 8.54312  0.00926
 8.61402  0.01082
 8.68491  0.01203
 8.75581  0.01315
 8.82671  0.01385
 8.89760  0.01348
 8.96850  0.01348
 9.03940  0.01272
 9.11030  0.01222
 9.18119  0.01130
 9.25209  0.00967
 9.32299  0.00873
 9.39388  0.00696
 9.46478  0.00547
 9.53568  0.00401
 9.60658  0.00262
 9.67747  0.00126
 9.74837 -0.00006
 9.81927 -0.00097
 9.89017 -0.00208
 9.96106 -0.00299
10.03196 -0.00376
10.10286 -0.00433
10.17375 -0.00483
10.24465 -0.00484
10.31555 -0.00517
10.38645 -0.00496
10.45734 -0.00497
10.52824 -0.00465
10.59914 -0.00422
10.67004 -0.00394
10.74093 -0.00377
10.81183 -0.00288
10.88273 -0.00295
10.95362 -0.00229
11.02452 -0.00161
11.09542 -0.00115
11.16632 -0.00079
11.23721 -0.00052
11.30811 -0.00035
11.37901  0.00019
11.44990  0.00032
11.52080  0.00094
11.59170  0.00072
11.66260  0.00091
11.73349  0.00107
11.80439  0.00124
11.87529  0.00124
11.94619  0.00085
12.01708  0.00093
12.08798  0.00135
12.15888  0.00143
12.22977  0.00141
12.30067  0.00130
12.37157  0.00113
12.44247  0.00119
12.51336  0.00121
12.58426  0.00118
12.65516  0.00098
12.72606  0.00062
12.79695  0.00070
12.86785  0.00044
12.93875  0.00043
13.00964  0.00026
13.08054  0.00034
13.15144 -0.00030
13.22234 -0.00020
13.29323 -0.00028
13.36413 -0.00028
13.43503 -0.00054
13.50592 -0.00091
13.57682 -0.00078
13.64772 -0.00100
13.71862 -0.00088
13.78951 -0.00109
13.86041 -0.00098
13.93131 -0.00122
14.00221 -0.00098
14.07310 -0.00083
14.14400 -0.00065
14.21490 -0.00098
14.28579 -0.00082
14.35669 -0.00093
14.42759 -0.00047
14.49849 -0.00072
14.56938 -0.00053
14.64028 -0.00068
14.71118 -0.00051
14.78208 -0.00049
14.85297 -0.00023
14.92387 -0.00039
14.99477 -0.00033
15.06566  0.00008
15.13656  0.00009
15.20746 -0.00004
15.27836  0.00003
15.34925  0.00004
15.42015 -0.00007
15.49105 -0.00004
15.56194  0.00001
15.63284 -0.00021
15.70374 -0.00021
15.77464 -0.00037
15.84553 -0.00050
15.91643 -0.00044
15.98733 -0.00045
16.05823 -0.00059
16.12912 -0.00050
16.20002 -0.00061
16.27092 -0.00050
16.34181 -0.00047
16.41271 -0.00045
16.48361 -0.00064
16.55451 -0.00043
16.62540 -0.00042
16.69630 -0.00046
16.76720 -0.00038
16.83810 -0.00065
16.90899 -0.00054
16.97989 -0.00065
17.05079 -0.00071
17.12168 -0.00072
17.19258 -0.00059
17.26348 -0.00067
17.33438 -0.00051
17.40527 -0.00063
17.47617 -0.00074
17.54707 -0.00053
17.61796 -0.00060
17.68886 -0.00043
17.75976 -0.00064
17.83066 -0.00055
17.90155 -0.00060
17.97245 -0.00054
18.04335 -0.00059
18.11425 -0.00051
18.18514 -0.00053
18.25604 -0.00048
18.32694 -0.00037
18.39783 -0.00034
18.46873 -0.00046
18.53963 -0.00054
18.61053 -0.00023
18.68142 -0.00040
18.75232 -0.00036
18.82322 -0.00054
18.89412 -0.00038
18.96501 -0.00044
19.03591 -0.00054
19.10681 -0.00069
19.17770 -0.00066
19.24860 -0.00066
19.31950 -0.00069
19.39040 -0.00068
19.46129 -0.00073
19.53219 -0.00095
19.60309 -0.00082
19.67399 -0.00069
19.74488 -0.00065
19.81578 -0.00082
19.88668 -0.00092
19.95757 -0.00083
20.02847 -0.00063
20.09937 -0.00058
20.17027 -0.00069
20.24116 -0.00048
20.31206 -0.00056
20.38296 -0.00067
20.45385 -0.00070
20.52475 -0.00061
20.59565 -0.00044
20.66655 -0.00061
20.73744 -0.00059
20.80834 -0.00048
20.87924 -0.00059
20.95014 -0.00038
21.02103 -0.00048
21.09193 -0.00052
21.16283 -0.00044
21.23372 -0.00006
