 0.03545      inf      nan
 0.10635      inf      nan
 0.17724      inf      nan
 0.24814      inf      nan
 0.31904      inf      nan
 0.38993      inf      nan
 0.46083      inf      nan
 0.53173      inf      nan
 0.60263      inf      nan
 0.67352      inf      nan
 0.74442      inf      nan
 0.81532      inf      nan
 0.88622      inf      nan
 0.95711      inf      nan
 1.02801      inf      nan
 1.09891      inf      nan
 1.16980      inf      nan
 1.24070      inf      nan
 1.31160      inf      nan
 1.38250      inf      nan
 1.45339      inf      nan
 1.52429      inf      nan
 1.59519      inf      nan
 1.66609      inf      nan
 1.73698      inf      nan
 1.80788      inf      nan
 1.87878      inf      nan
 1.94967      inf      nan
 2.02057      inf      nan
 2.09147      inf      nan
 2.16237      inf      nan
 2.23326      inf      nan
 2.30416      inf      nan
 2.37506      inf      nan
 2.44595      inf      nan
 2.51685      inf      nan
 2.58775      inf      nan
 2.65865      inf      nan
 2.72954      inf      nan
 2.80044      inf      nan
 2.87134      inf      nan
 2.94224  4.78009  0.33348
 3.01313  3.68518  0.12261
 3.08403  2.64708  0.06103
 3.15493  1.97061  0.03780
 3.22582  1.40666  0.02862
 3.29672  0.98371  0.02264
 3.36762  0.68891  0.01920
 3.43852  0.45095  0.01679
 3.50941  0.26950  0.01455
 3.58031  0.13793  0.01344
 3.65121  0.02164  0.01200
 3.72211 -0.06429  0.01097
 3.79300 -0.14979  0.00999
 3.86390 -0.25574  0.00888
 3.93480 -0.38566  0.00806
 4.00569 -0.50667  0.00771
 4.07659 -0.56717  0.00752
 4.14749 -0.56617  0.00712
 4.21839 -0.53471  0.00674
 4.28928 -0.50550  0.00657
 4.36018 -0.50595  0.00651
 4.43108 -0.49713  0.00641
 4.50197 -0.49816  0.00638
 4.57287 -0.50284  0.00625
 4.64377 -0.48640  0.00623
 4.71467 -0.47158  0.00624
 4.78556 -0.45218  0.00620
 4.85646 -0.43322  0.00625
 4.92736 -0.39699  0.00630
 4.99826 -0.35706  0.00630
 5.06915 -0.32037  0.00638
 5.14005 -0.27857  0.00635
 5.21095 -0.24301  0.00643
 5.28184 -0.21072  0.00660
 5.35274 -0.17983  0.00655
 5.42364 -0.15949  0.00658
 5.49454 -0.13718  0.00662
 5.56543 -0.12250  0.00648
 5.63633 -0.11423  0.00643
 5.70723 -0.10530  0.00632
 5.77813 -0.11163  0.00632
 5.84902 -0.11215  0.00619
 5.91992 -0.11897  0.00600
 5.99082 -0.13015  0.00596
 6.06171 -0.13835  0.00570
 6.13261 -0.14490  0.00562
 6.20351 -0.16437  0.00546
 6.27441 -0.17335  0.00539
 6.34530 -0.17967  0.00532
 6.41620 -0.19232  0.00521
 6.48710 -0.19225  0.00516
 6.55800 -0.19659  0.00511
 6.62889 -0.18661  0.00504
 6.69979 -0.19026  0.00497
 6.77069 -0.18037  0.00502
 6.84158 -0.17408  0.00491
 6.91248 -0.16758  0.00480
 6.98338 -0.16332  0.00488
 7.05428 -0.15672  0.00490
 7.12517 -0.15061  0.00480
 7.19607 -0.14111  0.00491
 7.26697 -0.13645  0.00481
 7.33786 -0.13504  0.00477
 7.40876 -0.12863  0.00475
 7.47966 -0.12979  0.00466
 7.55056 -0.13014  0.00460
 7.62145 -0.12936  0.00457
 7.69235 -0.12928  0.00456
 7.76325 -0.13064  0.00450
 7.83415 -0.13478  0.00444
 7.90504 -0.13254  0.00440
 7.97594 -0.13690  0.00440
 8.04684 -0.13822  0.00436
 8.11773 -0.14264  0.00435
 8.18863 -0.14010  0.00434
 8.25953 -0.14036  0.00428
 8.33043 -0.14057  0.00422
 8.40132 -0.13770  0.00421
 8.47222 -0.13579  0.00420
 8.54312 -0.13596  0.00419
 8.61402 -0.13198  0.00412
 8.68491 -0.12731  0.00413
 8.75581 -0.11852  0.00413
 8.82671 -0.11434  0.00414
 8.89760 -0.11289  0.00412
 8.96850 -0.10428  0.00405
 9.03940 -0.09561  0.00410
 9.11030 -0.09033  0.00408
 9.18119 -0.08335  0.00411
 9.25209 -0.07626  0.00413
 9.32299 -0.07075  0.00412
 9.39388 -0.06393  0.00412
 9.46478 -0.06096  0.00407
 9.53568 -0.05422  0.00404
 9.60658 -0.05051  0.00404
 9.67747 -0.04891  0.00397
 9.74837 -0.04301  0.00392
 9.81927 -0.03956  0.00395
 9.89017 -0.03719  0.00388
 9.96106 -0.03578  0.00383
10.03196 -0.03482  0.00386
10.10286 -0.03614  0.00381
10.17375 -0.03472  0.00375
10.24465 -0.03668  0.00374
10.31555 -0.03554  0.00370
10.38645 -0.03670  0.00364
10.45734 -0.03886  0.00363
10.52824 -0.03874  0.00357
10.59914 -0.04161  0.00352
10.67004 -0.04325  0.00354
10.74093 -0.04678  0.00352
10.81183 -0.04387  0.00341
10.88273 -0.04727  0.00344
10.95362 -0.04426  0.00344
11.02452 -0.04453  0.00342
11.09542 -0.04157  0.00338
11.16632 -0.04003  0.00339
11.23721 -0.04057  0.00332
11.30811 -0.03707  0.00333
11.37901 -0.04107  0.00331
11.44990 -0.03590  0.00331
11.52080 -0.03550  0.00327
11.59170 -0.03732  0.00325
11.66260 -0.03222  0.00322
11.73349 -0.03082  0.00320
11.80439 -0.02873  0.00320
11.87529 -0.02596  0.00319
11.94619 -0.02519  0.00317
12.01708 -0.02290  0.00314
12.08798 -0.02209  0.00313
12.15888 -0.02123  0.00314
12.22977 -0.02192  0.00311
12.30067 -0.01946  0.00309
12.37157 -0.01944  0.00307
12.44247 -0.01830  0.00304
12.51336 -0.01745  0.00303
12.58426 -0.01547  0.00299
12.65516 -0.01652  0.00303
12.72606 -0.01626  0.00298
12.79695 -0.01613  0.00297
12.86785 -0.01501  0.00299
12.93875 -0.01368  0.00299
13.00964 -0.01659  0.00293
13.08054 -0.01472  0.00294
13.15144 -0.01127  0.00295
13.22234 -0.01055  0.00289
13.29323 -0.01331  0.00288
13.36413 -0.01281  0.00287
13.43503 -0.01011  0.00282
13.50592 -0.00979  0.00287
13.57682 -0.01213  0.00280
13.64772 -0.00883  0.00282
13.71862 -0.00787  0.00280
13.78951 -0.00856  0.00278
13.86041 -0.00894  0.00275
13.93131 -0.00696  0.00273
14.00221 -0.00621  0.00272
14.07310 -0.00584  0.00269
14.14400 -0.00486  0.00267
14.21490 -0.00433  0.00269
14.28579 -0.00226  0.00264
14.35669 -0.00175  0.00267
14.42759  0.00132  0.00263
14.49849  0.00245  0.00264
14.56938  0.00287  0.00262
14.64028  0.00350  0.00263
14.71118  0.00518  0.00257
14.78208  0.00744  0.00261
14.85297  0.00816  0.00254
14.92387  0.00812  0.00258
14.99477  0.00891  0.00256
15.06566  0.00780  0.00253
15.13656  0.00672  0.00253
15.20746  0.00774  0.00252
15.27836  0.00428  0.00251
15.34925  0.00686  0.00251
15.42015  0.00613  0.00250
15.49105  0.00586  0.00249
15.56194  0.00521  0.00249
15.63284  0.00237  0.00248
15.70374  0.00506  0.00245
15.77464  0.00455  0.00248
15.84553  0.00524  0.00248
15.91643  0.00443  0.00249
15.98733  0.00288  0.00245
16.05823  0.00572  0.00245
16.12912  0.00231  0.00245
16.20002  0.00286  0.00240
16.27092  0.00376  0.00243
16.34181  0.00279  0.00242
16.41271  0.00342  0.00242
16.48361  0.00241  0.00240
16.55451  0.00534  0.00238
16.62540  0.00452  0.00241
16.69630  0.00363  0.00241
16.76720  0.00523  0.00237
16.83810  0.00595  0.00235
16.90899  0.00472  0.00231
16.97989  0.00432  0.00232
17.05079  0.00368  0.00228
17.12168  0.00517  0.00228
17.19258  0.00460  0.00226
17.26348  0.00536  0.00222
17.33438  0.00476  0.00220
17.40527  0.00369  0.00221
17.47617  0.00361  0.00218
17.54707  0.00545  0.00218
17.61796  0.00471  0.00217
17.68886  0.00487  0.00216
17.75976  0.00628  0.00213
17.83066  0.00594  0.00209
17.90155  0.00630  0.00209
17.97245  0.00740  0.00207
18.04335  0.00753  0.00205
18.11425  0.00790  0.00202
18.18514  0.00975  0.00204
18.25604  0.00999  0.00201
18.32694  0.00995  0.00199
18.39783  0.00987  0.00200
18.46873  0.00941  0.00203
18.53963  0.00944  0.00200
18.61053  0.01297  0.00199
18.68142  0.01313  0.00195
18.75232  0.01153  0.00199
18.82322  0.01115  0.00198
18.89412  0.01076  0.00193
18.96501  0.01053  0.00195
19.03591  0.01040  0.00197
19.10681  0.01214  0.00197
19.17770  0.01141  0.00194
19.24860  0.01156  0.00200
19.31950  0.00925  0.00199
19.39040  0.00953  0.00196
19.46129  0.00992  0.00194
19.53219  0.00998  0.00196
19.60309  0.01035  0.00196
19.67399  0.00880  0.00192
19.74488  0.00874  0.00190
19.81578  0.01016  0.00197
19.88668  0.00973  0.00195
19.95757  0.01015  0.00194
20.02847  0.00886  0.00195
20.09937  0.00891  0.00193
20.17027  0.00866  0.00193
20.24116  0.00928  0.00193
20.31206  0.00942  0.00193
20.38296  0.00972  0.00193
20.45385  0.00876  0.00190
20.52475  0.01014  0.00190
20.59565  0.01171  0.00188
20.66655  0.00999  0.00189
20.73744  0.01027  0.00185
20.80834  0.01246  0.00185
20.87924  0.01298  0.00184
20.95014  0.01172  0.00183
21.02103  0.01136  0.00183
21.09193  0.01210  0.00182
21.16283  0.01326  0.00184
21.23372  0.01461  0.00183
