 0.03543  0.00000      nan
 0.10628  0.00000      nan
 0.17714  0.00000      nan
 0.24800  0.00000      nan
 0.31885  0.00000      nan
 0.38971  0.00000      nan
 0.46056  0.00000      nan
 0.53142  0.00000      nan
 0.60228  0.00000      nan
 0.67313  0.00000      nan
 0.74399  0.00000      nan
 0.81484  0.00000      nan
 0.88570  0.00000      nan
 0.95656  0.00000      nan
 1.02741  0.00000      nan
 1.09827  0.00000      nan
 1.16912  0.00000      nan
 1.23998  0.00000      nan
 1.31084  0.00000      nan
 1.38169  0.00000      nan
 1.45255  0.00000      nan
 1.52340  0.00000      nan
 1.59426  0.00000      nan
 1.66512  0.00000      nan
 1.73597  0.00000      nan
 1.80683  0.00000      nan
 1.87769  0.00000      nan
 1.94854  0.00000      nan
 2.01940  0.00000      nan
 2.09025  0.00000      nan
 2.16111  0.00000      nan
 2.23197  0.00000      nan
 2.30282  0.00000      nan
 2.37368  0.00000      nan
 2.44453  0.00000      nan
 2.51539  0.00000      nan
 2.58625  0.00000      nan
 2.65710  0.00000      nan
 2.72796  0.00000      nan
 2.79881  0.00000      nan
 2.86967  0.00000      nan
 2.94053  0.00082  0.00078
 3.01138  0.00865  0.00264
 3.08224  0.02703  0.00465
 3.15309  0.08106  0.00747
 3.22395  0.16536  0.00984
 3.29481  0.32125  0.01535
 3.36566  0.45708  0.01561
 3.43652  0.63228  0.01780
 3.50737  0.79193  0.02305
 3.57823  1.04384  0.02384
 3.64909  1.41878  0.02922
 3.71994  1.82085  0.03337
 3.79080  2.28396  0.03683
 3.86165  2.86330  0.04387
 3.93251  3.45788  0.05161
 4.00337  4.11353  0.06160
 4.07422  4.75452  0.06050
 4.14508  5.33969  0.06309
 4.21593  5.86592  0.06223
 4.28679  6.14010  0.06814
 4.35765  6.35144  0.06852
 4.42850  6.23710  0.06740
 4.49936  5.92031  0.06499
 4.57021  5.42846  0.06549
 4.64107  4.71169  0.05770
 4.71193  3.79208  0.04561
 4.78278  2.97406  0.03876
 4.85364  2.21365  0.02699
 4.92450  1.64781  0.02319
 4.99535  1.31787  0.02040
 5.06621  1.14816  0.01990
 5.13706  1.04455  0.01820
 5.20792  1.08443  0.01664
 5.27878  1.09748  0.01822
 5.34963  1.09004  0.01722
 5.42049  1.11877  0.01673
 5.49134  1.14708  0.01432
 5.56220  1.17406  0.01875
 5.63306  1.21619  0.01859
 5.70391  1.20370  0.01822
 5.77477  1.22759  0.01846
 5.84562  1.25082  0.01738
 5.91648  1.26280  0.01700
 5.98734  1.23628  0.01684
 6.05819  1.24445  0.01762
 6.12905  1.23767  0.01788
 6.19990  1.25872  0.01474
 6.27076  1.24821  0.01599
 6.34162  1.25895  0.01650
 6.41247  1.25244  0.01438
 6.48333  1.22522  0.01508
 6.55418  1.21946  0.01443
 6.62504  1.24600  0.01565
 6.69590  1.24888  0.01578
 6.76675  1.20666  0.01567
 6.83761  1.16180  0.01484
 6.90846  1.16469  0.01452
 6.97932  1.12388  0.01468
 7.05018  1.12135  0.01243
 7.12103  1.10224  0.01223
 7.19189  1.07994  0.01235
 7.26274  1.06844  0.01315
 7.33360  1.05293  0.01259
 7.40446  1.03131  0.01251
 7.47531  1.04210  0.01227
 7.54617  1.02500  0.01176
 7.61702  1.05200  0.01225
 7.68788  1.05647  0.01196
 7.75874  1.05870  0.01313
 7.82959  1.03777  0.01151
 7.90045  1.09271  0.01202
 7.97131  1.09256  0.01125
 8.04216  1.09754  0.01315
 8.11302  1.10305  0.01102
 8.18387  1.10395  0.01179
 8.25473  1.10769  0.01181
 8.32559  1.11155  0.01273
 8.39644  1.09297  0.01138
 8.46730  1.09992  0.01079
 8.53815  1.08125  0.01154
 8.60901  1.11328  0.01014
 8.67987  1.09470  0.01170
 8.75072  1.07611  0.01139
 8.82158  1.07979  0.01080
 8.89243  1.07844  0.01079
 8.96329  1.06501  0.00979
 9.03415  1.06785  0.01095
 9.10500  1.04966  0.01017
 9.17586  1.05672  0.00877
 9.24671  1.05561  0.01029
 9.31757  1.04889  0.01035
 9.38843  1.04720  0.00948
 9.45928  1.03611  0.00884
 9.53014  1.04299  0.00957
 9.60099  1.03430  0.00960
 9.67185  1.02508  0.00931
 9.74271  1.01766  0.00958
 9.81356  1.01938  0.00955
 9.88442  1.01285  0.00848
 9.95527  1.03238  0.00930
10.02613  1.02124  0.00888
10.09699  1.02627  0.00830
10.16784  1.02457  0.00879
10.23870  1.02173  0.00910
10.30955  1.02324  0.00918
10.38041  1.01269  0.00863
10.45127  1.03668  0.00947
10.52212  1.03797  0.00898
10.59298  1.03430  0.00884
10.66383  1.01207  0.00832
10.73469  1.02382  0.00869
10.80555  1.01587  0.00892
10.87640  1.01890  0.00902
10.94726  1.01914  0.00775
11.01812  1.00960  0.00815
11.08897  1.01327  0.00831
11.15983  1.01258  0.00706
11.23068  1.01217  0.00680
11.30154  1.00533  0.00827
11.37240  1.02411  0.00724
11.44325  1.00548  0.00829
11.51411  1.00675  0.00824
11.58496  1.00510  0.00735
11.65582  1.01948  0.00753
11.72668  1.01679  0.00706
11.79753  1.01312  0.00774
11.86839  1.00795  0.00754
11.93924  1.01128  0.00807
12.01010  1.01342  0.00768
12.08096  1.00255  0.00780
12.15181  1.00089  0.00686
12.22267  1.01013  0.00723
12.29352  0.99243  0.00770
12.36438  1.00241  0.00634
12.43524  0.99692  0.00693
12.50609  1.00509  0.00703
12.57695  1.00164  0.00778
12.64780  0.99602  0.00620
12.71866  1.00612  0.00663
12.78952  0.99439  0.00650
12.86037  0.99027  0.00689
12.93123  0.99702  0.00680
13.00208  1.00403  0.00724
13.07294  0.99239  0.00695
13.14380  0.99575  0.00643
13.21465  0.98861  0.00616
13.28551  0.99782  0.00679
13.35636  1.00053  0.00636
13.42722  0.99601  0.00650
13.49808  1.00645  0.00626
13.56893  0.99681  0.00597
13.63979  0.99795  0.00657
13.71064  0.99104  0.00655
13.78150  0.98861  0.00634
13.85236  0.99695  0.00588
13.92321  0.99151  0.00695
13.99407  0.99671  0.00625
14.06492  0.99084  0.00581
14.13578  0.98993  0.00602
14.20664  0.99054  0.00595
14.27749  1.00365  0.00604
14.34835  0.98680  0.00608
14.41921  0.98608  0.00561
14.49006  0.98491  0.00536
14.56092  0.99469  0.00594
14.63177  0.99045  0.00546
14.70263  0.97719  0.00605
14.77349  0.98886  0.00592
14.84434  0.98274  0.00644
14.91520  0.99202  0.00578
14.98605  0.99025  0.00574
15.05691  0.99121  0.00567
15.12777  0.98743  0.00579
15.19862  0.99983  0.00590
15.26948  0.99461  0.00583
15.34033  0.98223  0.00449
15.41119  0.98769  0.00520
15.48205  0.99108  0.00607
15.55290  0.98104  0.00534
15.62376  1.00415  0.00482
15.69461  0.98882  0.00567
15.76547  0.97929  0.00547
15.83633  0.98121  0.00553
15.90718  0.98348  0.00567
15.97804  0.99559  0.00580
16.04889  0.98054  0.00503
16.11975  0.98840  0.00551
16.19061  0.98687  0.00488
16.26146  0.99067  0.00493
16.33232  0.98292  0.00531
16.40317  0.97980  0.00566
16.47403  0.98007  0.00520
16.54489  0.99167  0.00495
16.61574  0.98742  0.00537
16.68660  0.98778  0.00524
16.75745  0.98354  0.00515
16.82831  0.98698  0.00507
16.89917  0.97783  0.00568
16.97002  0.97889  0.00543
17.04088  0.97963  0.00539
17.11173  0.98579  0.00499
17.18259  0.98267  0.00480
17.25345  0.98432  0.00499
17.32430  0.98394  0.00526
17.39516  0.99326  0.00482
17.46602  0.98845  0.00466
17.53687  0.98101  0.00441
17.60773  0.97794  0.00485
17.67858  0.97913  0.00475
17.74944  0.98672  0.00498
17.82030  0.98590  0.00489
17.89115  0.98717  0.00460
17.96201  0.97562  0.00425
18.03286  0.98178  0.00435
18.10372  0.98142  0.00509
18.17458  0.98631  0.00508
18.24543  0.97926  0.00478
18.31629  0.98450  0.00490
18.38714  0.97653  0.00461
18.45800  0.98453  0.00403
18.52886  0.98483  0.00441
18.59971  0.97233  0.00468
18.67057  0.98583  0.00439
18.74142  0.98438  0.00411
18.81228  0.98613  0.00399
18.88314  0.99197  0.00505
18.95399  0.98591  0.00470
19.02485  0.97980  0.00403
19.09570  0.98616  0.00450
19.16656  0.97795  0.00476
19.23742  0.98348  0.00484
19.30827  0.98521  0.00456
19.37913  0.98808  0.00466
19.44998  0.97675  0.00458
19.52084  0.97373  0.00467
19.59170  0.98049  0.00466
19.66255  0.98292  0.00410
19.73341  0.97789  0.00437
19.80426  0.98201  0.00445
19.87512  0.98047  0.00423
19.94598  0.98214  0.00441
20.01683  0.97791  0.00398
20.08769  0.98460  0.00400
20.15854  0.98288  0.00452
20.22940  0.97787  0.00425
20.30026  0.98049  0.00378
20.37111  0.97870  0.00406
20.44197  0.97863  0.00411
20.51283  0.98195  0.00387
20.58368  0.97595  0.00412
20.65454  0.98136  0.00413
20.72539  0.97975  0.00420
20.79625  0.97661  0.00421
20.86711  0.97348  0.00411
20.93796  0.97499  0.00421
21.00882  0.98132  0.00406
21.07967  0.97826  0.00419
21.15053  0.98438  0.00404
21.22139  0.98255  0.00417
