 0.03543  0.00000
 0.10628  0.00000
 0.17714  0.00000
 0.24800  0.00000
 0.31885  0.00000
 0.38971  0.00000
 0.46056  0.00000
 0.53142  0.00000
 0.60228  0.00000
 0.67313  0.00000
 0.74399  0.00000
 0.81484  0.00000
 0.88570  0.00000
 0.95656  0.00000
 1.02741  0.00000
 1.09827  0.00000
 1.16912  0.00000
 1.23998  0.00000
 1.31084  0.00000
 1.38169  0.00000
 1.45255  0.00000
 1.52340  0.00000
 1.59426  0.00000
 1.66512  0.00000
 1.73597  0.00000
 1.80683  0.00000
 1.87769  0.00000
 1.94854  0.00000
 2.01940  0.00000
 2.09025  0.00000
 2.16111  0.00000
 2.23197  0.00000
 2.30282  0.00000
 2.37368  0.00000
 2.44453  0.00000
 2.51539  0.00000
 2.58625  0.00000
 2.65710  0.00003
 2.72796  0.00105
 2.79881  0.01073
 2.86967  0.06010
 2.94053  0.20249
 3.01138  0.48505
 3.08224  0.88638
 3.15309  1.30926
 3.22395  1.68853
 3.29481  1.96521
 3.36566  2.14116
 3.43652  2.18282
 3.50737  2.07587
 3.57823  1.85585
 3.64909  1.58895
 3.71994  1.33088
 3.79080  1.10377
 3.86165  0.89907
 3.93251  0.74276
 4.00337  0.64482
 4.07422  0.60196
 4.14508  0.60092
 4.21593  0.62852
 4.28679  0.67293
 4.35765  0.73152
 4.42850  0.79498
 4.49936  0.86250
 4.57021  0.92686
 4.64107  0.98186
 4.71193  1.02301
 4.78278  1.05576
 4.85364  1.07463
 4.92450  1.08489
 4.99535  1.08897
 5.06621  1.09401
 5.13706  1.09290
 5.20792  1.09001
 5.27878  1.08701
 5.34963  1.08351
 5.42049  1.07707
 5.49134  1.07002
 5.56220  1.06438
 5.63306  1.05584
 5.70391  1.05077
 5.77477  1.03839
 5.84562  1.02288
 5.91648  1.00949
 5.98734  0.99433
 6.05819  0.97563
 6.12905  0.96079
 6.19990  0.94313
 6.27076  0.92969
 6.34162  0.91641
 6.41247  0.90640
 6.48333  0.90524
 6.55418  0.90428
 6.62504  0.90790
 6.69590  0.91718
 6.76675  0.92601
 6.83761  0.94100
 6.90846  0.95403
 6.97932  0.96781
 7.05018  0.98086
 7.12103  0.99568
 7.19189  1.00573
 7.26274  1.01754
 7.33360  1.02563
 7.40446  1.03294
 7.47531  1.03791
 7.54617  1.04211
 7.61702  1.04284
 7.68788  1.04383
 7.75874  1.04087
 7.82959  1.04029
 7.90045  1.03376
 7.97131  1.02966
 8.04216  1.02757
 8.11302  1.02491
 8.18387  1.01826
 8.25473  1.01203
 8.32559  1.00663
 8.39644  1.00326
 8.46730  0.99931
 8.53815  0.99524
 8.60901  0.98995
 8.67987  0.98702
 8.75072  0.98652
 8.82158  0.98514
 8.89243  0.98489
 8.96329  0.98580
 9.03415  0.98438
 9.10500  0.98638
 9.17586  0.98780
 9.24671  0.98868
 9.31757  0.99136
 9.38843  0.99300
 9.45928  0.99319
 9.53014  0.99431
 9.60099  0.99811
 9.67185  1.00044
 9.74271  1.00242
 9.81356  1.00275
 9.88442  1.00456
 9.95527  1.00468
10.02613  1.00471
10.09699  1.00438
10.16784  1.00627
10.23870  1.00478
10.30955  1.00611
10.38041  1.00368
10.45127  1.00305
10.52212  1.00413
10.59298  1.00217
10.66383  1.00264
10.73469  1.00181
10.80555  0.99976
10.87640  1.00102
10.94726  1.00104
11.01812  1.00039
11.08897  0.99973
11.15983  1.00007
11.23068  0.99925
11.30154  1.00035
11.37240  1.00035
11.44325  1.00130
11.51411  1.00144
11.58496  1.00081
11.65582  0.99977
11.72668  0.99997
11.79753  1.00094
11.86839  1.00132
11.93924  1.00042
12.01010  0.99969
12.08096  1.00205
12.15181  1.00271
12.22267  1.00119
12.29352  1.00222
12.36438  1.00142
12.43524  1.00143
12.50609  1.00059
12.57695  1.00064
12.64780  1.00099
12.71866  1.00208
12.78952  1.00069
12.86037  0.99984
12.93123  1.00117
13.00208  1.00156
13.07294  1.00088
13.14380  1.00004
13.21465  1.00131
13.28551  1.00161
13.35636  1.00152
13.42722  1.00064
13.49808  1.00098
13.56893  1.00100
13.63979  1.00112
13.71064  1.00070
13.78150  1.00032
13.85236  0.99966
13.92321  1.00123
13.99407  1.00140
14.06492  1.00083
14.13578  1.00219
14.20664  1.00106
14.27749  1.00249
14.34835  1.00216
14.41921  1.00190
14.49006  1.00166
14.56092  1.00126
14.63177  1.00141
14.70263  1.00187
14.77349  1.00127
14.84434  1.00031
14.91520  1.00039
14.98605  1.00134
15.05691  1.00055
15.12777  1.00028
15.19862  1.00077
15.26948  1.00038
15.34033  1.00161
15.41119  1.00164
15.48205  1.00080
15.55290  1.00047
15.62376  1.00027
15.69461  1.00063
15.76547  1.00041
15.83633  1.00103
15.90718  1.00109
15.97804  1.00067
16.04889  1.00139
16.11975  1.00068
16.19061  1.00086
16.26146  1.00161
16.33232  1.00096
16.40317  1.00079
16.47403  1.00143
16.54489  1.00091
16.61574  1.00095
16.68660  1.00126
16.75745  1.00145
16.82831  1.00130
16.89917  1.00067
16.97002  1.00121
17.04088  1.00127
17.11173  1.00110
17.18259  1.00065
17.25345  1.00146
17.32430  1.00091
17.39516  1.00157
17.46602  1.00126
17.53687  1.00126
17.60773  1.00174
17.67858  1.00070
17.74944  1.00174
17.82030  1.00117
17.89115  1.00019
17.96201  1.00070
18.03286  1.00071
18.10372  1.00115
18.17458  1.00088
18.24543  1.00074
18.31629  1.00033
18.38714  1.00110
18.45800  1.00058
18.52886  1.00109
18.59971  1.00170
18.67057  1.00163
18.74142  1.00117
18.81228  1.00126
18.88314  1.00083
18.95399  1.00110
19.02485  1.00102
19.09570  1.00092
19.16656  1.00114
19.23742  1.00153
19.30827  1.00135
19.37913  1.00118
19.44998  1.00068
19.52084  1.00121
19.59170  1.00130
19.66255  1.00156
19.73341  1.00215
19.80426  1.00078
19.87512  1.00194
19.94598  1.00038
20.01683  1.00138
20.08769  1.00163
20.15854  1.00179
20.22940  1.00132
20.30026  1.00155
20.37111  1.00050
20.44197  1.00103
20.51283  1.00096
20.58368  1.00126
20.65454  1.00061
20.72539  1.00090
20.79625  1.00085
20.86711  1.00122
20.93796  1.00108
21.00882  1.00096
21.07967  1.00124
21.15053  1.00116
21.22139  1.00064
