 0.03543  0.00000
 0.10628  0.00000
 0.17714  0.00000
 0.24800  0.00000
 0.31885  0.00000
 0.38971  0.00000
 0.46056  0.00000
 0.53142  0.00000
 0.60228  0.00000
 0.67313  0.00000
 0.74399  0.00000
 0.81484  0.00000
 0.88570  0.00000
 0.95656  0.00000
 1.02741  0.00000
 1.09827  0.00000
 1.16912  0.00000
 1.23998  0.00000
 1.31084  0.00000
 1.38169  0.00000
 1.45255  0.00000
 1.52340  0.00000
 1.59426  0.00000
 1.66512  0.00000
 1.73597  0.00000
 1.80683  0.00000
 1.87769  0.00000
 1.94854  0.00000
 2.01940  0.00000
 2.09025  0.00000
 2.16111  0.00000
 2.23197  0.00000
 2.30282  0.00000
 2.37368  0.00000
 2.44453  0.00000
 2.51539  0.00000
 2.58625  0.00002
 2.65710  0.00093
 2.72796  0.01185
 2.79881  0.07127
 2.86967  0.23543
 2.94053  0.48368
 3.01138  0.72392
 3.08224  0.87737
 3.15309  0.94372
 3.22395  0.96338
 3.29481  0.97839
 3.36566  1.01340
 3.43652  1.08042
 3.50737  1.17962
 3.57823  1.29347
 3.64909  1.37588
 3.71994  1.39767
 3.79080  1.33551
 3.86165  1.22828
 3.93251  1.10805
 4.00337  1.01243
 4.07422  0.94902
 4.14508  0.91613
 4.21593  0.89890
 4.28679  0.89228
 4.35765  0.89739
 4.42850  0.90784
 4.49936  0.91976
 4.57021  0.93375
 4.64107  0.95366
 4.71193  0.96686
 4.78278  0.98531
 4.85364  1.00275
 4.92450  1.02100
 4.99535  1.04118
 5.06621  1.06648
 5.13706  1.08107
 5.20792  1.09515
 5.27878  1.09787
 5.34963  1.08899
 5.42049  1.07140
 5.49134  1.04867
 5.56220  1.02943
 5.63306  1.01427
 5.70391  1.00204
 5.77477  0.99491
 5.84562  0.99292
 5.91648  0.98771
 5.98734  0.98800
 6.05819  0.98807
 6.12905  0.98961
 6.19990  0.99010
 6.27076  0.98912
 6.34162  0.98428
 6.41247  0.98354
 6.48333  0.97762
 6.55418  0.97646
 6.62504  0.97484
 6.69590  0.97483
 6.76675  0.97324
 6.83761  0.97650
 6.90846  0.97902
 6.97932  0.98088
 7.05018  0.98415
 7.12103  0.99126
 7.19189  0.99433
 7.26274  0.99855
 7.33360  1.00204
 7.40446  1.00243
 7.47531  1.00566
 7.54617  1.01046
 7.61702  1.01140
 7.68788  1.01401
 7.75874  1.01444
 7.82959  1.01609
 7.90045  1.01593
 7.97131  1.01668
 8.04216  1.01569
 8.11302  1.01433
 8.18387  1.01399
 8.25473  1.01325
 8.32559  1.00973
 8.39644  1.00844
 8.46730  1.00672
 8.53815  1.00644
 8.60901  1.00546
 8.67987  1.00233
 8.75072  1.00386
 8.82158  1.00203
 8.89243  1.00182
 8.96329  1.00105
 9.03415  1.00070
 9.10500  1.00034
 9.17586  0.99893
 9.24671  0.99895
 9.31757  0.99740
 9.38843  0.99893
 9.45928  0.99771
 9.53014  0.99739
 9.60099  0.99736
 9.67185  0.99860
 9.74271  1.00019
 9.81356  0.99873
 9.88442  0.99996
 9.95527  0.99736
10.02613  0.99853
10.09699  0.99961
10.16784  1.00085
10.23870  0.99950
10.30955  1.00065
10.38041  1.00070
10.45127  1.00072
10.52212  1.00203
10.59298  1.00058
10.66383  0.99984
10.73469  1.00141
10.80555  1.00217
10.87640  1.00088
10.94726  1.00279
11.01812  1.00185
11.08897  1.00222
11.15983  1.00330
11.23068  1.00287
11.30154  1.00223
11.37240  1.00161
11.44325  1.00226
11.51411  1.00262
11.58496  1.00315
11.65582  1.00370
11.72668  1.00311
11.79753  1.00306
11.86839  1.00124
11.93924  1.00119
12.01010  1.00206
12.08096  1.00025
12.15181  1.00219
12.22267  1.00148
12.29352  1.00106
12.36438  1.00281
12.43524  1.00122
12.50609  1.00111
12.57695  1.00072
12.64780  1.00107
12.71866  1.00097
12.78952  1.00002
12.86037  1.00129
12.93123  0.99975
13.00208  1.00047
13.07294  1.00079
13.14380  0.99996
13.21465  1.00158
13.28551  1.00114
13.35636  1.00115
13.42722  1.00126
13.49808  1.00204
13.56893  1.00058
13.63979  1.00031
13.71064  1.00176
13.78150  1.00149
13.85236  1.00146
13.92321  1.00105
13.99407  1.00168
14.06492  1.00146
14.13578  1.00147
14.20664  1.00134
14.27749  1.00252
14.34835  1.00163
14.41921  1.00061
14.49006  1.00113
14.56092  1.00194
14.63177  1.00159
14.70263  1.00064
14.77349  1.00212
14.84434  1.00132
14.91520  1.00140
14.98605  1.00147
15.05691  1.00166
15.12777  1.00031
15.19862  1.00110
15.26948  1.00226
15.34033  1.00107
15.41119  1.00177
15.48205  1.00110
15.55290  1.00144
15.62376  1.00189
15.69461  1.00074
15.76547  1.00163
15.83633  1.00114
15.90718  1.00112
15.97804  0.99984
16.04889  1.00131
16.11975  1.00113
16.19061  1.00111
16.26146  1.00156
16.33232  1.00110
16.40317  1.00117
16.47403  1.00164
16.54489  1.00123
16.61574  1.00151
16.68660  1.00156
16.75745  1.00057
16.82831  1.00110
16.89917  1.00134
16.97002  1.00077
17.04088  1.00084
17.11173  1.00090
17.18259  1.00199
17.25345  1.00112
17.32430  1.00140
17.39516  1.00131
17.46602  1.00112
17.53687  1.00139
17.60773  1.00188
17.67858  1.00190
17.74944  1.00171
17.82030  1.00094
17.89115  1.00072
17.96201  1.00172
18.03286  1.00106
18.10372  1.00086
18.17458  1.00171
18.24543  1.00169
18.31629  1.00105
18.38714  1.00110
18.45800  1.00188
18.52886  1.00045
18.59971  1.00127
18.67057  1.00077
18.74142  1.00155
18.81228  1.00092
18.88314  1.00074
18.95399  1.00071
19.02485  1.00107
19.09570  1.00137
19.16656  1.00153
19.23742  1.00111
19.30827  1.00087
19.37913  1.00039
19.44998  1.00160
19.52084  1.00056
19.59170  1.00155
19.66255  1.00137
19.73341  1.00071
19.80426  1.00138
19.87512  1.00209
19.94598  1.00141
20.01683  1.00057
20.08769  1.00194
20.15854  1.00123
20.22940  1.00057
20.30026  1.00195
20.37111  1.00118
20.44197  1.00096
20.51283  1.00126
20.58368  1.00113
20.65454  1.00106
20.72539  1.00054
20.79625  1.00127
20.86711  1.00190
20.93796  1.00100
21.00882  1.00140
21.07967  1.00115
21.15053  1.00051
21.22139  1.00019
