 0.03543      inf
 0.10628      inf
 0.17714      inf
 0.24800      inf
 0.31885      inf
 0.38971      inf
 0.46056      inf
 0.53142      inf
 0.60228      inf
 0.67313      inf
 0.74399      inf
 0.81484      inf
 0.88570      inf
 0.95656      inf
 1.02741      inf
 1.09827      inf
 1.16912      inf
 1.23998      inf
 1.31084      inf
 1.38169      inf
 1.45255      inf
 1.52340      inf
 1.59426      inf
 1.66512      inf
 1.73597      inf
 1.80683      inf
 1.87769      inf
 1.94854      inf
 2.01940      inf
 2.09025      inf
 2.16111      inf
 2.23197      inf
 2.30282      inf
 2.37368      inf
 2.44453      inf
 2.51539      inf
 2.58625  6.43588
 2.65710  4.13446
 2.72796  2.62589
 2.79881  1.56363
 2.86967  0.85622
 2.94053  0.42998
 3.01138  0.19126
 3.08224  0.07745
 3.15309  0.03429
 3.22395  0.02209
 3.29481  0.01293
 3.36566 -0.00788
 3.43652 -0.04579
 3.50737 -0.09779
 3.57823 -0.15234
 3.64909 -0.18890
 3.71994 -0.19820
 3.79080 -0.17127
 3.86165 -0.12173
 3.93251 -0.06074
 4.00337 -0.00731
 4.07422  0.03098
 4.14508  0.05186
 4.21593  0.06310
 4.28679  0.06747
 4.35765  0.06410
 4.42850  0.05724
 4.49936  0.04952
 4.57021  0.04058
 4.64107  0.02809
 4.71193  0.01995
 4.78278  0.00876
 4.85364 -0.00162
 4.92450 -0.01230
 4.99535 -0.02389
 5.06621 -0.03811
 5.13706 -0.04615
 5.20792 -0.05381
 5.27878 -0.05528
 5.34963 -0.05047
 5.42049 -0.04083
 5.49134 -0.02813
 5.56220 -0.01717
 5.63306 -0.00839
 5.70391 -0.00120
 5.77477  0.00302
 5.84562  0.00420
 5.91648  0.00732
 5.98734  0.00715
 6.05819  0.00711
 6.12905  0.00618
 6.19990  0.00589
 6.27076  0.00648
 6.34162  0.00938
 6.41247  0.00982
 6.48333  0.01340
 6.55418  0.01410
 6.62504  0.01509
 6.69590  0.01509
 6.76675  0.01606
 6.83761  0.01408
 6.90846  0.01255
 6.97932  0.01143
 7.05018  0.00946
 7.12103  0.00519
 7.19189  0.00337
 7.26274  0.00086
 7.33360 -0.00120
 7.40446 -0.00144
 7.47531 -0.00334
 7.54617 -0.00616
 7.61702 -0.00671
 7.68788 -0.00824
 7.75874 -0.00849
 7.82959 -0.00945
 7.90045 -0.00935
 7.97131 -0.00979
 8.04216 -0.00922
 8.11302 -0.00843
 8.18387 -0.00823
 8.25473 -0.00779
 8.32559 -0.00573
 8.39644 -0.00498
 8.46730 -0.00396
 8.53815 -0.00380
 8.60901 -0.00322
 8.67987 -0.00138
 8.75072 -0.00228
 8.82158 -0.00120
 8.89243 -0.00108
 8.96329 -0.00062
 9.03415 -0.00041
 9.10500 -0.00020
 9.17586  0.00064
 9.24671  0.00062
 9.31757  0.00154
 9.38843  0.00063
 9.45928  0.00136
 9.53014  0.00154
 9.60099  0.00157
 9.67185  0.00083
 9.74271 -0.00011
 9.81356  0.00076
 9.88442  0.00003
 9.95527  0.00157
10.02613  0.00087
10.09699  0.00023
10.16784 -0.00050
10.23870  0.00029
10.30955 -0.00038
10.38041 -0.00041
10.45127 -0.00043
10.52212 -0.00120
10.59298 -0.00034
10.66383  0.00010
10.73469 -0.00083
10.80555 -0.00128
10.87640 -0.00052
10.94726 -0.00165
11.01812 -0.00110
11.08897 -0.00132
11.15983 -0.00195
11.23068 -0.00170
11.30154 -0.00132
11.37240 -0.00095
11.44325 -0.00134
11.51411 -0.00155
11.58496 -0.00186
11.65582 -0.00219
11.72668 -0.00184
11.79753 -0.00181
11.86839 -0.00073
11.93924 -0.00070
12.01010 -0.00122
12.08096 -0.00015
12.15181 -0.00129
12.22267 -0.00088
12.29352 -0.00063
12.36438 -0.00166
12.43524 -0.00072
12.50609 -0.00066
12.57695 -0.00042
12.64780 -0.00063
12.71866 -0.00057
12.78952 -0.00001
12.86037 -0.00076
12.93123  0.00015
13.00208 -0.00028
13.07294 -0.00047
13.14380  0.00002
13.21465 -0.00094
13.28551 -0.00068
13.35636 -0.00068
13.42722 -0.00074
13.49808 -0.00121
13.56893 -0.00034
13.63979 -0.00018
13.71064 -0.00104
13.78150 -0.00088
13.85236 -0.00086
13.92321 -0.00062
13.99407 -0.00100
14.06492 -0.00087
14.13578 -0.00087
14.20664 -0.00079
14.27749 -0.00149
14.34835 -0.00097
14.41921 -0.00036
14.49006 -0.00067
14.56092 -0.00115
14.63177 -0.00094
14.70263 -0.00038
14.77349 -0.00125
14.84434 -0.00078
14.91520 -0.00083
14.98605 -0.00087
15.05691 -0.00098
15.12777 -0.00019
15.19862 -0.00065
15.26948 -0.00134
15.34033 -0.00063
15.41119 -0.00104
15.48205 -0.00065
15.55290 -0.00085
15.62376 -0.00112
15.69461 -0.00044
15.76547 -0.00096
15.83633 -0.00068
15.90718 -0.00066
15.97804  0.00009
16.04889 -0.00078
16.11975 -0.00067
16.19061 -0.00066
16.26146 -0.00092
16.33232 -0.00065
16.40317 -0.00069
16.47403 -0.00097
16.54489 -0.00073
16.61574 -0.00089
16.68660 -0.00092
16.75745 -0.00033
16.82831 -0.00065
16.89917 -0.00080
16.97002 -0.00046
17.04088 -0.00050
17.11173 -0.00053
17.18259 -0.00118
17.25345 -0.00066
17.32430 -0.00083
17.39516 -0.00077
17.46602 -0.00066
17.53687 -0.00083
17.60773 -0.00111
17.67858 -0.00112
17.74944 -0.00101
17.82030 -0.00056
17.89115 -0.00042
17.96201 -0.00102
18.03286 -0.00063
18.10372 -0.00051
18.17458 -0.00101
18.24543 -0.00100
18.31629 -0.00062
18.38714 -0.00065
18.45800 -0.00111
18.52886 -0.00027
18.59971 -0.00075
18.67057 -0.00045
18.74142 -0.00092
18.81228 -0.00055
18.88314 -0.00044
18.95399 -0.00042
19.02485 -0.00064
19.09570 -0.00081
19.16656 -0.00090
19.23742 -0.00066
19.30827 -0.00052
19.37913 -0.00023
19.44998 -0.00094
19.52084 -0.00033
19.59170 -0.00092
19.66255 -0.00081
19.73341 -0.00042
19.80426 -0.00082
19.87512 -0.00124
19.94598 -0.00083
20.01683 -0.00034
20.08769 -0.00115
20.15854 -0.00073
20.22940 -0.00034
20.30026 -0.00115
20.37111 -0.00070
20.44197 -0.00057
20.51283 -0.00074
20.58368 -0.00067
20.65454 -0.00063
20.72539 -0.00032
20.79625 -0.00075
20.86711 -0.00112
20.93796 -0.00059
21.00882 -0.00083
21.07967 -0.00068
21.15053 -0.00030
21.22139 -0.00011
