 0.03543      inf      nan
 0.10628      inf      nan
 0.17714      inf      nan
 0.24800      inf      nan
 0.31885      inf      nan
 0.38971      inf      nan
 0.46056      inf      nan
 0.53142      inf      nan
 0.60228      inf      nan
 0.67313      inf      nan
 0.74399      inf      nan
 0.81484      inf      nan
 0.88570      inf      nan
 0.95656      inf      nan
 1.02741      inf      nan
 1.09827      inf      nan
 1.16912      inf      nan
 1.23998      inf      nan
 1.31084      inf      nan
 1.38169      inf      nan
 1.45255      inf      nan
 1.52340      inf      nan
 1.59426      inf      nan
 1.66512      inf      nan
 1.73597      inf      nan
 1.80683      inf      nan
 1.87769      inf      nan
 1.94854      inf      nan
 2.01940      inf      nan
 2.09025      inf      nan
 2.16111      inf      nan
 2.23197      inf      nan
 2.30282      inf      nan
 2.37368      inf      nan
 2.44453      inf      nan
 2.51539      inf      nan
 2.58625      inf      nan
 2.65710      inf      nan
 2.72796      inf      nan
 2.79881      inf      nan
 2.86967      inf      nan
 2.94053  4.20342  0.56180
 3.01138  2.81206  0.18049
 3.08224  2.13771  0.10192
 3.15309  1.48744  0.05454
 3.22395  1.06537  0.03523
 3.29481  0.67223  0.02829
 3.36566  0.46347  0.02022
 3.43652  0.27139  0.01667
 3.50737  0.13810  0.01723
 3.57823 -0.02540  0.01352
 3.64909 -0.20708  0.01219
 3.71994 -0.35479  0.01085
 3.79080 -0.48894  0.00955
 3.86165 -0.62277  0.00907
 3.93251 -0.73447  0.00884
 4.00337 -0.83725  0.00887
 4.07422 -0.92298  0.00753
 4.14508 -0.99170  0.00700
 4.21593 -1.04734  0.00628
 4.28679 -1.07439  0.00657
 4.35765 -1.09442  0.00639
 4.42850 -1.08366  0.00640
 4.49936 -1.05281  0.00650
 4.57021 -1.00146  0.00714
 4.64107 -0.91763  0.00725
 4.71193 -0.78908  0.00712
 4.78278 -0.64524  0.00772
 4.85364 -0.47043  0.00722
 4.92450 -0.29567  0.00833
 4.99535 -0.16340  0.00917
 5.06621 -0.08179  0.01026
 5.13706 -0.02580  0.01032
 5.20792 -0.04798  0.00908
 5.27878 -0.05507  0.00983
 5.34963 -0.05104  0.00935
 5.42049 -0.06644  0.00885
 5.49134 -0.08124  0.00739
 5.56220 -0.09500  0.00946
 5.63306 -0.11587  0.00905
 5.70391 -0.10975  0.00896
 5.77477 -0.12139  0.00890
 5.84562 -0.13249  0.00823
 5.91648 -0.13813  0.00797
 5.98734 -0.12557  0.00806
 6.05819 -0.12947  0.00838
 6.12905 -0.12623  0.00855
 6.19990 -0.13621  0.00693
 6.27076 -0.13125  0.00758
 6.34162 -0.13633  0.00776
 6.41247 -0.13326  0.00680
 6.48333 -0.12025  0.00728
 6.55418 -0.11746  0.00700
 6.62504 -0.13020  0.00744
 6.69590 -0.13157  0.00748
 6.76675 -0.11121  0.00769
 6.83761 -0.08878  0.00756
 6.90846 -0.09025  0.00738
 6.97932 -0.06914  0.00773
 7.05018 -0.06780  0.00656
 7.12103 -0.05763  0.00657
 7.19189 -0.04553  0.00677
 7.26274 -0.03919  0.00729
 7.33360 -0.03053  0.00708
 7.40446 -0.01825  0.00718
 7.47531 -0.02441  0.00697
 7.54617 -0.01462  0.00679
 7.61702 -0.03001  0.00689
 7.68788 -0.03252  0.00670
 7.75874 -0.03377  0.00734
 7.82959 -0.02195  0.00657
 7.90045 -0.05249  0.00651
 7.97131 -0.05241  0.00609
 8.04216 -0.05510  0.00709
 8.11302 -0.05806  0.00591
 8.18387 -0.05854  0.00633
 8.25473 -0.06055  0.00631
 8.32559 -0.06261  0.00678
 8.39644 -0.05263  0.00617
 8.46730 -0.05638  0.00581
 8.53815 -0.04625  0.00632
 8.60901 -0.06353  0.00539
 8.67987 -0.05357  0.00633
 8.75072 -0.04343  0.00627
 8.82158 -0.04545  0.00592
 8.89243 -0.04470  0.00592
 8.96329 -0.03728  0.00544
 9.03415 -0.03886  0.00607
 9.10500 -0.02869  0.00574
 9.17586 -0.03266  0.00491
 9.24671 -0.03204  0.00577
 9.31757 -0.02826  0.00584
 9.38843 -0.02730  0.00536
 9.45928 -0.02100  0.00505
 9.53014 -0.02492  0.00543
 9.60099 -0.01997  0.00550
 9.67185 -0.01466  0.00538
 9.74271 -0.01036  0.00557
 9.81356 -0.01136  0.00555
 9.88442 -0.00756  0.00496
 9.95527 -0.01886  0.00533
10.02613 -0.01244  0.00515
10.09699 -0.01535  0.00479
10.16784 -0.01437  0.00508
10.23870 -0.01273  0.00527
10.30955 -0.01360  0.00531
10.38041 -0.00747  0.00504
10.45127 -0.02133  0.00541
10.52212 -0.02206  0.00512
10.59298 -0.01996  0.00506
10.66383 -0.00710  0.00487
10.73469 -0.01394  0.00503
10.80555 -0.00932  0.00520
10.87640 -0.01108  0.00524
10.94726 -0.01122  0.00450
11.01812 -0.00566  0.00478
11.08897 -0.00780  0.00486
11.15983 -0.00740  0.00413
11.23068 -0.00716  0.00398
11.30154 -0.00315  0.00487
11.37240 -0.01410  0.00418
11.44325 -0.00323  0.00488
11.51411 -0.00398  0.00485
11.58496 -0.00301  0.00433
11.65582 -0.01142  0.00437
11.72668 -0.00986  0.00411
11.79753 -0.00772  0.00452
11.86839 -0.00469  0.00443
11.93924 -0.00664  0.00472
12.01010 -0.00789  0.00449
12.08096 -0.00151  0.00460
12.15181 -0.00053  0.00406
12.22267 -0.00597  0.00424
12.29352  0.00450  0.00459
12.36438 -0.00143  0.00374
12.43524  0.00182  0.00412
12.50609 -0.00300  0.00414
12.57695 -0.00097  0.00460
12.64780  0.00236  0.00368
12.71866 -0.00361  0.00390
12.78952  0.00333  0.00387
12.86037  0.00579  0.00412
12.93123  0.00176  0.00404
13.00208 -0.00238  0.00427
13.07294  0.00452  0.00414
13.14380  0.00252  0.00382
13.21465  0.00678  0.00369
13.28551  0.00129  0.00403
13.35636 -0.00031  0.00376
13.42722  0.00237  0.00386
13.49808 -0.00380  0.00368
13.56893  0.00189  0.00354
13.63979  0.00122  0.00390
13.71064  0.00533  0.00391
13.78150  0.00678  0.00380
13.85236  0.00181  0.00349
13.92321  0.00505  0.00415
13.99407  0.00195  0.00371
14.06492  0.00545  0.00347
14.13578  0.00599  0.00360
14.20664  0.00563  0.00355
14.27749 -0.00216  0.00357
14.34835  0.00787  0.00365
14.41921  0.00830  0.00337
14.49006  0.00900  0.00322
14.56092  0.00315  0.00354
14.63177  0.00568  0.00326
14.70263  0.01366  0.00367
14.77349  0.00663  0.00354
14.84434  0.01031  0.00388
14.91520  0.00474  0.00345
14.98605  0.00580  0.00343
15.05691  0.00523  0.00338
15.12777  0.00749  0.00347
15.19862  0.00010  0.00349
15.26948  0.00320  0.00347
15.34033  0.01062  0.00270
15.41119  0.00733  0.00312
15.48205  0.00531  0.00363
15.55290  0.01133  0.00322
15.62376 -0.00245  0.00284
15.69461  0.00666  0.00340
15.76547  0.01239  0.00331
15.83633  0.01123  0.00334
15.90718  0.00986  0.00341
15.97804  0.00261  0.00345
16.04889  0.01164  0.00304
16.11975  0.00691  0.00330
16.19061  0.00782  0.00293
16.26146  0.00555  0.00294
16.33232  0.01020  0.00320
16.40317  0.01208  0.00342
16.47403  0.01192  0.00314
16.54489  0.00495  0.00295
16.61574  0.00750  0.00322
16.68660  0.00728  0.00314
16.75745  0.00983  0.00310
16.82831  0.00776  0.00304
16.89917  0.01328  0.00344
16.97002  0.01263  0.00329
17.04088  0.01218  0.00326
17.11173  0.00848  0.00300
17.18259  0.01035  0.00289
17.25345  0.00936  0.00300
17.32430  0.00959  0.00316
17.39516  0.00400  0.00287
17.46602  0.00688  0.00279
17.53687  0.01135  0.00266
17.60773  0.01321  0.00294
17.67858  0.01249  0.00287
17.74944  0.00792  0.00299
17.82030  0.00841  0.00293
17.89115  0.00764  0.00276
17.96201  0.01461  0.00258
18.03286  0.01088  0.00262
18.10372  0.01110  0.00307
18.17458  0.00816  0.00305
18.24543  0.01240  0.00289
18.31629  0.00925  0.00295
18.38714  0.01406  0.00280
18.45800  0.00923  0.00242
18.52886  0.00905  0.00265
18.59971  0.01661  0.00285
18.67057  0.00845  0.00264
18.74142  0.00932  0.00247
18.81228  0.00827  0.00239
18.88314  0.00478  0.00301
18.95399  0.00840  0.00282
19.02485  0.01208  0.00243
19.09570  0.00825  0.00270
19.16656  0.01320  0.00288
19.23742  0.00986  0.00291
19.30827  0.00882  0.00274
19.37913  0.00710  0.00279
19.44998  0.01393  0.00278
19.52084  0.01576  0.00284
19.59170  0.01167  0.00282
19.66255  0.01020  0.00247
19.73341  0.01324  0.00264
19.80426  0.01075  0.00268
19.87512  0.01167  0.00256
19.94598  0.01067  0.00266
20.01683  0.01323  0.00241
20.08769  0.00919  0.00241
20.15854  0.01022  0.00272
20.22940  0.01325  0.00257
20.30026  0.01166  0.00228
20.37111  0.01275  0.00245
20.44197  0.01279  0.00248
20.51283  0.01078  0.00233
20.58368  0.01441  0.00250
20.65454  0.01114  0.00249
20.72539  0.01211  0.00254
20.79625  0.01401  0.00255
20.86711  0.01591  0.00250
20.93796  0.01500  0.00256
21.00882  0.01117  0.00245
21.07967  0.01301  0.00254
21.15053  0.00932  0.00243
21.22139  0.01042  0.00251
