 0.03543      inf
 0.10628      inf
 0.17714      inf
 0.24800      inf
 0.31885      inf
 0.38971      inf
 0.46056      inf
 0.53142      inf
 0.60228      inf
 0.67313      inf
 0.74399      inf
 0.81484      inf
 0.88570      inf
 0.95656      inf
 1.02741      inf
 1.09827      inf
 1.16912      inf
 1.23998      inf
 1.31084      inf
 1.38169      inf
 1.45255      inf
 1.52340      inf
 1.59426      inf
 1.66512      inf
 1.73597      inf
 1.80683      inf
 1.87769      inf
 1.94854      inf
 2.01940      inf
 2.09025      inf
 2.16111      inf
 2.23197      inf
 2.30282      inf
 2.37368      inf
 2.44453      inf
 2.51539      inf
 2.58625      inf
 2.65710  6.22784
 2.72796  4.06056
 2.79881  2.68464
 2.86967  1.66451
 2.94053  0.94545
 3.01138  0.42832
 3.08224  0.07140
 3.15309 -0.15952
 3.22395 -0.31012
 3.29481 -0.39996
 3.36566 -0.45072
 3.43652 -0.46212
 3.50737 -0.43238
 3.57823 -0.36606
 3.64909 -0.27414
 3.71994 -0.16922
 3.79080 -0.05845
 3.86165  0.06298
 3.93251  0.17605
 4.00337  0.25976
 4.07422  0.30048
 4.14508  0.30150
 4.21593  0.27492
 4.28679  0.23450
 4.35765  0.18508
 4.42850  0.13583
 4.49936  0.08757
 4.57021  0.04496
 4.64107  0.01084
 4.71193 -0.01347
 4.78278 -0.03212
 4.85364 -0.04261
 4.92450 -0.04824
 4.99535 -0.05046
 5.06621 -0.05319
 5.13706 -0.05259
 5.20792 -0.05102
 5.27878 -0.04939
 5.34963 -0.04748
 5.42049 -0.04395
 5.49134 -0.04007
 5.56220 -0.03693
 5.63306 -0.03217
 5.70391 -0.02932
 5.77477 -0.02230
 5.84562 -0.01339
 5.91648 -0.00559
 5.98734  0.00337
 6.05819  0.01461
 6.12905  0.02368
 6.19990  0.03466
 6.27076  0.04316
 6.34162  0.05168
 6.41247  0.05818
 6.48333  0.05894
 6.55418  0.05957
 6.62504  0.05720
 6.69590  0.05118
 6.76675  0.04551
 6.83761  0.03600
 6.90846  0.02786
 6.97932  0.01937
 7.05018  0.01144
 7.12103  0.00256
 7.19189 -0.00338
 7.26274 -0.01029
 7.33360 -0.01498
 7.40446 -0.01918
 7.47531 -0.02203
 7.54617 -0.02442
 7.61702 -0.02483
 7.68788 -0.02539
 7.75874 -0.02371
 7.82959 -0.02338
 7.90045 -0.01965
 7.97131 -0.01730
 8.04216 -0.01610
 8.11302 -0.01457
 8.18387 -0.01071
 8.25473 -0.00708
 8.32559 -0.00391
 8.39644 -0.00193
 8.46730  0.00041
 8.53815  0.00283
 8.60901  0.00598
 8.67987  0.00773
 8.75072  0.00803
 8.82158  0.00886
 8.89243  0.00901
 8.96329  0.00847
 9.03415  0.00932
 9.10500  0.00812
 9.17586  0.00727
 9.24671  0.00674
 9.31757  0.00514
 9.38843  0.00416
 9.45928  0.00405
 9.53014  0.00338
 9.60099  0.00112
 9.67185 -0.00026
 9.74271 -0.00143
 9.81356 -0.00163
 9.88442 -0.00269
 9.95527 -0.00276
10.02613 -0.00278
10.09699 -0.00258
10.16784 -0.00370
10.23870 -0.00282
10.30955 -0.00360
10.38041 -0.00218
10.45127 -0.00180
10.52212 -0.00244
10.59298 -0.00128
10.66383 -0.00156
10.73469 -0.00107
10.80555  0.00014
10.87640 -0.00061
10.94726 -0.00061
11.01812 -0.00023
11.08897  0.00016
11.15983 -0.00004
11.23068  0.00044
11.30154 -0.00021
11.37240 -0.00021
11.44325 -0.00077
11.51411 -0.00085
11.58496 -0.00048
11.65582  0.00014
11.72668  0.00002
11.79753 -0.00056
11.86839 -0.00078
11.93924 -0.00025
12.01010  0.00018
12.08096 -0.00121
12.15181 -0.00160
12.22267 -0.00071
12.29352 -0.00131
12.36438 -0.00084
12.43524 -0.00084
12.50609 -0.00035
12.57695 -0.00038
12.64780 -0.00058
12.71866 -0.00123
12.78952 -0.00041
12.86037  0.00010
12.93123 -0.00069
13.00208 -0.00092
13.07294 -0.00052
13.14380 -0.00002
13.21465 -0.00078
13.28551 -0.00095
13.35636 -0.00090
13.42722 -0.00038
13.49808 -0.00058
13.56893 -0.00059
13.63979 -0.00066
13.71064 -0.00042
13.78150 -0.00019
13.85236  0.00020
13.92321 -0.00073
13.99407 -0.00083
14.06492 -0.00049
14.13578 -0.00129
14.20664 -0.00062
14.27749 -0.00147
14.34835 -0.00128
14.41921 -0.00112
14.49006 -0.00098
14.56092 -0.00075
14.63177 -0.00083
14.70263 -0.00111
14.77349 -0.00075
14.84434 -0.00018
14.91520 -0.00023
14.98605 -0.00079
15.05691 -0.00032
15.12777 -0.00017
15.19862 -0.00045
15.26948 -0.00022
15.34033 -0.00095
15.41119 -0.00097
15.48205 -0.00047
15.55290 -0.00028
15.62376 -0.00016
15.69461 -0.00038
15.76547 -0.00024
15.83633 -0.00061
15.90718 -0.00064
15.97804 -0.00039
16.04889 -0.00082
16.11975 -0.00040
16.19061 -0.00051
16.26146 -0.00095
16.33232 -0.00057
16.40317 -0.00047
16.47403 -0.00085
16.54489 -0.00054
16.61574 -0.00056
16.68660 -0.00075
16.75745 -0.00086
16.82831 -0.00077
16.89917 -0.00040
16.97002 -0.00072
17.04088 -0.00075
17.11173 -0.00065
17.18259 -0.00038
17.25345 -0.00086
17.32430 -0.00054
17.39516 -0.00093
17.46602 -0.00075
17.53687 -0.00075
17.60773 -0.00103
17.67858 -0.00041
17.74944 -0.00103
17.82030 -0.00069
17.89115 -0.00011
17.96201 -0.00041
18.03286 -0.00042
18.10372 -0.00068
18.17458 -0.00052
18.24543 -0.00044
18.31629 -0.00019
18.38714 -0.00065
18.45800 -0.00035
18.52886 -0.00064
18.59971 -0.00100
18.67057 -0.00097
18.74142 -0.00069
18.81228 -0.00075
18.88314 -0.00049
18.95399 -0.00065
19.02485 -0.00060
19.09570 -0.00054
19.16656 -0.00067
19.23742 -0.00090
19.30827 -0.00080
19.37913 -0.00070
19.44998 -0.00040
19.52084 -0.00072
19.59170 -0.00077
19.66255 -0.00092
19.73341 -0.00127
19.80426 -0.00046
19.87512 -0.00115
19.94598 -0.00023
20.01683 -0.00082
20.08769 -0.00096
20.15854 -0.00106
20.22940 -0.00078
20.30026 -0.00092
20.37111 -0.00029
20.44197 -0.00061
20.51283 -0.00057
20.58368 -0.00074
20.65454 -0.00036
20.72539 -0.00053
20.79625 -0.00050
20.86711 -0.00072
20.93796 -0.00064
21.00882 -0.00057
21.07967 -0.00073
21.15053 -0.00069
21.22139 -0.00038
