 0.03561  0.00000      nan
 0.10683  0.00000      nan
 0.17805  0.00000      nan
 0.24928  0.00000      nan
 0.32050  0.00000      nan
 0.39172  0.00000      nan
 0.46294  0.00000      nan
 0.53416  0.00000      nan
 0.60538  0.00000      nan
 0.67661  0.00000      nan
 0.74783  0.00000      nan
 0.81905  0.00000      nan
 0.89027  0.00000      nan
 0.96149  0.00000      nan
 1.03271  0.00000      nan
 1.10394  0.00000      nan
 1.17516  0.00000      nan
 1.24638  0.00000      nan
 1.31760  0.00000      nan
 1.38882  0.00000      nan
 1.46005  0.00000      nan
 1.53127  0.00000      nan
 1.60249  0.00000      nan
 1.67371  0.00000      nan
 1.74493  0.00000      nan
 1.81615  0.00000      nan
 1.88738  0.00000      nan
 1.95860  0.00000      nan
 2.02982  0.00000      nan
 2.10104  0.00000      nan
 2.17226  0.00000      nan
 2.24348  0.00000      nan
 2.31471  0.00000      nan
 2.38593  0.00000      nan
 2.45715  0.00000      nan
 2.52837  0.00000      nan
 2.59959  0.00000      nan
 2.67081  0.00000      nan
 2.74204  0.00000      nan
 2.81326  0.00000      nan
 2.88448  0.00000      nan
 2.95570  0.00000      nan
 3.02692  0.00000      nan
 3.09814  0.00000      nan
 3.16937  0.00000      nan
 3.24059  0.00000      nan
 3.31181  0.00017  0.00012
 3.38303  0.00056  0.00021
 3.45425  0.00291  0.00053
 3.52547  0.00964  0.00104
 3.59670  0.02943  0.00184
 3.66792  0.06489  0.00325
 3.73914  0.13515  0.00506
 3.81036  0.23830  0.00715
 3.88158  0.42021  0.00966
 3.95280  0.77340  0.01276
 4.02403  1.46671  0.01876
 4.09525  2.64432  0.02822
 4.16647  4.21971  0.03814
 4.23769  5.92170  0.04622
 4.30891  7.53207  0.05167
 4.38014  8.69436  0.05531
 4.45136  9.09820  0.05593
 4.52258  8.58789  0.05215
 4.59380  7.43901  0.04608
 4.66502  6.33014  0.03981
 4.73624  5.50226  0.03533
 4.80747  4.93521  0.03307
 4.87869  4.52259  0.03168
 4.94991  4.16362  0.02987
 5.02113  3.80891  0.02814
 5.09235  3.49354  0.02673
 5.16357  3.19171  0.02465
 5.23480  2.92259  0.02336
 5.30602  2.70285  0.02191
 5.37724  2.49796  0.02085
 5.44846  2.29770  0.01949
 5.51968  2.11868  0.01810
 5.59090  1.96252  0.01731
 5.66213  1.78180  0.01599
 5.73335  1.64037  0.01500
 5.80457  1.51484  0.01439
 5.87579  1.41544  0.01350
 5.94701  1.33740  0.01292
 6.01823  1.27647  0.01279
 6.08946  1.23001  0.01226
 6.16068  1.19503  0.01197
 6.23190  1.18060  0.01177
 6.30312  1.16699  0.01171
 6.37434  1.17767  0.01169
 6.44556  1.17666  0.01170
 6.51679  1.19499  0.01174
 6.58801  1.21404  0.01187
 6.65923  1.23125  0.01196
 6.73045  1.23915  0.01186
 6.80167  1.26132  0.01188
 6.87290  1.26848  0.01194
 6.94412  1.26830  0.01184
 7.01534  1.27277  0.01166
 7.08656  1.26987  0.01162
 7.15778  1.26659  0.01143
 7.22900  1.25781  0.01120
 7.30023  1.26536  0.01092
 7.37145  1.24825  0.01082
 7.44267  1.24162  0.01057
 7.51389  1.23332  0.01041
 7.58511  1.21737  0.01029
 7.65633  1.22561  0.01025
 7.72756  1.20869  0.01016
 7.79878  1.19998  0.00994
 7.87000  1.20425  0.00991
 7.94122  1.18855  0.00977
 8.01244  1.18899  0.00956
 8.08366  1.18193  0.00938
 8.15489  1.17338  0.00919
 8.22611  1.17041  0.00915
 8.29733  1.16585  0.00902
 8.36855  1.16313  0.00882
 8.43977  1.14944  0.00878
 8.51099  1.15301  0.00872
 8.58222  1.15057  0.00869
 8.65344  1.14571  0.00856
 8.72466  1.14453  0.00858
 8.79588  1.14833  0.00854
 8.86710  1.13934  0.00844
 8.93832  1.14691  0.00832
 9.00955  1.14671  0.00809
 9.08077  1.14380  0.00806
 9.15199  1.14089  0.00808
 9.22321  1.13537  0.00810
 9.29443  1.12867  0.00798
 9.36565  1.12707  0.00792
 9.43688  1.11251  0.00777
 9.50810  1.10741  0.00774
 9.57932  1.10284  0.00771
 9.65054  1.09849  0.00765
 9.72176  1.08959  0.00747
 9.79299  1.07961  0.00736
 9.86421  1.07582  0.00739
 9.93543  1.07046  0.00727
10.00665  1.06575  0.00718
10.07787  1.06257  0.00704
10.14909  1.05489  0.00701
10.22032  1.05599  0.00688
10.29154  1.05148  0.00679
10.36276  1.05236  0.00668
10.43398  1.05547  0.00667
10.50520  1.05920  0.00668
10.57642  1.05006  0.00660
10.64765  1.05294  0.00644
10.71887  1.05784  0.00643
10.79009  1.06067  0.00643
10.86131  1.05902  0.00638
10.93253  1.05717  0.00628
11.00375  1.05793  0.00617
11.07498  1.05355  0.00609
11.14620  1.05281  0.00610
11.21742  1.04876  0.00601
11.28864  1.05583  0.00594
11.35986  1.04948  0.00586
11.43108  1.05406  0.00590
11.50231  1.05590  0.00600
11.57353  1.05051  0.00583
11.64475  1.04964  0.00587
11.71597  1.04746  0.00578
11.78719  1.04737  0.00585
11.85841  1.04532  0.00573
11.92964  1.04324  0.00576
12.00086  1.03741  0.00568
12.07208  1.04103  0.00578
12.14330  1.03528  0.00553
12.21452  1.03144  0.00546
12.28575  1.03426  0.00554
12.35697  1.02888  0.00549
12.42819  1.03081  0.00537
12.49941  1.02754  0.00538
12.57063  1.02115  0.00533
12.64185  1.01943  0.00528
12.71308  1.02410  0.00531
12.78430  1.01649  0.00530
12.85552  1.01612  0.00528
12.92674  1.01280  0.00521
12.99796  1.01294  0.00518
13.06918  1.00808  0.00513
13.14041  1.00534  0.00509
13.21163  1.01274  0.00511
13.28285  1.01244  0.00508
13.35407  1.01554  0.00506
13.42529  1.01135  0.00501
13.49651  1.01221  0.00507
13.56774  1.00751  0.00499
13.63896  1.00751  0.00492
13.71018  1.00452  0.00493
13.78140  1.00538  0.00485
13.85262  1.00610  0.00490
13.92384  1.00425  0.00482
13.99507  1.00820  0.00486
14.06629  1.00668  0.00488
14.13751  1.00664  0.00476
14.20873  1.00187  0.00467
14.27995  1.00534  0.00475
14.35117  0.99976  0.00467
14.42240  0.99761  0.00461
14.49362  0.99885  0.00462
14.56484  0.99878  0.00459
14.63606  0.99994  0.00460
14.70728  0.99218  0.00455
14.77850  0.99685  0.00449
14.84973  0.99232  0.00451
14.92095  0.99222  0.00447
14.99217  0.99569  0.00450
15.06339  0.99434  0.00441
15.13461  0.98814  0.00440
15.20584  0.98917  0.00444
15.27706  0.98652  0.00433
15.34828  0.98988  0.00432
15.41950  0.98701  0.00431
15.49072  0.98680  0.00439
15.56194  0.98492  0.00428
15.63317  0.98585  0.00438
15.70439  0.98425  0.00433
15.77561  0.98363  0.00426
15.84683  0.98623  0.00432
15.91805  0.98255  0.00418
15.98927  0.98601  0.00427
16.06050  0.98576  0.00423
16.13172  0.98409  0.00417
16.20294  0.98429  0.00419
16.27416  0.98108  0.00421
16.34538  0.98028  0.00413
16.41660  0.98239  0.00412
16.48783  0.98259  0.00412
16.55905  0.98062  0.00411
16.63027  0.97926  0.00410
16.70149  0.97708  0.00410
16.77271  0.97856  0.00409
16.84393  0.97911  0.00409
16.91516  0.97562  0.00405
16.98638  0.97728  0.00401
17.05760  0.97351  0.00406
17.12882  0.97663  0.00397
17.20004  0.97648  0.00405
17.27126  0.97300  0.00399
17.34249  0.97076  0.00398
17.41371  0.97208  0.00396
17.48493  0.96950  0.00396
17.55615  0.97075  0.00397
17.62737  0.96877  0.00392
17.69859  0.96845  0.00393
17.76982  0.96811  0.00391
17.84104  0.96737  0.00394
17.91226  0.96830  0.00382
17.98348  0.96747  0.00386
18.05470  0.96515  0.00383
18.12593  0.96810  0.00383
18.19715  0.96903  0.00376
18.26837  0.96986  0.00371
18.33959  0.97231  0.00373
18.41081  0.96915  0.00368
18.48203  0.97060  0.00361
18.55326  0.97192  0.00361
18.62448  0.97315  0.00356
18.69570  0.97353  0.00355
18.76692  0.97344  0.00354
18.83814  0.97127  0.00358
18.90936  0.96814  0.00350
18.98059  0.97097  0.00347
19.05181  0.96960  0.00348
19.12303  0.96899  0.00349
19.19425  0.96833  0.00344
19.26547  0.96921  0.00348
19.33669  0.97035  0.00344
19.40792  0.96436  0.00342
19.47914  0.96550  0.00338
19.55036  0.96590  0.00337
19.62158  0.96483  0.00336
19.69280  0.96548  0.00332
19.76402  0.96623  0.00332
19.83525  0.96417  0.00326
19.90647  0.96721  0.00327
19.97769  0.96680  0.00324
20.04891  0.96348  0.00324
20.12013  0.96441  0.00326
20.19135  0.96529  0.00324
20.26258  0.96204  0.00321
20.33380  0.96077  0.00324
20.40502  0.95980  0.00318
20.47624  0.95714  0.00316
20.54746  0.96186  0.00322
20.61869  0.95758  0.00319
20.68991  0.96059  0.00317
20.76113  0.95991  0.00315
20.83235  0.95604  0.00311
20.90357  0.96111  0.00313
20.97479  0.95924  0.00314
21.04602  0.95830  0.00312
21.11724  0.95864  0.00311
21.18846  0.95772  0.00306
21.25968  0.95946  0.00311
21.33090  0.96143  0.00309
