 0.03561  0.00000      nan
 0.10682  0.00000      nan
 0.17803  0.00000      nan
 0.24924  0.00000      nan
 0.32046  0.00000      nan
 0.39167  0.00000      nan
 0.46288  0.00000      nan
 0.53409  0.00000      nan
 0.60531  0.00000      nan
 0.67652  0.00000      nan
 0.74773  0.00000      nan
 0.81894  0.00000      nan
 0.89016  0.00000      nan
 0.96137  0.00000      nan
 1.03258  0.00000      nan
 1.10380  0.00000      nan
 1.17501  0.00000      nan
 1.24622  0.00000      nan
 1.31743  0.00000      nan
 1.38865  0.00000      nan
 1.45986  0.00000      nan
 1.53107  0.00000      nan
 1.60228  0.00000      nan
 1.67350  0.00000      nan
 1.74471  0.00000      nan
 1.81592  0.00000      nan
 1.88713  0.00000      nan
 1.95835  0.00000      nan
 2.02956  0.00000      nan
 2.10077  0.00000      nan
 2.17198  0.00000      nan
 2.24320  0.00000      nan
 2.31441  0.00000      nan
 2.38562  0.00000      nan
 2.45683  0.00000      nan
 2.52805  0.00040  0.00040
 2.59926  0.00609  0.00162
 2.67047  0.06134  0.00491
 2.74168  0.38034  0.01268
 2.81290  1.40173  0.03226
 2.88411  3.19637  0.06036
 2.95532  5.13729  0.08899
 3.02654  5.91875  0.09943
 3.09775  5.86671  0.09778
 3.16896  5.20805  0.08567
 3.24017  4.40245  0.07261
 3.31139  3.82017  0.06367
 3.38260  3.30544  0.05603
 3.45381  2.95504  0.04907
 3.52502  2.71756  0.04672
 3.59624  2.54275  0.04419
 3.66745  2.45951  0.04448
 3.73866  2.35345  0.04027
 3.80987  2.34714  0.04153
 3.88109  2.24728  0.03858
 3.95230  2.22172  0.03810
 4.02351  2.13869  0.03649
 4.09472  2.08429  0.03386
 4.16594  1.99140  0.03302
 4.23715  1.94782  0.03134
 4.30836  1.91585  0.03047
 4.37957  1.89470  0.03142
 4.45079  1.89185  0.02931
 4.52200  1.89113  0.02779
 4.59321  1.94870  0.02816
 4.66442  2.08824  0.03127
 4.73564  2.23579  0.03325
 4.80685  2.42943  0.03519
 4.87806  2.60862  0.03822
 4.94928  2.75072  0.03950
 5.02049  2.91501  0.03987
 5.09170  2.98711  0.04117
 5.16291  2.93974  0.03954
 5.23413  2.88810  0.03832
 5.30534  2.69012  0.03726
 5.37655  2.48553  0.03237
 5.44776  2.24990  0.02767
 5.51898  2.07139  0.02705
 5.59019  1.90828  0.02499
 5.66140  1.77611  0.02349
 5.73261  1.67462  0.02242
 5.80383  1.60559  0.02229
 5.87504  1.54856  0.02099
 5.94625  1.51278  0.01958
 6.01746  1.46852  0.01969
 6.08868  1.47047  0.02032
 6.15989  1.46644  0.01849
 6.23110  1.43755  0.01930
 6.30231  1.42417  0.01915
 6.37353  1.43135  0.01850
 6.44474  1.41966  0.01793
 6.51595  1.38850  0.01782
 6.58716  1.38752  0.01745
 6.65838  1.37251  0.01734
 6.72959  1.36152  0.01678
 6.80080  1.35647  0.01671
 6.87202  1.33591  0.01660
 6.94323  1.30945  0.01571
 7.01444  1.30972  0.01579
 7.08565  1.30752  0.01565
 7.15687  1.27846  0.01556
 7.22808  1.25276  0.01529
 7.29929  1.23403  0.01466
 7.37050  1.20433  0.01443
 7.44172  1.18293  0.01426
 7.51293  1.14853  0.01398
 7.58414  1.14630  0.01380
 7.65535  1.12419  0.01313
 7.72657  1.10094  0.01256
 7.79778  1.08431  0.01352
 7.86899  1.05862  0.01223
 7.94020  1.05915  0.01212
 8.01142  1.04657  0.01228
 8.08263  1.03314  0.01215
 8.15384  1.02752  0.01146
 8.22505  1.02277  0.01133
 8.29627  1.01636  0.01104
 8.36748  1.01328  0.01114
 8.43869  1.00887  0.01107
 8.50990  1.01096  0.01171
 8.58112  0.99463  0.01140
 8.65233  1.00270  0.01108
 8.72354  1.00327  0.01107
 8.79475  1.00695  0.01097
 8.86597  0.99988  0.01103
 8.93718  0.99200  0.01042
 9.00839  0.99518  0.01069
 9.07961  0.99268  0.01040
 9.15082  0.99932  0.01082
 9.22203  0.99303  0.01149
 9.29324  0.99634  0.01058
 9.36446  0.99210  0.01033
 9.43567  0.98459  0.01037
 9.50688  0.98965  0.01029
 9.57809  0.98773  0.01004
 9.64931  0.99661  0.01031
 9.72052  0.98062  0.01044
 9.79173  0.98267  0.00984
 9.86294  0.98382  0.01012
 9.93416  0.98505  0.01020
10.00537  0.97468  0.00989
10.07658  0.97745  0.01016
10.14779  0.96880  0.00911
10.21901  0.98450  0.00949
10.29022  0.96934  0.00917
10.36143  0.97445  0.00935
10.43264  0.97632  0.00939
10.50386  0.96693  0.00932
10.57507  0.96817  0.00962
10.64628  0.96171  0.00889
10.71749  0.97037  0.00879
10.78871  0.96253  0.00916
10.85992  0.97635  0.00969
10.93113  0.95945  0.00876
11.00235  0.96317  0.00902
11.07356  0.96547  0.00874
11.14477  0.96821  0.00896
11.21598  0.97038  0.00922
11.28720  0.97641  0.00941
11.35841  0.96584  0.00910
11.42962  0.96689  0.00879
11.50083  0.96439  0.00845
11.57205  0.96633  0.00870
11.64326  0.97364  0.00815
11.71447  0.97435  0.00846
11.78568  0.97391  0.00856
11.85690  0.97206  0.00861
11.92811  0.96535  0.00815
11.99932  0.97011  0.00854
12.07053  0.97291  0.00856
12.14175  0.96504  0.00790
12.21296  0.97628  0.00784
12.28417  0.97080  0.00829
12.35538  0.98090  0.00830
12.42660  0.97765  0.00797
12.49781  0.97503  0.00789
12.56902  0.97323  0.00792
12.64023  0.97096  0.00808
12.71145  0.97454  0.00787
12.78266  0.96748  0.00783
12.85387  0.96828  0.00756
12.92509  0.97044  0.00763
12.99630  0.97037  0.00755
13.06751  0.96585  0.00743
13.13872  0.97335  0.00773
13.20994  0.96920  0.00771
13.28115  0.96973  0.00768
13.35236  0.96955  0.00757
13.42357  0.97743  0.00771
13.49479  0.97101  0.00729
13.56600  0.96686  0.00732
13.63721  0.97048  0.00724
13.70842  0.97066  0.00739
13.77964  0.97125  0.00732
13.85085  0.97096  0.00714
13.92206  0.97021  0.00679
13.99327  0.97653  0.00746
14.06449  0.97581  0.00724
14.13570  0.96809  0.00659
14.20691  0.97381  0.00719
14.27812  0.97435  0.00725
14.34934  0.97099  0.00704
14.42055  0.97481  0.00711
14.49176  0.97558  0.00688
14.56297  0.96969  0.00693
14.63419  0.96337  0.00669
14.70540  0.96782  0.00663
14.77661  0.97434  0.00672
14.84783  0.97278  0.00674
14.91904  0.97127  0.00682
14.99025  0.97198  0.00668
15.06146  0.96447  0.00643
15.13268  0.96482  0.00641
15.20389  0.96825  0.00623
15.27510  0.96538  0.00622
15.34631  0.96698  0.00645
15.41753  0.96865  0.00620
15.48874  0.97367  0.00637
15.55995  0.96724  0.00611
15.63116  0.96721  0.00614
15.70238  0.96371  0.00580
15.77359  0.97100  0.00587
15.84480  0.96596  0.00580
15.91601  0.96620  0.00586
15.98723  0.96905  0.00586
16.05844  0.96364  0.00580
16.12965  0.97132  0.00519
16.20086  0.96960  0.00574
16.27208  0.96832  0.00515
16.34329  0.96870  0.00540
16.41450  0.96972  0.00550
16.48571  0.97307  0.00515
16.55693  0.97219  0.00531
16.62814  0.96858  0.00508
16.69935  0.96576  0.00516
16.77057  0.96835  0.00511
16.84178  0.97359  0.00516
16.91299  0.96993  0.00489
16.98420  0.96910  0.00513
17.05542  0.97035  0.00501
17.12663  0.97595  0.00510
17.19784  0.97128  0.00472
17.26905  0.98032  0.00507
17.34027  0.97274  0.00502
17.41148  0.97331  0.00487
17.48269  0.97194  0.00502
17.55390  0.97484  0.00467
17.62512  0.97190  0.00529
17.69633  0.97473  0.00520
17.76754  0.98257  0.00491
17.83875  0.97779  0.00474
17.90997  0.97392  0.00495
17.98118  0.97356  0.00508
18.05239  0.97822  0.00498
18.12360  0.98107  0.00476
18.19482  0.98013  0.00496
18.26603  0.97948  0.00490
18.33724  0.98027  0.00501
18.40845  0.97603  0.00459
18.47967  0.98149  0.00517
18.55088  0.97851  0.00488
18.62209  0.98107  0.00488
18.69331  0.98323  0.00495
18.76452  0.98030  0.00494
18.83573  0.98517  0.00480
18.90694  0.98445  0.00483
18.97816  0.98626  0.00473
19.04937  0.98497  0.00494
19.12058  0.97609  0.00480
19.19179  0.98199  0.00485
19.26301  0.98126  0.00486
19.33422  0.98635  0.00506
19.40543  0.98755  0.00467
19.47664  0.98182  0.00480
19.54786  0.98158  0.00499
19.61907  0.98597  0.00447
19.69028  0.98602  0.00467
19.76149  0.98330  0.00451
19.83271  0.98712  0.00464
19.90392  0.98393  0.00471
19.97513  0.98329  0.00434
20.04634  0.98758  0.00453
20.11756  0.98624  0.00471
20.18877  0.98626  0.00411
20.25998  0.98465  0.00469
20.33119  0.98455  0.00430
20.40241  0.98416  0.00477
20.47362  0.98275  0.00431
20.54483  0.98518  0.00437
20.61605  0.98774  0.00422
20.68726  0.98747  0.00440
20.75847  0.98478  0.00453
20.82968  0.98673  0.00469
20.90090  0.98602  0.00448
20.97211  0.98575  0.00459
21.04332  0.98976  0.00455
21.11453  0.98489  0.00433
21.18575  0.98503  0.00452
21.25696  0.98330  0.00441
21.32817  0.98510  0.00420
