 0.03561  0.00000
 0.10683  0.00000
 0.17805  0.00000
 0.24928  0.00000
 0.32050  0.00000
 0.39172  0.00000
 0.46294  0.00000
 0.53416  0.00000
 0.60538  0.00000
 0.67661  0.00000
 0.74783  0.00000
 0.81905  0.00000
 0.89027  0.00000
 0.96149  0.00000
 1.03271  0.00000
 1.10394  0.00000
 1.17516  0.00000
 1.24638  0.00000
 1.31760  0.00000
 1.38882  0.00000
 1.46005  0.00000
 1.53127  0.00000
 1.60249  0.00000
 1.67371  0.00000
 1.74493  0.00000
 1.81615  0.00000
 1.88738  0.00000
 1.95860  0.00000
 2.02982  0.00000
 2.10104  0.00000
 2.17226  0.00000
 2.24348  0.00000
 2.31471  0.00000
 2.38593  0.00000
 2.45715  0.00000
 2.52837  0.00000
 2.59959  0.00000
 2.67081  0.00000
 2.74204  0.00000
 2.81326  0.00004
 2.88448  0.00018
 2.95570  0.00067
 3.02692  0.00203
 3.09814  0.00553
 3.16937  0.01547
 3.24059  0.04022
 3.31181  0.09974
 3.38303  0.22653
 3.45425  0.45454
 3.52547  0.78623
 3.59670  1.15406
 3.66792  1.45876
 3.73914  1.63123
 3.81036  1.67018
 3.88158  1.61429
 3.95280  1.50408
 4.02403  1.37656
 4.09525  1.25036
 4.16647  1.13658
 4.23769  1.04081
 4.30891  0.95980
 4.38014  0.89988
 4.45136  0.85535
 4.52258  0.82996
 4.59380  0.81904
 4.66502  0.82300
 4.73624  0.83690
 4.80747  0.85712
 4.87869  0.88112
 4.94991  0.90658
 5.02113  0.93252
 5.09235  0.95479
 5.16357  0.97568
 5.23480  0.99252
 5.30602  1.00739
 5.37724  1.02164
 5.44846  1.03305
 5.51968  1.04256
 5.59090  1.05228
 5.66213  1.06089
 5.73335  1.06845
 5.80457  1.07405
 5.87579  1.07671
 5.94701  1.07662
 6.01823  1.07184
 6.08946  1.06268
 6.16068  1.04668
 6.23190  1.02739
 6.30312  1.00555
 6.37434  0.98186
 6.44556  0.96018
 6.51679  0.93994
 6.58801  0.92379
 6.65923  0.91284
 6.73045  0.90527
 6.80167  0.90224
 6.87290  0.90332
 6.94412  0.90754
 7.01534  0.91486
 7.08656  0.92374
 7.15778  0.93513
 7.22900  0.94652
 7.30023  0.95941
 7.37145  0.97126
 7.44267  0.98399
 7.51389  0.99591
 7.58511  1.00731
 7.65633  1.01774
 7.72756  1.02578
 7.79878  1.03114
 7.87000  1.03761
 7.94122  1.03989
 8.01244  1.04137
 8.08366  1.04211
 8.15489  1.04007
 8.22611  1.03756
 8.29733  1.03326
 8.36855  1.02901
 8.43977  1.02425
 8.51099  1.01988
 8.58222  1.01399
 8.65344  1.00838
 8.72466  1.00324
 8.79588  0.99845
 8.86710  0.99522
 8.93832  0.99141
 9.00955  0.98834
 9.08077  0.98734
 9.15199  0.98571
 9.22321  0.98564
 9.29443  0.98624
 9.36565  0.98755
 9.43688  0.98877
 9.50810  0.99034
 9.57932  0.99230
 9.65054  0.99382
 9.72176  0.99687
 9.79299  0.99821
 9.86421  0.99971
 9.93543  1.00150
10.00665  1.00244
10.07787  1.00403
10.14909  1.00408
10.22032  1.00444
10.29154  1.00390
10.36276  1.00395
10.43398  1.00318
10.50520  1.00237
10.57642  1.00112
10.64765  1.00020
10.71887  1.00006
10.79009  0.99852
10.86131  0.99811
10.93253  0.99794
11.00375  0.99741
11.07498  0.99772
11.14620  0.99787
11.21742  0.99854
11.28864  0.99922
11.35986  0.99961
11.43108  1.00019
11.50231  1.00078
11.57353  1.00181
11.64475  1.00245
11.71597  1.00301
11.78719  1.00390
11.85841  1.00421
11.92964  1.00504
12.00086  1.00524
12.07208  1.00520
12.14330  1.00526
12.21452  1.00522
12.28575  1.00549
12.35697  1.00486
12.42819  1.00449
12.49941  1.00430
12.57063  1.00360
12.64185  1.00335
12.71308  1.00246
12.78430  1.00189
12.85552  1.00110
12.92674  1.00026
12.99796  1.00051
13.06918  0.99975
13.14041  0.99998
13.21163  0.99970
13.28285  0.99973
13.35407  0.99960
13.42529  0.99964
13.49651  0.99968
13.56774  1.00042
13.63896  1.00053
13.71018  1.00041
13.78140  1.00127
13.85262  1.00162
13.92384  1.00201
13.99507  1.00238
14.06629  1.00248
14.13751  1.00276
14.20873  1.00348
14.27995  1.00292
14.35117  1.00316
14.42240  1.00311
14.49362  1.00373
14.56484  1.00330
14.63606  1.00335
14.70728  1.00319
14.77850  1.00321
14.84973  1.00330
14.92095  1.00336
14.99217  1.00293
15.06339  1.00305
15.13461  1.00261
15.20584  1.00219
15.27706  1.00189
15.34828  1.00199
15.41950  1.00167
15.49072  1.00152
15.56194  1.00132
15.63317  1.00173
15.70439  1.00128
15.77561  1.00181
15.84683  1.00178
15.91805  1.00201
15.98927  1.00237
16.06050  1.00201
16.13172  1.00201
16.20294  1.00198
16.27416  1.00180
16.34538  1.00211
16.41660  1.00212
16.48783  1.00202
16.55905  1.00185
16.63027  1.00182
16.70149  1.00196
16.77271  1.00213
16.84393  1.00218
16.91516  1.00198
16.98638  1.00176
17.05760  1.00203
17.12882  1.00178
17.20004  1.00192
17.27126  1.00181
17.34249  1.00205
17.41371  1.00171
17.48493  1.00162
17.55615  1.00198
17.62737  1.00200
17.69859  1.00198
17.76982  1.00209
17.84104  1.00226
17.91226  1.00196
17.98348  1.00212
18.05470  1.00203
18.12593  1.00222
18.19715  1.00220
18.26837  1.00244
18.33959  1.00202
18.41081  1.00220
18.48203  1.00225
18.55326  1.00193
18.62448  1.00200
18.69570  1.00206
18.76692  1.00196
18.83814  1.00192
18.90936  1.00205
18.98059  1.00179
19.05181  1.00202
19.12303  1.00195
19.19425  1.00192
19.26547  1.00186
19.33669  1.00193
19.40792  1.00178
19.47914  1.00165
19.55036  1.00168
19.62158  1.00168
19.69280  1.00194
19.76402  1.00191
19.83525  1.00192
19.90647  1.00204
19.97769  1.00213
20.04891  1.00201
20.12013  1.00200
20.19135  1.00195
20.26258  1.00228
20.33380  1.00200
20.40502  1.00201
20.47624  1.00232
20.54746  1.00187
20.61869  1.00208
20.68991  1.00218
20.76113  1.00197
20.83235  1.00190
20.90357  1.00240
20.97479  1.00218
21.04602  1.00216
21.11724  1.00206
21.18846  1.00237
21.25968  1.00179
21.33090  1.00141
