 0.03561  0.00000
 0.10683  0.00000
 0.17805  0.00000
 0.24928  0.00000
 0.32050  0.00000
 0.39172  0.00000
 0.46294  0.00000
 0.53416  0.00000
 0.60538  0.00000
 0.67661  0.00000
 0.74783  0.00000
 0.81905  0.00000
 0.89027  0.00000
 0.96149  0.00000
 1.03271  0.00000
 1.10394  0.00000
 1.17516  0.00000
 1.24638  0.00000
 1.31760  0.00000
 1.38882  0.00000
 1.46005  0.00000
 1.53127  0.00000
 1.60249  0.00000
 1.67371  0.00000
 1.74493  0.00000
 1.81615  0.00000
 1.88738  0.00000
 1.95860  0.00000
 2.02982  0.00000
 2.10104  0.00000
 2.17226  0.00000
 2.24348  0.00000
 2.31471  0.00000
 2.38593  0.00000
 2.45715  0.00000
 2.52837  0.00002
 2.59959  0.00023
 2.67081  0.00119
 2.74204  0.00460
 2.81326  0.01341
 2.88448  0.03103
 2.95570  0.06093
 3.02692  0.10599
 3.09814  0.17205
 3.16937  0.27215
 3.24059  0.43221
 3.31181  0.66422
 3.38303  0.93753
 3.45425  1.19130
 3.52547  1.38518
 3.59670  1.49628
 3.66792  1.54647
 3.73914  1.56601
 3.81036  1.57370
 3.88158  1.58149
 3.95280  1.58746
 4.02403  1.58573
 4.09525  1.56527
 4.16647  1.51811
 4.23769  1.45281
 4.30891  1.37423
 4.38014  1.28982
 4.45136  1.21285
 4.52258  1.13974
 4.59380  1.07575
 4.66502  1.02048
 4.73624  0.97365
 4.80747  0.93332
 4.87869  0.89961
 4.94991  0.87281
 5.02113  0.85092
 5.09235  0.83243
 5.16357  0.82063
 5.23480  0.81044
 5.30602  0.80589
 5.37724  0.80344
 5.44846  0.80505
 5.51968  0.81090
 5.59090  0.81835
 5.66213  0.82957
 5.73335  0.84349
 5.80457  0.85846
 5.87579  0.87458
 5.94701  0.89176
 6.01823  0.90790
 6.08946  0.92328
 6.16068  0.93627
 6.23190  0.94808
 6.30312  0.95844
 6.37434  0.96747
 6.44556  0.97606
 6.51679  0.98229
 6.58801  0.99015
 6.65923  0.99613
 6.73045  1.00162
 6.80167  1.00788
 6.87290  1.01186
 6.94412  1.01693
 7.01534  1.01927
 7.08656  1.02242
 7.15778  1.02368
 7.22900  1.02365
 7.30023  1.02337
 7.37145  1.02267
 7.44267  1.02122
 7.51389  1.01875
 7.58511  1.01706
 7.65633  1.01398
 7.72756  1.01074
 7.79878  1.00833
 7.87000  1.00452
 7.94122  1.00149
 8.01244  0.99898
 8.08366  0.99620
 8.15489  0.99234
 8.22611  0.99040
 8.29733  0.98641
 8.36855  0.98390
 8.43977  0.98127
 8.51099  0.97930
 8.58222  0.97738
 8.65344  0.97562
 8.72466  0.97471
 8.79588  0.97453
 8.86710  0.97459
 8.93832  0.97507
 9.00955  0.97670
 9.08077  0.97806
 9.15199  0.97976
 9.22321  0.98140
 9.29443  0.98474
 9.36565  0.98712
 9.43688  0.98941
 9.50810  0.99146
 9.57932  0.99404
 9.65054  0.99634
 9.72176  0.99868
 9.79299  1.00042
 9.86421  1.00220
 9.93543  1.00325
10.00665  1.00404
10.07787  1.00514
10.14909  1.00613
10.22032  1.00588
10.29154  1.00635
10.36276  1.00593
10.43398  1.00490
10.50520  1.00445
10.57642  1.00398
10.64765  1.00304
10.71887  1.00245
10.79009  1.00204
10.86131  1.00087
10.93253  1.00022
11.00375  0.99948
11.07498  0.99884
11.14620  0.99781
11.21742  0.99755
11.28864  0.99680
11.35986  0.99670
11.43108  0.99605
11.50231  0.99667
11.57353  0.99656
11.64475  0.99627
11.71597  0.99628
11.78719  0.99672
11.85841  0.99684
11.92964  0.99680
12.00086  0.99736
12.07208  0.99770
12.14330  0.99818
12.21452  0.99814
12.28575  0.99840
12.35697  0.99871
12.42819  0.99902
12.49941  0.99891
12.57063  0.99934
12.64185  0.99959
12.71308  0.99960
12.78430  0.99972
12.85552  1.00008
12.92674  0.99991
12.99796  1.00022
13.06918  1.00033
13.14041  1.00067
13.21163  1.00073
13.28285  1.00065
13.35407  1.00113
13.42529  1.00095
13.49651  1.00159
13.56774  1.00143
13.63896  1.00152
13.71018  1.00132
13.78140  1.00170
13.85262  1.00147
13.92384  1.00163
13.99507  1.00169
14.06629  1.00178
14.13751  1.00170
14.20873  1.00144
14.27995  1.00117
14.35117  1.00114
14.42240  1.00114
14.49362  1.00116
14.56484  1.00079
14.63606  1.00130
14.70728  1.00147
14.77850  1.00087
14.84973  1.00065
14.92095  1.00112
14.99217  1.00117
15.06339  1.00103
15.13461  1.00119
15.20584  1.00079
15.27706  1.00128
15.34828  1.00105
15.41950  1.00164
15.49072  1.00119
15.56194  1.00106
15.63317  1.00109
15.70439  1.00134
15.77561  1.00153
15.84683  1.00179
15.91805  1.00162
15.98927  1.00180
16.06050  1.00172
16.13172  1.00164
16.20294  1.00176
16.27416  1.00160
16.34538  1.00196
16.41660  1.00166
16.48783  1.00194
16.55905  1.00199
16.63027  1.00170
16.70149  1.00191
16.77271  1.00194
16.84393  1.00185
16.91516  1.00211
16.98638  1.00189
17.05760  1.00206
17.12882  1.00176
17.20004  1.00187
17.27126  1.00182
17.34249  1.00210
17.41371  1.00178
17.48493  1.00179
17.55615  1.00180
17.62737  1.00215
17.69859  1.00205
17.76982  1.00207
17.84104  1.00164
17.91226  1.00211
17.98348  1.00182
18.05470  1.00207
18.12593  1.00232
18.19715  1.00221
18.26837  1.00221
18.33959  1.00217
18.41081  1.00186
18.48203  1.00193
18.55326  1.00235
18.62448  1.00219
18.69570  1.00214
18.76692  1.00207
18.83814  1.00205
18.90936  1.00201
18.98059  1.00209
19.05181  1.00206
19.12303  1.00205
19.19425  1.00199
19.26547  1.00202
19.33669  1.00177
19.40792  1.00219
19.47914  1.00232
19.55036  1.00179
19.62158  1.00196
19.69280  1.00199
19.76402  1.00197
19.83525  1.00215
19.90647  1.00206
19.97769  1.00190
20.04891  1.00190
20.12013  1.00224
20.19135  1.00228
20.26258  1.00228
20.33380  1.00225
20.40502  1.00230
20.47624  1.00241
20.54746  1.00239
20.61869  1.00220
20.68991  1.00229
20.76113  1.00200
20.83235  1.00220
20.90357  1.00209
20.97479  1.00230
21.04602  1.00229
21.11724  1.00208
21.18846  1.00229
21.25968  1.00220
21.33090  1.00167
