 0.03561      inf      nan
 0.10683      inf      nan
 0.17805      inf      nan
 0.24928      inf      nan
 0.32050      inf      nan
 0.39172      inf      nan
 0.46294      inf      nan
 0.53416      inf      nan
 0.60538      inf      nan
 0.67661      inf      nan
 0.74783      inf      nan
 0.81905      inf      nan
 0.89027      inf      nan
 0.96149      inf      nan
 1.03271      inf      nan
 1.10394      inf      nan
 1.17516      inf      nan
 1.24638      inf      nan
 1.31760      inf      nan
 1.38882      inf      nan
 1.46005      inf      nan
 1.53127      inf      nan
 1.60249      inf      nan
 1.67371      inf      nan
 1.74493      inf      nan
 1.81615      inf      nan
 1.88738      inf      nan
 1.95860      inf      nan
 2.02982      inf      nan
 2.10104      inf      nan
 2.17226      inf      nan
 2.24348      inf      nan
 2.31471      inf      nan
 2.38593      inf      nan
 2.45715      inf      nan
 2.52837      inf      nan
 2.59959      inf      nan
 2.67081      inf      nan
 2.74204      inf      nan
 2.81326      inf      nan
 2.88448      inf      nan
 2.95570      inf      nan
 3.02692      inf      nan
 3.09814      inf      nan
 3.16937      inf      nan
 3.24059      inf      nan
 3.31181  5.14944  0.41223
 3.38303  4.43300  0.22066
 3.45425  3.45619  0.10696
 3.52547  2.74769  0.06357
 3.59670  2.08732  0.03700
 3.66792  1.61919  0.02969
 3.73914  1.18480  0.02215
 3.81036  0.84907  0.01775
 3.88158  0.51326  0.01361
 3.95280  0.15212  0.00977
 4.02403 -0.22675  0.00757
 4.09525 -0.57567  0.00632
 4.16647 -0.85234  0.00535
 4.23769 -1.05295  0.00462
 4.30891 -1.19535  0.00406
 4.38014 -1.28030  0.00377
 4.45136 -1.30718  0.00364
 4.52258 -1.27301  0.00360
 4.59380 -1.18799  0.00367
 4.66502 -1.09243  0.00372
 4.73624 -1.00945  0.00380
 4.80747 -0.94507  0.00397
 4.87869 -0.89338  0.00415
 4.94991 -0.84442  0.00425
 5.02113 -0.79171  0.00437
 5.09235 -0.74054  0.00453
 5.16357 -0.68705  0.00457
 5.23480 -0.63490  0.00473
 5.30602 -0.58863  0.00480
 5.37724 -0.54196  0.00494
 5.44846 -0.49249  0.00502
 5.51968 -0.44447  0.00506
 5.59090 -0.39914  0.00522
 5.66213 -0.34195  0.00531
 5.73335 -0.29299  0.00541
 5.80457 -0.24586  0.00562
 5.87579 -0.20569  0.00565
 5.94701 -0.17211  0.00572
 6.01823 -0.14451  0.00593
 6.08946 -0.12256  0.00590
 6.16068 -0.10548  0.00593
 6.23190 -0.09828  0.00590
 6.30312 -0.09142  0.00594
 6.37434 -0.09682  0.00588
 6.44556 -0.09631  0.00588
 6.51679 -0.10546  0.00582
 6.58801 -0.11482  0.00579
 6.65923 -0.12315  0.00575
 6.73045 -0.12694  0.00567
 6.80167 -0.13744  0.00558
 6.87290 -0.14079  0.00557
 6.94412 -0.14071  0.00553
 7.01534 -0.14279  0.00542
 7.08656 -0.14144  0.00542
 7.15778 -0.13990  0.00534
 7.22900 -0.13579  0.00527
 7.30023 -0.13933  0.00511
 7.37145 -0.13127  0.00513
 7.44267 -0.12812  0.00504
 7.51389 -0.12415  0.00499
 7.58511 -0.11644  0.00500
 7.65633 -0.12044  0.00495
 7.72756 -0.11221  0.00498
 7.79878 -0.10793  0.00490
 7.87000 -0.11003  0.00487
 7.94122 -0.10226  0.00487
 8.01244 -0.10248  0.00476
 8.08366 -0.09895  0.00470
 8.15489 -0.09466  0.00464
 8.22611 -0.09315  0.00463
 8.29733 -0.09084  0.00458
 8.36855 -0.08946  0.00449
 8.43977 -0.08245  0.00452
 8.51099 -0.08428  0.00448
 8.58222 -0.08303  0.00447
 8.65344 -0.08053  0.00443
 8.72466 -0.07992  0.00444
 8.79588 -0.08188  0.00440
 8.86710 -0.07722  0.00439
 8.93832 -0.08114  0.00430
 9.00955 -0.08105  0.00418
 9.08077 -0.07954  0.00417
 9.15199 -0.07803  0.00419
 9.22321 -0.07516  0.00422
 9.29443 -0.07166  0.00419
 9.36565 -0.07082  0.00416
 9.43688 -0.06312  0.00414
 9.50810 -0.06040  0.00414
 9.57932 -0.05795  0.00414
 9.65054 -0.05561  0.00412
 9.72176 -0.05080  0.00406
 9.79299 -0.04535  0.00404
 9.86421 -0.04326  0.00406
 9.93543 -0.04031  0.00402
10.00665 -0.03770  0.00399
10.07787 -0.03593  0.00392
10.14909 -0.03164  0.00393
10.22032 -0.03225  0.00386
10.29154 -0.02972  0.00382
10.36276 -0.03021  0.00376
10.43398 -0.03196  0.00374
10.50520 -0.03405  0.00373
10.57642 -0.02892  0.00372
10.64765 -0.03054  0.00362
10.71887 -0.03329  0.00360
10.79009 -0.03487  0.00359
10.86131 -0.03395  0.00357
10.93253 -0.03291  0.00352
11.00375 -0.03334  0.00345
11.07498 -0.03088  0.00342
11.14620 -0.03047  0.00343
11.21742 -0.02819  0.00339
11.28864 -0.03216  0.00333
11.35986 -0.02859  0.00331
11.43108 -0.03117  0.00332
11.50231 -0.03220  0.00336
11.57353 -0.02917  0.00328
11.64475 -0.02868  0.00331
11.71597 -0.02745  0.00327
11.78719 -0.02740  0.00331
11.85841 -0.02624  0.00325
11.92964 -0.02506  0.00327
12.00086 -0.02174  0.00324
12.07208 -0.02380  0.00329
12.14330 -0.02053  0.00316
12.21452 -0.01833  0.00314
12.28575 -0.01995  0.00317
12.35697 -0.01685  0.00316
12.42819 -0.01796  0.00308
12.49941 -0.01609  0.00310
12.57063 -0.01239  0.00309
12.64185 -0.01139  0.00307
12.71308 -0.01410  0.00307
12.78430 -0.00968  0.00309
12.85552 -0.00947  0.00308
12.92674 -0.00753  0.00304
12.99796 -0.00761  0.00303
13.06918 -0.00476  0.00301
13.14041 -0.00316  0.00300
13.21163 -0.00749  0.00299
13.28285 -0.00732  0.00297
13.35407 -0.00913  0.00295
13.42529 -0.00668  0.00294
13.49651 -0.00718  0.00296
13.56774 -0.00443  0.00293
13.63896 -0.00443  0.00289
13.71018 -0.00267  0.00291
13.78140 -0.00318  0.00285
13.85262 -0.00360  0.00288
13.92384 -0.00251  0.00284
13.99507 -0.00483  0.00285
14.06629 -0.00394  0.00287
14.13751 -0.00392  0.00280
14.20873 -0.00110  0.00276
14.27995 -0.00316  0.00280
14.35117  0.00014  0.00277
14.42240  0.00142  0.00274
14.49362  0.00068  0.00274
14.56484  0.00072  0.00272
14.63606  0.00003  0.00272
14.70728  0.00465  0.00271
14.77850  0.00187  0.00267
14.84973  0.00456  0.00269
14.92095  0.00462  0.00267
14.99217  0.00256  0.00267
15.06339  0.00336  0.00263
15.13461  0.00706  0.00263
15.20584  0.00645  0.00266
15.27706  0.00803  0.00260
15.34828  0.00602  0.00259
15.41950  0.00774  0.00258
15.49072  0.00787  0.00263
15.56194  0.00899  0.00257
15.63317  0.00844  0.00263
15.70439  0.00940  0.00261
15.77561  0.00977  0.00256
15.84683  0.00821  0.00260
15.91805  0.01042  0.00252
15.98927  0.00834  0.00256
16.06050  0.00849  0.00254
16.13172  0.00949  0.00251
16.20294  0.00938  0.00252
16.27416  0.01131  0.00254
16.34538  0.01179  0.00250
16.41660  0.01052  0.00248
16.48783  0.01040  0.00248
16.55905  0.01159  0.00248
16.63027  0.01241  0.00248
16.70149  0.01373  0.00248
16.77271  0.01283  0.00247
16.84393  0.01250  0.00247
16.91516  0.01461  0.00246
16.98638  0.01361  0.00243
17.05760  0.01590  0.00247
17.12882  0.01400  0.00241
17.20004  0.01409  0.00245
17.27126  0.01621  0.00243
17.34249  0.01757  0.00243
17.41371  0.01677  0.00241
17.48493  0.01834  0.00242
17.55615  0.01757  0.00242
17.62737  0.01878  0.00240
17.69859  0.01898  0.00240
17.76982  0.01919  0.00239
17.84104  0.01964  0.00241
17.91226  0.01907  0.00234
17.98348  0.01958  0.00236
18.05470  0.02100  0.00235
18.12593  0.01919  0.00234
18.19715  0.01862  0.00230
18.26837  0.01812  0.00227
18.33959  0.01663  0.00227
18.41081  0.01855  0.00225
18.48203  0.01767  0.00220
18.55326  0.01686  0.00220
18.62448  0.01611  0.00216
18.69570  0.01588  0.00216
18.76692  0.01594  0.00215
18.83814  0.01726  0.00218
18.90936  0.01917  0.00214
18.98059  0.01744  0.00211
19.05181  0.01828  0.00213
19.12303  0.01865  0.00214
19.19425  0.01905  0.00210
19.26547  0.01851  0.00213
19.33669  0.01782  0.00210
19.40792  0.02148  0.00210
19.47914  0.02079  0.00207
19.55036  0.02054  0.00207
19.62158  0.02120  0.00206
19.69280  0.02080  0.00204
19.76402  0.02033  0.00203
19.83525  0.02160  0.00200
19.90647  0.01974  0.00200
19.97769  0.01999  0.00199
20.04891  0.02203  0.00199
20.12013  0.02145  0.00200
20.19135  0.02091  0.00199
20.26258  0.02291  0.00197
20.33380  0.02369  0.00200
20.40502  0.02429  0.00196
20.47624  0.02593  0.00196
20.54746  0.02302  0.00198
20.61869  0.02566  0.00197
20.68991  0.02380  0.00195
20.76113  0.02422  0.00194
20.83235  0.02661  0.00193
20.90357  0.02348  0.00193
20.97479  0.02464  0.00194
21.04602  0.02522  0.00192
21.11724  0.02500  0.00192
21.18846  0.02557  0.00189
21.25968  0.02450  0.00192
21.33090  0.02328  0.00190
