 0.03561      inf
 0.10683      inf
 0.17805      inf
 0.24928      inf
 0.32050      inf
 0.39172      inf
 0.46294      inf
 0.53416      inf
 0.60538      inf
 0.67661      inf
 0.74783      inf
 0.81905      inf
 0.89027      inf
 0.96149      inf
 1.03271      inf
 1.10394      inf
 1.17516      inf
 1.24638      inf
 1.31760      inf
 1.38882      inf
 1.46005      inf
 1.53127      inf
 1.60249      inf
 1.67371      inf
 1.74493      inf
 1.81615      inf
 1.88738      inf
 1.95860      inf
 2.02982      inf
 2.10104      inf
 2.17226      inf
 2.24348      inf
 2.31471      inf
 2.38593      inf
 2.45715      inf
 2.52837      inf
 2.59959      inf
 2.67081      inf
 2.74204  7.72071
 2.81326  5.96298
 2.88448  5.10377
 2.95570  4.32993
 3.02692  3.66922
 3.09814  3.07730
 3.16937  2.46791
 3.24059  1.90240
 3.31181  1.36468
 3.38303  0.87905
 3.45425  0.46677
 3.52547  0.14238
 3.59670 -0.08482
 3.66792 -0.22353
 3.73914 -0.28969
 3.81036 -0.30365
 3.88158 -0.28350
 3.95280 -0.24164
 4.02403 -0.18919
 4.09525 -0.13227
 4.16647 -0.07579
 4.23769 -0.02368
 4.30891  0.02429
 4.38014  0.06245
 4.45136  0.09250
 4.52258  0.11034
 4.59380  0.11817
 4.66502  0.11532
 4.73624  0.10541
 4.80747  0.09128
 4.87869  0.07493
 4.94991  0.05806
 5.02113  0.04136
 5.09235  0.02739
 5.16357  0.01458
 5.23480  0.00444
 5.30602 -0.00436
 5.37724 -0.01268
 5.44846 -0.01925
 5.51968 -0.02467
 5.59090 -0.03017
 5.66213 -0.03499
 5.73335 -0.03919
 5.80457 -0.04229
 5.87579 -0.04376
 5.94701 -0.04370
 6.01823 -0.04107
 6.08946 -0.03599
 6.16068 -0.02701
 6.23190 -0.01600
 6.30312 -0.00327
 6.37434  0.01084
 6.44556  0.02405
 6.51679  0.03667
 6.58801  0.04693
 6.65923  0.05398
 6.73045  0.05892
 6.80167  0.06090
 6.87290  0.06020
 6.94412  0.05743
 7.01534  0.05268
 7.08656  0.04696
 7.15778  0.03970
 7.22900  0.03254
 7.30023  0.02453
 7.37145  0.01726
 7.44267  0.00955
 7.51389  0.00243
 7.58511 -0.00431
 7.65633 -0.01041
 7.72756 -0.01507
 7.79878 -0.01815
 7.87000 -0.02185
 7.94122 -0.02316
 8.01244 -0.02400
 8.08366 -0.02442
 8.15489 -0.02326
 8.22611 -0.02183
 8.29733 -0.01937
 8.36855 -0.01693
 8.43977 -0.01418
 8.51099 -0.01165
 8.58222 -0.00823
 8.65344 -0.00494
 8.72466 -0.00191
 8.79588  0.00092
 8.86710  0.00284
 8.93832  0.00511
 9.00955  0.00694
 9.08077  0.00755
 9.15199  0.00852
 9.22321  0.00857
 9.29443  0.00820
 9.36565  0.00742
 9.43688  0.00668
 9.50810  0.00575
 9.57932  0.00457
 9.65054  0.00367
 9.72176  0.00186
 9.79299  0.00106
 9.86421  0.00017
 9.93543 -0.00089
10.00665 -0.00144
10.07787 -0.00238
10.14909 -0.00241
10.22032 -0.00262
10.29154 -0.00230
10.36276 -0.00233
10.43398 -0.00188
10.50520 -0.00140
10.57642 -0.00066
10.64765 -0.00012
10.71887 -0.00004
10.79009  0.00088
10.86131  0.00112
10.93253  0.00122
11.00375  0.00154
11.07498  0.00135
11.14620  0.00126
11.21742  0.00087
11.28864  0.00046
11.35986  0.00023
11.43108 -0.00011
11.50231 -0.00046
11.57353 -0.00107
11.64475 -0.00145
11.71597 -0.00178
11.78719 -0.00231
11.85841 -0.00249
11.92964 -0.00298
12.00086 -0.00309
12.07208 -0.00307
12.14330 -0.00311
12.21452 -0.00308
12.28575 -0.00324
12.35697 -0.00287
12.42819 -0.00265
12.49941 -0.00254
12.57063 -0.00213
12.64185 -0.00198
12.71308 -0.00145
12.78430 -0.00112
12.85552 -0.00065
12.92674 -0.00016
12.99796 -0.00030
13.06918  0.00015
13.14041  0.00001
13.21163  0.00018
13.28285  0.00016
13.35407  0.00024
13.42529  0.00022
13.49651  0.00019
13.56774 -0.00025
13.63896 -0.00031
13.71018 -0.00025
13.78140 -0.00075
13.85262 -0.00096
13.92384 -0.00119
13.99507 -0.00141
14.06629 -0.00146
14.13751 -0.00163
14.20873 -0.00206
14.27995 -0.00173
14.35117 -0.00187
14.42240 -0.00184
14.49362 -0.00220
14.56484 -0.00195
14.63606 -0.00198
14.70728 -0.00189
14.77850 -0.00190
14.84973 -0.00195
14.92095 -0.00199
14.99217 -0.00173
15.06339 -0.00180
15.13461 -0.00154
15.20584 -0.00130
15.27706 -0.00112
15.34828 -0.00118
15.41950 -0.00098
15.49072 -0.00090
15.56194 -0.00078
15.63317 -0.00102
15.70439 -0.00076
15.77561 -0.00107
15.84683 -0.00105
15.91805 -0.00119
15.98927 -0.00140
16.06050 -0.00119
16.13172 -0.00119
16.20294 -0.00117
16.27416 -0.00106
16.34538 -0.00125
16.41660 -0.00125
16.48783 -0.00119
16.55905 -0.00110
16.63027 -0.00108
16.70149 -0.00116
16.77271 -0.00126
16.84393 -0.00129
16.91516 -0.00117
16.98638 -0.00104
17.05760 -0.00120
17.12882 -0.00105
17.20004 -0.00113
17.27126 -0.00107
17.34249 -0.00121
17.41371 -0.00101
17.48493 -0.00096
17.55615 -0.00117
17.62737 -0.00118
17.69859 -0.00117
17.76982 -0.00124
17.84104 -0.00133
17.91226 -0.00116
17.98348 -0.00126
18.05470 -0.00120
18.12593 -0.00131
18.19715 -0.00130
18.26837 -0.00144
18.33959 -0.00120
18.41081 -0.00130
18.48203 -0.00133
18.55326 -0.00114
18.62448 -0.00118
18.69570 -0.00122
18.76692 -0.00116
18.83814 -0.00114
18.90936 -0.00121
18.98059 -0.00106
19.05181 -0.00119
19.12303 -0.00116
19.19425 -0.00114
19.26547 -0.00110
19.33669 -0.00114
19.40792 -0.00105
19.47914 -0.00097
19.55036 -0.00100
19.62158 -0.00100
19.69280 -0.00115
19.76402 -0.00113
19.83525 -0.00114
19.90647 -0.00121
19.97769 -0.00126
20.04891 -0.00119
20.12013 -0.00118
20.19135 -0.00115
20.26258 -0.00135
20.33380 -0.00118
20.40502 -0.00119
20.47624 -0.00137
20.54746 -0.00111
20.61869 -0.00123
20.68991 -0.00129
20.76113 -0.00117
20.83235 -0.00112
20.90357 -0.00142
20.97479 -0.00129
21.04602 -0.00128
21.11724 -0.00122
21.18846 -0.00140
21.25968 -0.00106
21.33090 -0.00084
