 0.03561      inf      nan
 0.10682      inf      nan
 0.17803      inf      nan
 0.24924      inf      nan
 0.32046      inf      nan
 0.39167      inf      nan
 0.46288      inf      nan
 0.53409      inf      nan
 0.60531      inf      nan
 0.67652      inf      nan
 0.74773      inf      nan
 0.81894      inf      nan
 0.89016      inf      nan
 0.96137      inf      nan
 1.03258      inf      nan
 1.10380      inf      nan
 1.17501      inf      nan
 1.24622      inf      nan
 1.31743      inf      nan
 1.38865      inf      nan
 1.45986      inf      nan
 1.53107      inf      nan
 1.60228      inf      nan
 1.67350      inf      nan
 1.74471      inf      nan
 1.81592      inf      nan
 1.88713      inf      nan
 1.95835      inf      nan
 2.02956      inf      nan
 2.10077      inf      nan
 2.17198      inf      nan
 2.24320      inf      nan
 2.31441      inf      nan
 2.38562      inf      nan
 2.45683      inf      nan
 2.52805  4.62794  0.58670
 2.59926  3.01945  0.15772
 2.67047  1.65243  0.04740
 2.74168  0.57228  0.01974
 2.81290 -0.19992  0.01362
 2.88411 -0.68791  0.01118
 2.95532 -0.96882  0.01026
 3.02654 -1.05265  0.00994
 3.09775 -1.04742  0.00987
 3.16896 -0.97692  0.00974
 3.24017 -0.87744  0.00976
 3.31139 -0.79345  0.00987
 3.38260 -0.70778  0.01004
 3.45381 -0.64144  0.00983
 3.52502 -0.59184  0.01018
 3.59624 -0.55248  0.01029
 3.66745 -0.53278  0.01071
 3.73866 -0.50668  0.01013
 3.80987 -0.50509  0.01047
 3.88109 -0.47935  0.01016
 3.95230 -0.47258  0.01015
 4.02351 -0.45003  0.01010
 4.09472 -0.43478  0.00962
 4.16594 -0.40779  0.00982
 4.23715 -0.39469  0.00952
 4.30836 -0.38489  0.00942
 4.37957 -0.37832  0.00982
 4.45079 -0.37743  0.00917
 4.52200 -0.37721  0.00870
 4.59321 -0.39496  0.00856
 4.66442 -0.43590  0.00886
 4.73564 -0.47632  0.00880
 4.80685 -0.52549  0.00858
 4.87806 -0.56762  0.00867
 4.94928 -0.59902  0.00850
 5.02049 -0.63337  0.00810
 5.09170 -0.64783  0.00816
 5.16291 -0.63837  0.00796
 5.23413 -0.62787  0.00786
 5.30534 -0.58584  0.00820
 5.37655 -0.53901  0.00771
 5.44776 -0.48004  0.00728
 5.51898 -0.43111  0.00773
 5.59019 -0.38255  0.00775
 5.66140 -0.34006  0.00783
 5.73261 -0.30523  0.00793
 5.80383 -0.28031  0.00822
 5.87504 -0.25890  0.00803
 5.94625 -0.24506  0.00766
 6.01746 -0.22748  0.00794
 6.08868 -0.22826  0.00818
 6.15989 -0.22664  0.00746
 6.23110 -0.21486  0.00795
 6.30231 -0.20932  0.00796
 6.37353 -0.21230  0.00765
 6.44474 -0.20745  0.00748
 6.51595 -0.19431  0.00760
 6.58716 -0.19389  0.00744
 6.65838 -0.18745  0.00748
 6.72959 -0.18269  0.00729
 6.80080 -0.18049  0.00729
 6.87202 -0.17145  0.00736
 6.94323 -0.15961  0.00710
 7.01444 -0.15973  0.00714
 7.08565 -0.15873  0.00709
 7.15687 -0.14543  0.00720
 7.22808 -0.13340  0.00723
 7.29929 -0.12449  0.00703
 7.37050 -0.11007  0.00709
 7.44172 -0.09945  0.00714
 7.51293 -0.08198  0.00721
 7.58414 -0.08083  0.00713
 7.65535 -0.06930  0.00691
 7.72657 -0.05693  0.00675
 7.79778 -0.04792  0.00738
 7.86899 -0.03372  0.00684
 7.94020 -0.03402  0.00677
 8.01142 -0.02695  0.00694
 8.08263 -0.01930  0.00696
 8.15384 -0.01607  0.00660
 8.22505 -0.01333  0.00656
 8.29627 -0.00961  0.00643
 8.36748 -0.00781  0.00651
 8.43869 -0.00523  0.00650
 8.50990 -0.00645  0.00686
 8.58112  0.00319  0.00679
 8.65233 -0.00160  0.00654
 8.72354 -0.00193  0.00653
 8.79475 -0.00410  0.00645
 8.86597  0.00007  0.00653
 8.93718  0.00476  0.00622
 9.00839  0.00286  0.00636
 9.07961  0.00435  0.00620
 9.15082  0.00040  0.00641
 9.22203  0.00414  0.00685
 9.29324  0.00217  0.00629
 9.36446  0.00469  0.00617
 9.43567  0.00920  0.00623
 9.50688  0.00616  0.00615
 9.57809  0.00731  0.00601
 9.64931  0.00201  0.00612
 9.72052  0.01159  0.00630
 9.79173  0.01035  0.00593
 9.86294  0.00965  0.00609
 9.93416  0.00892  0.00613
10.00537  0.01518  0.00601
10.07658  0.01350  0.00615
10.14779  0.01876  0.00557
10.21901  0.00925  0.00570
10.29022  0.01843  0.00560
10.36143  0.01532  0.00568
10.43264  0.01419  0.00569
10.50386  0.01991  0.00571
10.57507  0.01915  0.00588
10.64628  0.02311  0.00547
10.71749  0.01781  0.00536
10.78871  0.02261  0.00563
10.85992  0.01417  0.00588
10.93113  0.02450  0.00541
11.00235  0.02222  0.00554
11.07356  0.02080  0.00536
11.14477  0.01912  0.00548
11.21598  0.01780  0.00563
11.28720  0.01413  0.00570
11.35841  0.02057  0.00558
11.42962  0.01994  0.00538
11.50083  0.02147  0.00519
11.57205  0.02027  0.00533
11.64326  0.01581  0.00496
11.71447  0.01538  0.00514
11.78568  0.01565  0.00520
11.85690  0.01678  0.00524
11.92811  0.02087  0.00500
11.99932  0.01797  0.00521
12.07053  0.01626  0.00521
12.14175  0.02107  0.00485
12.21296  0.01421  0.00475
12.28417  0.01755  0.00506
12.35538  0.01142  0.00501
12.42660  0.01338  0.00483
12.49781  0.01497  0.00479
12.56902  0.01606  0.00482
12.64023  0.01745  0.00493
12.71145  0.01527  0.00478
12.78266  0.01957  0.00479
12.85387  0.01908  0.00463
12.92509  0.01776  0.00465
12.99630  0.01781  0.00461
13.06751  0.02057  0.00455
13.13872  0.01599  0.00470
13.20994  0.01852  0.00471
13.28115  0.01820  0.00469
13.35236  0.01831  0.00462
13.42357  0.01352  0.00467
13.49479  0.01742  0.00444
13.56600  0.01995  0.00448
13.63721  0.01774  0.00442
13.70842  0.01763  0.00451
13.77964  0.01727  0.00446
13.85085  0.01745  0.00435
13.92206  0.01790  0.00414
13.99327  0.01406  0.00453
14.06449  0.01450  0.00439
14.13570  0.01920  0.00403
14.20691  0.01571  0.00437
14.27812  0.01539  0.00440
14.34934  0.01743  0.00429
14.42055  0.01510  0.00432
14.49176  0.01463  0.00418
14.56297  0.01822  0.00423
14.63419  0.02209  0.00411
14.70540  0.01937  0.00406
14.77661  0.01539  0.00408
14.84783  0.01634  0.00410
14.91904  0.01726  0.00415
14.99025  0.01682  0.00407
15.06146  0.02142  0.00395
15.13268  0.02120  0.00393
15.20389  0.01910  0.00381
15.27510  0.02086  0.00381
15.34631  0.01988  0.00395
15.41753  0.01886  0.00379
15.48874  0.01579  0.00387
15.55995  0.01972  0.00374
15.63116  0.01974  0.00376
15.70238  0.02188  0.00356
15.77359  0.01742  0.00358
15.84480  0.02050  0.00356
15.91601  0.02036  0.00359
15.98723  0.01861  0.00358
16.05844  0.02192  0.00356
16.12965  0.01723  0.00317
16.20086  0.01828  0.00351
16.27208  0.01906  0.00315
16.34329  0.01882  0.00330
16.41450  0.01820  0.00336
16.48571  0.01616  0.00313
16.55693  0.01670  0.00323
16.62814  0.01890  0.00311
16.69935  0.02062  0.00317
16.77057  0.01904  0.00313
16.84178  0.01584  0.00314
16.91299  0.01808  0.00298
16.98420  0.01858  0.00313
17.05542  0.01782  0.00306
17.12663  0.01441  0.00309
17.19784  0.01725  0.00288
17.26905  0.01177  0.00306
17.34027  0.01636  0.00306
17.41148  0.01602  0.00296
17.48269  0.01685  0.00306
17.55390  0.01508  0.00283
17.62512  0.01687  0.00322
17.69633  0.01515  0.00316
17.76754  0.01041  0.00296
17.83875  0.01329  0.00287
17.90997  0.01565  0.00301
17.98118  0.01587  0.00309
18.05239  0.01303  0.00302
18.12360  0.01132  0.00287
18.19482  0.01188  0.00299
18.26603  0.01227  0.00296
18.33724  0.01179  0.00303
18.40845  0.01436  0.00278
18.47967  0.01106  0.00312
18.55088  0.01286  0.00296
18.62209  0.01132  0.00294
18.69331  0.01001  0.00298
18.76452  0.01178  0.00299
18.83573  0.00884  0.00288
18.90694  0.00927  0.00290
18.97816  0.00819  0.00284
19.04937  0.00896  0.00297
19.12058  0.01432  0.00291
19.19179  0.01076  0.00292
19.26301  0.01120  0.00293
19.33422  0.00814  0.00304
19.40543  0.00742  0.00280
19.47664  0.01086  0.00289
19.54786  0.01100  0.00301
19.61907  0.00836  0.00268
19.69028  0.00833  0.00280
19.76149  0.00997  0.00272
19.83271  0.00767  0.00278
19.90392  0.00959  0.00283
19.97513  0.00997  0.00261
20.04634  0.00740  0.00271
20.11756  0.00820  0.00283
20.18877  0.00819  0.00247
20.25998  0.00916  0.00282
20.33119  0.00922  0.00259
20.40241  0.00945  0.00287
20.47362  0.01030  0.00260
20.54483  0.00884  0.00263
20.61605  0.00730  0.00253
20.68726  0.00746  0.00264
20.75847  0.00908  0.00272
20.82968  0.00791  0.00281
20.90090  0.00833  0.00269
20.97211  0.00849  0.00275
21.04332  0.00609  0.00272
21.11453  0.00901  0.00260
21.18575  0.00893  0.00272
21.25696  0.00997  0.00266
21.32817  0.00889  0.00252
