 0.03561      inf
 0.10683      inf
 0.17805      inf
 0.24928      inf
 0.32050      inf
 0.39172      inf
 0.46294      inf
 0.53416      inf
 0.60538      inf
 0.67661      inf
 0.74783      inf
 0.81905      inf
 0.89027      inf
 0.96149      inf
 1.03271      inf
 1.10394      inf
 1.17516      inf
 1.24638      inf
 1.31760      inf
 1.38882      inf
 1.46005      inf
 1.53127      inf
 1.60249      inf
 1.67371      inf
 1.74493      inf
 1.81615      inf
 1.88738      inf
 1.95860      inf
 2.02982      inf
 2.10104      inf
 2.17226      inf
 2.24348      inf
 2.31471      inf
 2.38593      inf
 2.45715  7.35080
 2.52837  6.47269
 2.59959  4.96166
 2.67081  3.98445
 2.74204  3.18551
 2.81326  2.55244
 2.88448  2.05593
 2.95570  1.65642
 3.02692  1.32870
 3.09814  1.04190
 3.16937  0.77043
 3.24059  0.49659
 3.31181  0.24221
 3.38303  0.03819
 3.45425 -0.10363
 3.52547 -0.19289
 3.59670 -0.23856
 3.66792 -0.25810
 3.73914 -0.26553
 3.81036 -0.26843
 3.88158 -0.27135
 3.95280 -0.27359
 4.02403 -0.27294
 4.09525 -0.26525
 4.16647 -0.24714
 4.23769 -0.22111
 4.30891 -0.18819
 4.38014 -0.15067
 4.45136 -0.11424
 4.52258 -0.07743
 4.59380 -0.04322
 4.66502 -0.01200
 4.73624  0.01581
 4.80747  0.04085
 4.87869  0.06263
 4.94991  0.08054
 5.02113  0.09557
 5.09235  0.10858
 5.16357  0.11703
 5.23480  0.12442
 5.30602  0.12776
 5.37724  0.12956
 5.44846  0.12837
 5.51968  0.12409
 5.59090  0.11868
 5.66213  0.11061
 5.73335  0.10076
 5.80457  0.09035
 5.87579  0.07934
 5.94701  0.06782
 6.01823  0.05720
 6.08946  0.04725
 6.16068  0.03899
 6.23190  0.03157
 6.30312  0.02513
 6.37434  0.01958
 6.44556  0.01434
 6.51679  0.01058
 6.58801  0.00586
 6.65923  0.00230
 6.73045 -0.00096
 6.80167 -0.00465
 6.87290 -0.00698
 6.94412 -0.00994
 7.01534 -0.01130
 7.08656 -0.01313
 7.15778 -0.01386
 7.22900 -0.01384
 7.30023 -0.01368
 7.37145 -0.01327
 7.44267 -0.01243
 7.51389 -0.01100
 7.58511 -0.01001
 7.65633 -0.00822
 7.72756 -0.00633
 7.79878 -0.00491
 7.87000 -0.00267
 7.94122 -0.00088
 8.01244  0.00060
 8.08366  0.00225
 8.15489  0.00455
 8.22611  0.00571
 8.29733  0.00810
 8.36855  0.00961
 8.43977  0.01120
 8.51099  0.01238
 8.58222  0.01354
 8.65344  0.01461
 8.72466  0.01516
 8.79588  0.01527
 8.86710  0.01523
 8.93832  0.01494
 9.00955  0.01395
 9.08077  0.01313
 9.15199  0.01211
 9.22321  0.01112
 9.29443  0.00911
 9.36565  0.00768
 9.43688  0.00630
 9.50810  0.00508
 9.57932  0.00354
 9.65054  0.00217
 9.72176  0.00078
 9.79299 -0.00025
 9.86421 -0.00130
 9.93543 -0.00192
10.00665 -0.00239
10.07787 -0.00303
10.14909 -0.00362
10.22032 -0.00347
10.29154 -0.00375
10.36276 -0.00350
10.43398 -0.00289
10.50520 -0.00263
10.57642 -0.00235
10.64765 -0.00180
10.71887 -0.00145
10.79009 -0.00121
10.86131 -0.00051
10.93253 -0.00013
11.00375  0.00031
11.07498  0.00069
11.14620  0.00130
11.21742  0.00146
11.28864  0.00190
11.35986  0.00196
11.43108  0.00235
11.50231  0.00197
11.57353  0.00204
11.64475  0.00221
11.71597  0.00221
11.78719  0.00195
11.85841  0.00188
11.92964  0.00190
12.00086  0.00157
12.07208  0.00136
12.14330  0.00108
12.21452  0.00110
12.28575  0.00095
12.35697  0.00077
12.42819  0.00058
12.49941  0.00065
12.57063  0.00039
12.64185  0.00024
12.71308  0.00024
12.78430  0.00016
12.85552 -0.00005
12.92674  0.00006
12.99796 -0.00013
13.06918 -0.00020
13.14041 -0.00040
13.21163 -0.00043
13.28285 -0.00039
13.35407 -0.00067
13.42529 -0.00056
13.49651 -0.00094
13.56774 -0.00085
13.63896 -0.00090
13.71018 -0.00078
13.78140 -0.00100
13.85262 -0.00087
13.92384 -0.00096
13.99507 -0.00100
14.06629 -0.00106
14.13751 -0.00100
14.20873 -0.00085
14.27995 -0.00069
14.35117 -0.00067
14.42240 -0.00067
14.49362 -0.00069
14.56484 -0.00047
14.63606 -0.00077
14.70728 -0.00087
14.77850 -0.00051
14.84973 -0.00039
14.92095 -0.00066
14.99217 -0.00069
15.06339 -0.00061
15.13461 -0.00070
15.20584 -0.00047
15.27706 -0.00076
15.34828 -0.00062
15.41950 -0.00097
15.49072 -0.00070
15.56194 -0.00063
15.63317 -0.00064
15.70439 -0.00079
15.77561 -0.00090
15.84683 -0.00106
15.91805 -0.00096
15.98927 -0.00107
16.06050 -0.00102
16.13172 -0.00097
16.20294 -0.00104
16.27416 -0.00095
16.34538 -0.00116
16.41660 -0.00098
16.48783 -0.00115
16.55905 -0.00118
16.63027 -0.00101
16.70149 -0.00113
16.77271 -0.00115
16.84393 -0.00110
16.91516 -0.00125
16.98638 -0.00112
17.05760 -0.00122
17.12882 -0.00104
17.20004 -0.00110
17.27126 -0.00108
17.34249 -0.00124
17.41371 -0.00105
17.48493 -0.00106
17.55615 -0.00106
17.62737 -0.00127
17.69859 -0.00121
17.76982 -0.00123
17.84104 -0.00097
17.91226 -0.00125
17.98348 -0.00107
18.05470 -0.00122
18.12593 -0.00137
18.19715 -0.00131
18.26837 -0.00131
18.33959 -0.00128
18.41081 -0.00110
18.48203 -0.00114
18.55326 -0.00139
18.62448 -0.00129
18.69570 -0.00126
18.76692 -0.00122
18.83814 -0.00121
18.90936 -0.00119
18.98059 -0.00123
19.05181 -0.00122
19.12303 -0.00122
19.19425 -0.00118
19.26547 -0.00120
19.33669 -0.00104
19.40792 -0.00129
19.47914 -0.00137
19.55036 -0.00106
19.62158 -0.00116
19.69280 -0.00118
19.76402 -0.00116
19.83525 -0.00127
19.90647 -0.00122
19.97769 -0.00112
20.04891 -0.00112
20.12013 -0.00133
20.19135 -0.00135
20.26258 -0.00135
20.33380 -0.00133
20.40502 -0.00136
20.47624 -0.00142
20.54746 -0.00142
20.61869 -0.00130
20.68991 -0.00135
20.76113 -0.00118
20.83235 -0.00130
20.90357 -0.00124
20.97479 -0.00136
21.04602 -0.00135
21.11724 -0.00123
21.18846 -0.00135
21.25968 -0.00130
21.33090 -0.00099
