 0.03543  0.00000      nan
 0.10628  0.00000      nan
 0.17714  0.00000      nan
 0.24800  0.00000      nan
 0.31885  0.00000      nan
 0.38971  0.00000      nan
 0.46056  0.00000      nan
 0.53142  0.00000      nan
 0.60227  0.00000      nan
 0.67313  0.00000      nan
 0.74399  0.00000      nan
 0.81484  0.00000      nan
 0.88570  0.00000      nan
 0.95655  0.00000      nan
 1.02741  0.00000      nan
 1.09826  0.00000      nan
 1.16912  0.00000      nan
 1.23998  0.00000      nan
 1.31083  0.00000      nan
 1.38169  0.00000      nan
 1.45254  0.00000      nan
 1.52340  0.00000      nan
 1.59425  0.00000      nan
 1.66511  0.00000      nan
 1.73597  0.00000      nan
 1.80682  0.00000      nan
 1.87768  0.00000      nan
 1.94853  0.00000      nan
 2.01939  0.00000      nan
 2.09025  0.00000      nan
 2.16110  0.00000      nan
 2.23196  0.00000      nan
 2.30281  0.00000      nan
 2.37367  0.00000      nan
 2.44452  0.00000      nan
 2.51538  0.00000      nan
 2.58624  0.00000      nan
 2.65709  0.00000      nan
 2.72795  0.00000      nan
 2.79880  0.00000      nan
 2.86966  0.00346  0.00171
 2.94051  0.02722  0.00484
 3.01137  0.13291  0.00932
 3.08223  0.43991  0.01775
 3.15308  0.88448  0.02698
 3.22394  1.45328  0.03060
 3.29479  1.88876  0.03667
 3.36565  2.24953  0.04013
 3.43650  2.49229  0.03954
 3.50736  2.58335  0.04383
 3.57822  2.70263  0.03496
 3.64907  2.71010  0.03916
 3.71993  2.56558  0.04127
 3.79078  2.39910  0.03923
 3.86164  2.16553  0.02844
 3.93250  1.85300  0.02886
 4.00335  1.55704  0.02626
 4.07421  1.31258  0.02449
 4.14506  1.13527  0.02234
 4.21592  1.01276  0.02137
 4.28677  0.94153  0.01827
 4.35763  0.93144  0.01929
 4.42849  0.89533  0.01792
 4.49934  0.93922  0.01861
 4.57020  0.95778  0.01733
 4.64105  1.05856  0.02033
 4.71191  1.04720  0.01670
 4.78276  1.10401  0.01829
 4.85362  1.16919  0.01842
 4.92448  1.19843  0.01996
 4.99533  1.27700  0.01944
 5.06619  1.30794  0.01828
 5.13704  1.34589  0.01865
 5.20790  1.37999  0.01877
 5.27875  1.39566  0.02007
 5.34961  1.37613  0.02077
 5.42047  1.43481  0.01932
 5.49132  1.43965  0.01896
 5.56218  1.45069  0.01971
 5.63303  1.45870  0.01916
 5.70389  1.39967  0.01793
 5.77475  1.43718  0.01765
 5.84560  1.41528  0.01839
 5.91646  1.45351  0.01796
 5.98731  1.41851  0.01901
 6.05817  1.40749  0.01610
 6.12902  1.42260  0.01847
 6.19988  1.36689  0.01650
 6.27074  1.32329  0.01638
 6.34159  1.29637  0.01750
 6.41245  1.27465  0.01631
 6.48330  1.24846  0.01382
 6.55416  1.17563  0.01427
 6.62501  1.14411  0.01393
 6.69587  1.11685  0.01352
 6.76673  1.09825  0.01380
 6.83758  1.10154  0.01388
 6.90844  1.07966  0.01391
 6.97929  1.05683  0.01337
 7.05015  1.06998  0.01245
 7.12100  1.07608  0.01222
 7.19186  1.06822  0.01412
 7.26272  1.07655  0.01281
 7.33357  1.08078  0.01323
 7.40443  1.10026  0.01162
 7.47528  1.10132  0.01208
 7.54614  1.11330  0.01090
 7.61700  1.11432  0.01229
 7.68785  1.13056  0.01212
 7.75871  1.12067  0.01129
 7.82956  1.15004  0.01156
 7.90042  1.13487  0.01116
 7.97127  1.16833  0.01149
 8.04213  1.15742  0.01215
 8.11299  1.13404  0.01113
 8.18384  1.13408  0.01154
 8.25470  1.14840  0.01104
 8.32555  1.12935  0.01101
 8.39641  1.14153  0.01032
 8.46726  1.13056  0.01215
 8.53812  1.12254  0.01076
 8.60898  1.10856  0.01081
 8.67983  1.10663  0.01031
 8.75069  1.10638  0.01119
 8.82154  1.09125  0.01088
 8.89240  1.11821  0.00944
 8.96325  1.08605  0.01096
 9.03411  1.06838  0.01068
 9.10497  1.08270  0.01045
 9.17582  1.08146  0.01003
 9.24668  1.08230  0.00976
 9.31753  1.06450  0.00909
 9.38839  1.06565  0.00945
 9.45925  1.06712  0.00980
 9.53010  1.06058  0.00835
 9.60096  1.04111  0.00950
 9.67181  1.05634  0.00931
 9.74267  1.06176  0.00857
 9.81352  1.05212  0.00906
 9.88438  1.06629  0.00878
 9.95524  1.05490  0.00858
10.02609  1.04948  0.00912
10.09695  1.04075  0.00822
10.16780  1.04644  0.00883
10.23866  1.04772  0.00766
10.30951  1.05384  0.00878
10.38037  1.06207  0.00850
10.45123  1.03923  0.00794
10.52208  1.04712  0.00876
10.59294  1.04561  0.00784
10.66379  1.05767  0.00789
10.73465  1.04096  0.00771
10.80550  1.04361  0.00859
10.87636  1.03729  0.00756
10.94722  1.02402  0.00760
11.01807  1.04285  0.00750
11.08893  1.04645  0.00703
11.15978  1.04002  0.00759
11.23064  1.04254  0.00772
11.30150  1.03705  0.00814
11.37235  1.03492  0.00806
11.44321  1.04082  0.00764
11.51406  1.03521  0.00815
11.58492  1.03900  0.00752
11.65577  1.03040  0.00756
11.72663  1.03474  0.00788
11.79749  1.01968  0.00659
11.86834  1.03579  0.00730
11.93920  1.03630  0.00828
12.01005  1.02702  0.00642
12.08091  1.02190  0.00706
12.15176  1.03093  0.00688
12.22262  1.01739  0.00750
12.29348  1.03665  0.00738
12.36433  1.01827  0.00702
12.43519  1.02686  0.00624
12.50604  1.02593  0.00667
12.57690  1.02941  0.00643
12.64775  1.02027  0.00731
12.71861  1.02926  0.00694
12.78947  1.02927  0.00640
12.86032  1.03331  0.00662
12.93118  1.01579  0.00663
13.00203  1.01711  0.00703
13.07289  1.01630  0.00716
13.14375  1.01301  0.00664
13.21460  1.02080  0.00658
13.28546  1.02788  0.00628
13.35631  1.01688  0.00677
13.42717  1.01203  0.00639
13.49802  1.00696  0.00609
13.56888  1.00336  0.00674
13.63974  1.00818  0.00608
13.71059  1.00944  0.00603
13.78145  1.01189  0.00624
13.85230  1.02011  0.00605
13.92316  1.01075  0.00607
13.99401  1.01580  0.00585
14.06487  1.02664  0.00592
14.13573  1.01766  0.00604
14.20658  1.00595  0.00580
14.27744  1.01498  0.00626
14.34829  1.00609  0.00567
14.41915  1.00162  0.00589
14.49000  1.01172  0.00593
14.56086  1.00556  0.00573
14.63172  1.02689  0.00602
14.70257  0.99890  0.00573
14.77343  1.00667  0.00601
14.84428  1.00724  0.00563
14.91514  1.01254  0.00610
14.98600  1.00251  0.00559
15.05685  1.00206  0.00573
15.12771  1.00843  0.00602
15.19856  1.00174  0.00571
15.26942  1.00296  0.00532
15.34027  0.99890  0.00556
15.41113  1.00054  0.00480
15.48199  0.99825  0.00534
15.55284  0.99392  0.00571
15.62370  1.00456  0.00562
15.69455  1.00214  0.00563
15.76541  1.00245  0.00524
15.83626  0.99725  0.00497
15.90712  1.00059  0.00546
15.97798  1.00540  0.00564
16.04883  1.00169  0.00523
16.11969  0.99348  0.00445
16.19054  0.99471  0.00506
16.26140  0.99215  0.00466
16.33225  0.99835  0.00452
16.40311  0.99844  0.00549
16.47397  0.99628  0.00541
16.54482  0.99673  0.00557
16.61568  0.99413  0.00510
16.68653  0.99890  0.00508
16.75739  0.99489  0.00473
16.82825  0.98824  0.00485
16.89910  1.00312  0.00450
16.96996  0.99848  0.00481
17.04081  0.98874  0.00527
17.11167  0.99370  0.00494
17.18252  0.99705  0.00455
17.25338  0.99002  0.00464
17.32424  0.99537  0.00498
17.39509  0.99413  0.00502
17.46595  0.98751  0.00492
17.53680  0.99263  0.00510
17.60766  0.98958  0.00490
17.67851  0.99380  0.00500
17.74937  0.99514  0.00373
17.82023  0.99589  0.00487
17.89108  0.99459  0.00490
17.96194  0.99503  0.00497
18.03279  0.99400  0.00506
18.10365  0.99146  0.00412
18.17450  0.99290  0.00469
18.24536  0.99418  0.00496
18.31622  0.98920  0.00391
18.38707  0.98920  0.00445
18.45793  0.99218  0.00486
18.52878  0.98024  0.00432
18.59964  0.98639  0.00443
18.67050  0.99782  0.00425
18.74135  0.98635  0.00456
18.81221  0.98833  0.00427
18.88306  0.99131  0.00511
18.95392  0.98909  0.00450
19.02477  0.98625  0.00421
19.09563  0.98995  0.00437
19.16649  0.98995  0.00376
19.23734  0.99404  0.00495
19.30820  0.98942  0.00437
19.37905  0.98888  0.00447
19.44991  0.99788  0.00418
19.52076  0.98146  0.00432
19.59162  0.98905  0.00406
19.66248  0.98760  0.00427
19.73333  0.98424  0.00415
19.80419  0.98990  0.00423
19.87504  0.98743  0.00431
19.94590  0.99222  0.00409
20.01675  1.00294  0.00417
20.08761  0.98730  0.00397
20.15847  0.98441  0.00447
20.22932  0.98676  0.00417
20.30018  0.98497  0.00380
20.37103  0.99264  0.00433
20.44189  0.98758  0.00414
20.51275  0.98963  0.00432
20.58360  0.98733  0.00423
20.65446  0.98830  0.00404
20.72531  0.98426  0.00408
20.79617  0.98504  0.00403
20.86702  0.98137  0.00400
20.93788  0.98842  0.00409
21.00874  0.98681  0.00432
21.07959  0.98593  0.00365
21.15045  0.98812  0.00393
21.22130  0.98391  0.00369
