 0.03543  0.00000
 0.10628  0.00000
 0.17714  0.00000
 0.24800  0.00000
 0.31885  0.00000
 0.38971  0.00000
 0.46056  0.00000
 0.53142  0.00000
 0.60227  0.00000
 0.67313  0.00000
 0.74399  0.00000
 0.81484  0.00000
 0.88570  0.00000
 0.95655  0.00000
 1.02741  0.00000
 1.09826  0.00000
 1.16912  0.00000
 1.23998  0.00000
 1.31083  0.00000
 1.38169  0.00000
 1.45254  0.00000
 1.52340  0.00000
 1.59425  0.00000
 1.66511  0.00000
 1.73597  0.00000
 1.80682  0.00000
 1.87768  0.00000
 1.94853  0.00000
 2.01939  0.00000
 2.09025  0.00000
 2.16110  0.00000
 2.23196  0.00000
 2.30281  0.00000
 2.37367  0.00000
 2.44452  0.00000
 2.51538  0.00021
 2.58624  0.01297
 2.65709  0.17075
 2.72795  0.74414
 2.79880  1.54440
 2.86966  2.04424
 2.94051  2.09483
 3.01137  1.86468
 3.08223  1.57074
 3.15308  1.31251
 3.22394  1.12117
 3.29479  0.97220
 3.36565  0.87661
 3.43650  0.81603
 3.50736  0.77744
 3.57822  0.75532
 3.64907  0.75457
 3.71993  0.75513
 3.79078  0.77027
 3.86164  0.78254
 3.93250  0.80845
 4.00335  0.83262
 4.07421  0.86290
 4.14506  0.89176
 4.21592  0.91989
 4.28677  0.95370
 4.35763  0.99165
 4.42849  1.03056
 4.49934  1.06863
 4.57020  1.10992
 4.64105  1.14500
 4.71191  1.16171
 4.78276  1.16906
 4.85362  1.16668
 4.92448  1.15462
 4.99533  1.13944
 5.06619  1.12376
 5.13704  1.10862
 5.20790  1.08873
 5.27875  1.07381
 5.34961  1.05759
 5.42047  1.03898
 5.49132  1.02750
 5.56218  1.01064
 5.63303  0.99794
 5.70389  0.98129
 5.77475  0.96984
 5.84560  0.95733
 5.91646  0.94891
 5.98731  0.94161
 6.05817  0.93827
 6.12902  0.93643
 6.19988  0.94160
 6.27074  0.94016
 6.34159  0.94395
 6.41245  0.94705
 6.48330  0.95559
 6.55416  0.95822
 6.62501  0.96623
 6.69587  0.97168
 6.76673  0.97786
 6.83758  0.98641
 6.90844  0.99283
 6.97929  0.99664
 7.05015  1.00266
 7.12100  1.00866
 7.19186  1.01516
 7.26272  1.01890
 7.33357  1.02061
 7.40443  1.02125
 7.47528  1.02268
 7.54614  1.02324
 7.61700  1.02213
 7.68785  1.02165
 7.75871  1.01828
 7.82956  1.01516
 7.90042  1.01253
 7.97127  1.00953
 8.04213  1.00543
 8.11299  1.00415
 8.18384  1.00335
 8.25470  1.00100
 8.32555  0.99655
 8.39641  0.99875
 8.46726  0.99754
 8.53812  0.99615
 8.60898  0.99647
 8.67983  0.99776
 8.75069  0.99511
 8.82154  0.99590
 8.89240  0.99723
 8.96325  0.99753
 9.03411  0.99661
 9.10497  0.99583
 9.17582  0.99680
 9.24668  0.99759
 9.31753  0.99669
 9.38839  0.99800
 9.45925  0.99710
 9.53010  0.99923
 9.60096  0.99587
 9.67181  0.99864
 9.74267  0.99837
 9.81352  0.99920
 9.88438  0.99959
 9.95524  0.99998
10.02609  0.99910
10.09695  0.99933
10.16780  0.99982
10.23866  0.99985
10.30951  1.00027
10.38037  1.00134
10.45123  1.00075
10.52208  1.00185
10.59294  1.00103
10.66379  1.00117
10.73465  1.00100
10.80550  1.00192
10.87636  1.00215
10.94722  1.00167
11.01807  1.00132
11.08893  1.00109
11.15978  1.00166
11.23064  1.00177
11.30150  1.00235
11.37235  1.00071
11.44321  1.00138
11.51406  1.00209
11.58492  1.00162
11.65577  0.99960
11.72663  1.00032
11.79749  1.00060
11.86834  1.00042
11.93920  1.00089
12.01005  0.99953
12.08091  0.99942
12.15176  0.99982
12.22262  1.00091
12.29348  0.99940
12.36433  1.00092
12.43519  0.99984
12.50604  1.00013
12.57690  0.99956
12.64775  0.99861
12.71861  0.99995
12.78947  1.00022
12.86032  1.00152
12.93118  1.00052
13.00203  0.99921
13.07289  1.00098
13.14375  1.00085
13.21460  1.00081
13.28546  0.99990
13.35631  1.00119
13.42717  1.00145
13.49802  1.00087
13.56888  1.00088
13.63974  1.00019
13.71059  1.00108
13.78145  1.00108
13.85230  1.00118
13.92316  1.00103
13.99401  1.00126
14.06487  1.00158
14.13573  0.99942
14.20658  1.00057
14.27744  1.00186
14.34829  1.00078
14.41915  1.00035
14.49000  1.00041
14.56086  1.00122
14.63172  0.99964
14.70257  1.00090
14.77343  1.00088
14.84428  1.00112
14.91514  0.99987
14.98600  1.00045
15.05685  1.00033
15.12771  1.00085
15.19856  1.00060
15.26942  1.00190
15.34027  1.00016
15.41113  1.00126
15.48199  1.00025
15.55284  0.99997
15.62370  1.00157
15.69455  1.00013
15.76541  1.00109
15.83626  1.00122
15.90712  1.00117
15.97798  1.00033
16.04883  1.00059
16.11969  1.00072
16.19054  1.00071
16.26140  1.00195
16.33225  1.00099
16.40311  1.00079
16.47397  1.00071
16.54482  1.00114
16.61568  1.00152
16.68653  1.00050
16.75739  1.00039
16.82825  1.00119
16.89910  1.00077
16.96996  0.99981
17.04081  1.00073
17.11167  1.00071
17.18252  1.00117
17.25338  1.00154
17.32424  1.00067
17.39509  1.00118
17.46595  1.00028
17.53680  0.99991
17.60766  1.00084
17.67851  1.00088
17.74937  1.00081
17.82023  1.00050
17.89108  1.00141
17.96194  1.00105
18.03279  1.00091
18.10365  1.00085
18.17450  1.00067
18.24536  1.00127
18.31622  1.00023
18.38707  1.00144
18.45793  1.00025
18.52878  1.00066
18.59964  1.00079
18.67050  1.00026
18.74135  1.00033
18.81221  1.00105
18.88306  1.00062
18.95392  1.00104
19.02477  1.00094
19.09563  1.00177
19.16649  1.00115
19.23734  1.00076
19.30820  1.00012
19.37905  1.00078
19.44991  1.00053
19.52076  1.00108
19.59162  1.00064
19.66248  1.00097
19.73333  1.00106
19.80419  1.00094
19.87504  1.00041
19.94590  1.00124
20.01675  0.99984
20.08761  1.00172
20.15847  1.00055
20.22932  1.00052
20.30018  1.00096
20.37103  1.00064
20.44189  1.00062
20.51275  1.00111
20.58360  1.00039
20.65446  1.00093
20.72531  1.00108
20.79617  1.00057
20.86702  1.00078
20.93788  1.00071
21.00874  1.00044
21.07959  1.00059
21.15045  1.00057
21.22130  1.00000
