 0.03543  0.00000
 0.10628  0.00000
 0.17714  0.00000
 0.24800  0.00000
 0.31885  0.00000
 0.38971  0.00000
 0.46056  0.00000
 0.53142  0.00000
 0.60227  0.00000
 0.67313  0.00000
 0.74399  0.00000
 0.81484  0.00000
 0.88570  0.00000
 0.95655  0.00000
 1.02741  0.00000
 1.09826  0.00000
 1.16912  0.00000
 1.23998  0.00000
 1.31083  0.00000
 1.38169  0.00000
 1.45254  0.00000
 1.52340  0.00000
 1.59425  0.00000
 1.66511  0.00000
 1.73597  0.00000
 1.80682  0.00000
 1.87768  0.00000
 1.94853  0.00000
 2.01939  0.00000
 2.09025  0.00000
 2.16110  0.00000
 2.23196  0.00000
 2.30281  0.00000
 2.37367  0.00000
 2.44452  0.00000
 2.51538  0.00000
 2.58624  0.00000
 2.65709  0.00003
 2.72795  0.00040
 2.79880  0.00505
 2.86966  0.03102
 2.94051  0.10804
 3.01137  0.27268
 3.08223  0.53043
 3.15308  0.83098
 3.22394  1.11196
 3.29479  1.34827
 3.36565  1.52402
 3.43650  1.64932
 3.50736  1.69663
 3.57822  1.65580
 3.64907  1.56464
 3.71993  1.43559
 3.79078  1.29695
 3.86164  1.14982
 3.93250  1.00562
 4.00335  0.88731
 4.07421  0.81421
 4.14506  0.78598
 4.21592  0.78534
 4.28677  0.80590
 4.35763  0.84419
 4.42849  0.89651
 4.49934  0.95058
 4.57020  1.00135
 4.64105  1.04954
 4.71191  1.08365
 4.78276  1.10349
 4.85362  1.11656
 4.92448  1.11727
 4.99533  1.10942
 5.06619  1.10506
 5.13704  1.09128
 5.20790  1.08028
 5.27875  1.06812
 5.34961  1.05214
 5.42047  1.04392
 5.49132  1.03406
 5.56218  1.02802
 5.63303  1.02046
 5.70389  1.01280
 5.77475  1.00501
 5.84560  0.99923
 5.91646  0.99063
 5.98731  0.98677
 6.05817  0.97176
 6.12902  0.96553
 6.19988  0.95477
 6.27074  0.94692
 6.34159  0.94471
 6.41245  0.93443
 6.48330  0.93161
 6.55416  0.93047
 6.62501  0.93656
 6.69587  0.93913
 6.76673  0.94662
 6.83758  0.95618
 6.90844  0.96529
 6.97929  0.97910
 7.05015  0.98708
 7.12100  1.00069
 7.19186  1.01452
 7.26272  1.02007
 7.33357  1.03003
 7.40443  1.03613
 7.47528  1.04164
 7.54614  1.04218
 7.61700  1.04452
 7.68785  1.04274
 7.75871  1.03993
 7.82956  1.03646
 7.90042  1.03343
 7.97127  1.02944
 8.04213  1.02363
 8.11299  1.02139
 8.18384  1.01386
 8.25470  1.00876
 8.32555  1.00704
 8.39641  1.00111
 8.46726  0.99630
 8.53812  0.99476
 8.60898  0.98994
 8.67983  0.98882
 8.75069  0.98967
 8.82154  0.98930
 8.89240  0.98664
 8.96325  0.98628
 9.03411  0.98615
 9.10497  0.98803
 9.17582  0.98934
 9.24668  0.99060
 9.31753  0.99174
 9.38839  0.99295
 9.45925  0.99592
 9.53010  0.99475
 9.60096  0.99982
 9.67181  1.00084
 9.74267  1.00217
 9.81352  1.00303
 9.88438  1.00413
 9.95524  1.00295
10.02609  1.00483
10.09695  1.00650
10.16780  1.00771
10.23866  1.00741
10.30951  1.00580
10.38037  1.00490
10.45123  1.00483
10.52208  1.00500
10.59294  1.00309
10.66379  1.00372
10.73465  1.00371
10.80550  1.00201
10.87636  1.00127
10.94722  1.00120
11.01807  1.00141
11.08893  0.99887
11.15978  1.00139
11.23064  1.00080
11.30150  1.00104
11.37235  1.00143
11.44321  1.00080
11.51406  0.99911
11.58492  1.00186
11.65577  1.00138
11.72663  0.99993
11.79749  1.00102
11.86834  1.00113
11.93920  1.00083
12.01005  1.00220
12.08091  1.00076
12.15176  1.00177
12.22262  1.00110
12.29348  1.00138
12.36433  1.00120
12.43519  1.00172
12.50604  1.00097
12.57690  1.00070
12.64775  1.00088
12.71861  1.00058
12.78947  1.00116
12.86032  1.00071
12.93118  1.00059
13.00203  1.00081
13.07289  1.00055
13.14375  1.00090
13.21460  1.00050
13.28546  1.00184
13.35631  1.00071
13.42717  1.00212
13.49802  1.00101
13.56888  1.00087
13.63974  1.00041
13.71059  1.00166
13.78145  1.00148
13.85230  1.00229
13.92316  1.00047
13.99401  1.00158
14.06487  1.00058
14.13573  1.00192
14.20658  1.00155
14.27744  1.00088
14.34829  1.00089
14.41915  1.00120
14.49000  1.00146
14.56086  1.00098
14.63172  1.00169
14.70257  1.00136
14.77343  1.00137
14.84428  1.00082
14.91514  1.00123
14.98600  1.00101
15.05685  0.99994
15.12771  1.00117
15.19856  1.00164
15.26942  1.00034
15.34027  1.00036
15.41113  1.00201
15.48199  0.99983
15.55284  1.00127
15.62370  1.00073
15.69455  1.00105
15.76541  1.00075
15.83626  1.00110
15.90712  1.00059
15.97798  1.00120
16.04883  1.00146
16.11969  1.00103
16.19054  1.00088
16.26140  1.00150
16.33225  1.00192
16.40311  1.00055
16.47397  1.00139
16.54482  1.00137
16.61568  1.00146
16.68653  1.00101
16.75739  1.00046
16.82825  1.00195
16.89910  1.00063
16.96996  0.99979
17.04081  1.00124
17.11167  1.00130
17.18252  1.00132
17.25338  0.99996
17.32424  1.00152
17.39509  1.00146
17.46595  1.00105
17.53680  1.00052
17.60766  1.00130
17.67851  1.00142
17.74937  1.00084
17.82023  1.00101
17.89108  1.00161
17.96194  1.00108
18.03279  1.00055
18.10365  1.00120
18.17450  1.00154
18.24536  1.00099
18.31622  1.00064
18.38707  1.00070
18.45793  1.00098
18.52878  1.00071
18.59964  1.00033
18.67050  1.00170
18.74135  1.00146
18.81221  1.00114
18.88306  1.00169
18.95392  1.00190
19.02477  1.00013
19.09563  1.00150
19.16649  1.00037
19.23734  1.00096
19.30820  1.00058
19.37905  1.00062
19.44991  1.00138
19.52076  1.00102
19.59162  1.00075
19.66248  1.00116
19.73333  1.00085
19.80419  1.00144
19.87504  1.00108
19.94590  1.00120
20.01675  1.00101
20.08761  1.00122
20.15847  1.00115
20.22932  1.00070
20.30018  1.00152
20.37103  1.00091
20.44189  1.00103
20.51275  1.00031
20.58360  1.00096
20.65446  1.00073
20.72531  1.00086
20.79617  1.00107
20.86702  1.00092
20.93788  1.00069
21.00874  1.00090
21.07959  1.00049
21.15045  1.00119
21.22130  1.00038
