 0.03543      inf
 0.10628      inf
 0.17714      inf
 0.24800      inf
 0.31885      inf
 0.38971      inf
 0.46056      inf
 0.53142      inf
 0.60227      inf
 0.67313      inf
 0.74399      inf
 0.81484      inf
 0.88570      inf
 0.95655      inf
 1.02741      inf
 1.09826      inf
 1.16912      inf
 1.23998      inf
 1.31083      inf
 1.38169      inf
 1.45254      inf
 1.52340      inf
 1.59425      inf
 1.66511      inf
 1.73597      inf
 1.80682      inf
 1.87768      inf
 1.94853      inf
 2.01939      inf
 2.09025      inf
 2.16110      inf
 2.23196      inf
 2.30281      inf
 2.37367      inf
 2.44452      inf
 2.51538      inf
 2.58624      inf
 2.65709  6.22784
 2.72795  4.63009
 2.79880  3.13048
 2.86966  2.05616
 2.94051  1.31738
 3.01137  0.76928
 3.08223  0.37537
 3.15308  0.10961
 3.22394 -0.06283
 3.29479 -0.17690
 3.36565 -0.24944
 3.43650 -0.29622
 3.50736 -0.31296
 3.57822 -0.29854
 3.64907 -0.26501
 3.71993 -0.21405
 3.79078 -0.15393
 3.86164 -0.08265
 3.93250 -0.00332
 4.00335  0.07078
 4.07421  0.12168
 4.14506  0.14257
 4.21592  0.14305
 4.28677  0.12775
 4.35763  0.10027
 4.42849  0.06467
 4.49934  0.03000
 4.57020 -0.00080
 4.64105 -0.02862
 4.71191 -0.04756
 4.78276 -0.05830
 4.85362 -0.06527
 4.92448 -0.06565
 4.99533 -0.06147
 5.06619 -0.05914
 5.13704 -0.05171
 5.20790 -0.04572
 5.27875 -0.03901
 5.34961 -0.03009
 5.42047 -0.02545
 5.49132 -0.01983
 5.56218 -0.01636
 5.63303 -0.01199
 5.70389 -0.00753
 5.77475 -0.00296
 5.84560  0.00046
 5.91646  0.00558
 5.98731  0.00788
 6.05817  0.01696
 6.12902  0.02077
 6.19988  0.02740
 6.27074  0.03229
 6.34159  0.03367
 6.41245  0.04015
 6.48330  0.04194
 6.55416  0.04266
 6.62501  0.03880
 6.69587  0.03718
 6.76673  0.03248
 6.83758  0.02653
 6.90844  0.02092
 6.97929  0.01250
 7.05015  0.00770
 7.12100 -0.00041
 7.19186 -0.00853
 7.26272 -0.01176
 7.33357 -0.01752
 7.40443 -0.02101
 7.47528 -0.02415
 7.54614 -0.02446
 7.61700 -0.02578
 7.68785 -0.02478
 7.75871 -0.02318
 7.82956 -0.02120
 7.90042 -0.01947
 7.97127 -0.01717
 8.04213 -0.01383
 8.11299 -0.01253
 8.18384 -0.00815
 8.25470 -0.00517
 8.32555 -0.00415
 8.39641 -0.00066
 8.46726  0.00219
 8.53812  0.00311
 8.60898  0.00599
 8.67983  0.00665
 8.75069  0.00615
 8.82154  0.00637
 8.89240  0.00796
 8.96325  0.00818
 9.03411  0.00826
 9.10497  0.00713
 9.17582  0.00634
 9.24668  0.00559
 9.31753  0.00491
 9.38839  0.00419
 9.45925  0.00242
 9.53010  0.00311
 9.60096  0.00011
 9.67181 -0.00050
 9.74267 -0.00128
 9.81352 -0.00179
 9.88438 -0.00244
 9.95524 -0.00174
10.02609 -0.00285
10.09695 -0.00384
10.16780 -0.00455
10.23866 -0.00437
10.30951 -0.00343
10.38037 -0.00289
10.45123 -0.00285
10.52208 -0.00295
10.59294 -0.00183
10.66379 -0.00220
10.73465 -0.00219
10.80550 -0.00119
10.87636 -0.00075
10.94722 -0.00071
11.01807 -0.00083
11.08893  0.00067
11.15978 -0.00082
11.23064 -0.00047
11.30150 -0.00061
11.37235 -0.00085
11.44321 -0.00048
11.51406  0.00053
11.58492 -0.00110
11.65577 -0.00082
11.72663  0.00004
11.79749 -0.00060
11.86834 -0.00067
11.93920 -0.00049
12.01005 -0.00130
12.08091 -0.00045
12.15176 -0.00105
12.22262 -0.00065
12.29348 -0.00082
12.36433 -0.00071
12.43519 -0.00102
12.50604 -0.00057
12.57690 -0.00041
12.64775 -0.00052
12.71861 -0.00035
12.78947 -0.00069
12.86032 -0.00042
12.93118 -0.00035
13.00203 -0.00048
13.07289 -0.00032
13.14375 -0.00053
13.21460 -0.00030
13.28546 -0.00109
13.35631 -0.00042
13.42717 -0.00125
13.49802 -0.00060
13.56888 -0.00051
13.63974 -0.00025
13.71059 -0.00098
13.78145 -0.00088
13.85230 -0.00136
13.92316 -0.00028
13.99401 -0.00094
14.06487 -0.00034
14.13573 -0.00114
14.20658 -0.00091
14.27744 -0.00052
14.34829 -0.00053
14.41915 -0.00071
14.49000 -0.00086
14.56086 -0.00058
14.63172 -0.00100
14.70257 -0.00080
14.77343 -0.00081
14.84428 -0.00049
14.91514 -0.00072
14.98600 -0.00060
15.05685  0.00004
15.12771 -0.00069
15.19856 -0.00097
15.26942 -0.00020
15.34027 -0.00022
15.41113 -0.00119
15.48199  0.00010
15.55284 -0.00075
15.62370 -0.00043
15.69455 -0.00062
15.76541 -0.00044
15.83626 -0.00065
15.90712 -0.00035
15.97798 -0.00071
16.04883 -0.00087
16.11969 -0.00061
16.19054 -0.00052
16.26140 -0.00089
16.33225 -0.00113
16.40311 -0.00033
16.47397 -0.00082
16.54482 -0.00081
16.61568 -0.00087
16.68653 -0.00060
16.75739 -0.00027
16.82825 -0.00115
16.89910 -0.00038
16.96996  0.00013
17.04081 -0.00074
17.11167 -0.00077
17.18252 -0.00078
17.25338  0.00002
17.32424 -0.00090
17.39509 -0.00087
17.46595 -0.00062
17.53680 -0.00031
17.60766 -0.00077
17.67851 -0.00084
17.74937 -0.00050
17.82023 -0.00059
17.89108 -0.00095
17.96194 -0.00064
18.03279 -0.00032
18.10365 -0.00071
18.17450 -0.00091
18.24536 -0.00059
18.31622 -0.00038
18.38707 -0.00041
18.45793 -0.00058
18.52878 -0.00042
18.59964 -0.00019
18.67050 -0.00101
18.74135 -0.00086
18.81221 -0.00067
18.88306 -0.00100
18.95392 -0.00112
19.02477 -0.00008
19.09563 -0.00089
19.16649 -0.00022
19.23734 -0.00057
19.30820 -0.00034
19.37905 -0.00037
19.44991 -0.00082
19.52076 -0.00060
19.59162 -0.00045
19.66248 -0.00069
19.73333 -0.00051
19.80419 -0.00085
19.87504 -0.00064
19.94590 -0.00071
20.01675 -0.00060
20.08761 -0.00072
20.15847 -0.00068
20.22932 -0.00041
20.30018 -0.00090
20.37103 -0.00054
20.44189 -0.00061
20.51275 -0.00018
20.58360 -0.00057
20.65446 -0.00043
20.72531 -0.00051
20.79617 -0.00064
20.86702 -0.00054
20.93788 -0.00041
21.00874 -0.00053
21.07959 -0.00029
21.15045 -0.00070
21.22130 -0.00022
