 0.03543      inf      nan
 0.10628      inf      nan
 0.17714      inf      nan
 0.24800      inf      nan
 0.31885      inf      nan
 0.38971      inf      nan
 0.46056      inf      nan
 0.53142      inf      nan
 0.60227      inf      nan
 0.67313      inf      nan
 0.74399      inf      nan
 0.81484      inf      nan
 0.88570      inf      nan
 0.95655      inf      nan
 1.02741      inf      nan
 1.09826      inf      nan
 1.16912      inf      nan
 1.23998      inf      nan
 1.31083      inf      nan
 1.38169      inf      nan
 1.45254      inf      nan
 1.52340      inf      nan
 1.59425      inf      nan
 1.66511      inf      nan
 1.73597      inf      nan
 1.80682      inf      nan
 1.87768      inf      nan
 1.94853      inf      nan
 2.01939      inf      nan
 2.09025      inf      nan
 2.16110      inf      nan
 2.23196      inf      nan
 2.30281      inf      nan
 2.37367      inf      nan
 2.44452      inf      nan
 2.51538      inf      nan
 2.58624      inf      nan
 2.65709      inf      nan
 2.72795      inf      nan
 2.79880      inf      nan
 2.86966  3.35386  0.29244
 2.94051  2.13349  0.10524
 3.01137  1.19471  0.04154
 3.08223  0.48614  0.02388
 3.15308  0.07267  0.01806
 3.22394 -0.22130  0.01247
 3.29479 -0.37647  0.01149
 3.36565 -0.47995  0.01056
 3.43650 -0.54062  0.00939
 3.50736 -0.56186  0.01005
 3.57822 -0.58858  0.00766
 3.64907 -0.59022  0.00855
 3.71993 -0.55777  0.00952
 3.79078 -0.51806  0.00968
 3.86164 -0.45742  0.00777
 3.93250 -0.36515  0.00922
 4.00335 -0.26213  0.00998
 4.07421 -0.16102  0.01104
 4.14506 -0.07511  0.01165
 4.21592 -0.00751  0.01249
 4.28677  0.03567  0.01149
 4.35763  0.04205  0.01226
 4.42849  0.06546  0.01185
 4.49934  0.03712  0.01173
 4.57020  0.02553  0.01071
 4.64105 -0.03369  0.01137
 4.71191 -0.02730  0.00944
 4.78276 -0.05858  0.00981
 4.85362 -0.09254  0.00933
 4.92448 -0.10716  0.00986
 4.99533 -0.14475  0.00901
 5.06619 -0.15892  0.00827
 5.13704 -0.17586  0.00820
 5.20790 -0.19067  0.00805
 5.27875 -0.19735  0.00852
 5.34961 -0.18901  0.00893
 5.42047 -0.21373  0.00797
 5.49132 -0.21572  0.00780
 5.56218 -0.22025  0.00804
 5.63303 -0.22351  0.00778
 5.70389 -0.19905  0.00758
 5.77475 -0.21471  0.00727
 5.84560 -0.20562  0.00769
 5.91646 -0.22140  0.00731
 5.98731 -0.20697  0.00793
 6.05817 -0.20235  0.00677
 6.12902 -0.20867  0.00768
 6.19988 -0.18502  0.00714
 6.27074 -0.16583  0.00733
 6.34159 -0.15366  0.00799
 6.41245 -0.14366  0.00757
 6.48330 -0.13137  0.00655
 6.55416 -0.09579  0.00718
 6.62501 -0.07970  0.00721
 6.69587 -0.06542  0.00717
 6.76673 -0.05548  0.00744
 6.83758 -0.05725  0.00746
 6.90844 -0.04538  0.00763
 6.97929 -0.03272  0.00749
 7.05015 -0.04004  0.00689
 7.12100 -0.04341  0.00673
 7.19186 -0.03907  0.00783
 7.26272 -0.04367  0.00704
 7.33357 -0.04599  0.00724
 7.40443 -0.05656  0.00625
 7.47528 -0.05714  0.00649
 7.54614 -0.06354  0.00579
 7.61700 -0.06408  0.00653
 7.68785 -0.07265  0.00635
 7.75871 -0.06744  0.00596
 7.82956 -0.08276  0.00595
 7.90042 -0.07490  0.00582
 7.97127 -0.09210  0.00582
 8.04213 -0.08655  0.00621
 8.11299 -0.07447  0.00581
 8.18384 -0.07449  0.00602
 8.25470 -0.08192  0.00569
 8.32555 -0.07201  0.00577
 8.39641 -0.07836  0.00535
 8.46726 -0.07265  0.00636
 8.53812 -0.06843  0.00567
 8.60898 -0.06101  0.00578
 8.67983 -0.05998  0.00551
 8.75069 -0.05985  0.00599
 8.82154 -0.05170  0.00590
 8.89240 -0.06615  0.00500
 8.96325 -0.04887  0.00598
 9.03411 -0.03916  0.00592
 9.10497 -0.04704  0.00572
 9.17582 -0.04636  0.00549
 9.24668 -0.04682  0.00534
 9.31753 -0.03700  0.00506
 9.38839 -0.03764  0.00525
 9.45925 -0.03846  0.00544
 9.53010 -0.03482  0.00466
 9.60096 -0.02385  0.00540
 9.67181 -0.03245  0.00522
 9.74267 -0.03548  0.00478
 9.81352 -0.03008  0.00510
 9.88438 -0.03800  0.00488
 9.95524 -0.03164  0.00482
10.02609 -0.02859  0.00514
10.09695 -0.02365  0.00468
10.16780 -0.02687  0.00499
10.23866 -0.02760  0.00433
10.30951 -0.03104  0.00493
10.38037 -0.03565  0.00474
10.45123 -0.02278  0.00452
10.52208 -0.02726  0.00495
10.59294 -0.02641  0.00444
10.66379 -0.03319  0.00442
10.73465 -0.02377  0.00439
10.80550 -0.02527  0.00487
10.87636 -0.02167  0.00431
10.94722 -0.01405  0.00439
11.01807 -0.02484  0.00426
11.08893 -0.02688  0.00398
11.15978 -0.02323  0.00432
11.23064 -0.02466  0.00439
11.30150 -0.02154  0.00465
11.37235 -0.02032  0.00461
11.44321 -0.02369  0.00435
11.51406 -0.02048  0.00466
11.58492 -0.02265  0.00428
11.65577 -0.01773  0.00434
11.72663 -0.02022  0.00451
11.79749 -0.01154  0.00383
11.86834 -0.02082  0.00417
11.93920 -0.02111  0.00473
12.01005 -0.01578  0.00370
12.08091 -0.01282  0.00409
12.15176 -0.01803  0.00395
12.22262 -0.01021  0.00436
12.29348 -0.02131  0.00421
12.36433 -0.01072  0.00408
12.43519 -0.01569  0.00360
12.50604 -0.01515  0.00385
12.57690 -0.01716  0.00370
12.64775 -0.01188  0.00424
12.71861 -0.01708  0.00399
12.78947 -0.01708  0.00368
12.86032 -0.01940  0.00379
12.93118 -0.00928  0.00386
13.00203 -0.01004  0.00409
13.07289 -0.00957  0.00417
13.14375 -0.00765  0.00388
13.21460 -0.01219  0.00382
13.28546 -0.01628  0.00362
13.35631 -0.00991  0.00394
13.42717 -0.00708  0.00374
13.49802 -0.00410  0.00358
13.56888 -0.00199  0.00398
13.63974 -0.00482  0.00357
13.71059 -0.00556  0.00353
13.78145 -0.00700  0.00365
13.85230 -0.01179  0.00351
13.92316 -0.00633  0.00356
13.99401 -0.00928  0.00341
14.06487 -0.01557  0.00342
14.13573 -0.01036  0.00352
14.20658 -0.00351  0.00341
14.27744 -0.00881  0.00365
14.34829 -0.00360  0.00334
14.41915 -0.00096  0.00348
14.49000 -0.00689  0.00347
14.56086 -0.00328  0.00337
14.63172 -0.01571  0.00347
14.70257  0.00065  0.00340
14.77343 -0.00393  0.00353
14.84428 -0.00427  0.00331
14.91514 -0.00738  0.00357
14.98600 -0.00148  0.00330
15.05685 -0.00122  0.00339
15.12771 -0.00497  0.00353
15.19856 -0.00103  0.00338
15.26942 -0.00175  0.00314
15.34027  0.00065  0.00330
15.41113 -0.00032  0.00284
15.48199  0.00104  0.00317
15.55284  0.00361  0.00340
15.62370 -0.00269  0.00331
15.69455 -0.00127  0.00333
15.76541 -0.00145  0.00310
15.83626  0.00163  0.00295
15.90712 -0.00035  0.00323
15.97798 -0.00319  0.00332
16.04883 -0.00100  0.00309
16.11969  0.00387  0.00265
16.19054  0.00314  0.00301
16.26140  0.00466  0.00278
16.33225  0.00098  0.00268
16.40311  0.00093  0.00326
16.47397  0.00221  0.00321
16.54482  0.00194  0.00331
16.61568  0.00348  0.00304
16.68653  0.00065  0.00301
16.75739  0.00303  0.00281
16.82825  0.00700  0.00291
16.89910 -0.00185  0.00266
16.96996  0.00090  0.00285
17.04081  0.00670  0.00315
17.11167  0.00374  0.00294
17.18252  0.00175  0.00270
17.25338  0.00594  0.00277
17.32424  0.00275  0.00296
17.39509  0.00348  0.00299
17.46595  0.00744  0.00295
17.53680  0.00438  0.00304
17.60766  0.00620  0.00293
17.67851  0.00368  0.00298
17.74937  0.00288  0.00222
17.82023  0.00244  0.00290
17.89108  0.00321  0.00291
17.96194  0.00295  0.00296
18.03279  0.00356  0.00301
18.10365  0.00508  0.00246
18.17450  0.00422  0.00280
18.24536  0.00346  0.00295
18.31622  0.00643  0.00234
18.38707  0.00643  0.00267
18.45793  0.00465  0.00290
18.52878  0.01182  0.00261
18.59964  0.00811  0.00266
18.67050  0.00129  0.00252
18.74135  0.00813  0.00274
18.81221  0.00695  0.00256
18.88306  0.00517  0.00305
18.95392  0.00649  0.00269
19.02477  0.00820  0.00253
19.09563  0.00598  0.00261
19.16649  0.00598  0.00225
19.23734  0.00354  0.00295
19.30820  0.00630  0.00262
19.37905  0.00662  0.00268
19.44991  0.00125  0.00248
19.52076  0.01108  0.00261
19.59162  0.00652  0.00243
19.66248  0.00739  0.00256
19.73333  0.00940  0.00250
19.80419  0.00601  0.00253
19.87504  0.00749  0.00258
19.94590  0.00462  0.00244
20.01675 -0.00174  0.00246
20.08761  0.00757  0.00238
20.15847  0.00930  0.00269
20.22932  0.00789  0.00250
20.30018  0.00896  0.00229
20.37103  0.00437  0.00258
20.44189  0.00740  0.00248
20.51275  0.00617  0.00258
20.58360  0.00755  0.00254
20.65446  0.00697  0.00242
20.72531  0.00939  0.00246
20.79617  0.00892  0.00242
20.86702  0.01113  0.00241
20.93788  0.00689  0.00245
21.00874  0.00786  0.00259
21.07959  0.00839  0.00219
21.15045  0.00707  0.00235
21.22130  0.00960  0.00222
