 0.03543      inf
 0.10628      inf
 0.17714      inf
 0.24800      inf
 0.31885      inf
 0.38971      inf
 0.46056      inf
 0.53142      inf
 0.60227      inf
 0.67313      inf
 0.74399      inf
 0.81484      inf
 0.88570      inf
 0.95655      inf
 1.02741      inf
 1.09826      inf
 1.16912      inf
 1.23998      inf
 1.31083      inf
 1.38169      inf
 1.45254      inf
 1.52340      inf
 1.59425      inf
 1.66511      inf
 1.73597      inf
 1.80682      inf
 1.87768      inf
 1.94853      inf
 2.01939      inf
 2.09025      inf
 2.16110      inf
 2.23196      inf
 2.30281      inf
 2.37367      inf
 2.44452      inf
 2.51538  5.01097
 2.58624  2.57219
 2.65709  1.04641
 2.72795  0.17495
 2.79880 -0.25731
 2.86966 -0.42330
 2.94051 -0.43777
 3.01137 -0.36887
 3.08223 -0.26732
 3.15308 -0.16099
 3.22394 -0.06771
 3.29479  0.01669
 3.36565  0.07796
 3.43650  0.12036
 3.50736  0.14904
 3.57822  0.16613
 3.64907  0.16671
 3.71993  0.16627
 3.79078  0.15452
 3.86164  0.14516
 3.93250  0.12588
 4.00335  0.10844
 4.07421  0.08729
 4.14506  0.06782
 4.21592  0.04943
 4.28677  0.02806
 4.35763  0.00496
 4.42849 -0.01782
 4.49934 -0.03929
 4.57020 -0.06174
 4.64105 -0.08016
 4.71191 -0.08873
 4.78276 -0.09247
 4.85362 -0.09127
 4.92448 -0.08511
 4.99533 -0.07728
 5.06619 -0.06907
 5.13704 -0.06104
 5.20790 -0.05033
 5.27875 -0.04216
 5.34961 -0.03315
 5.42047 -0.02264
 5.49132 -0.01606
 5.56218 -0.00626
 5.63303  0.00122
 5.70389  0.01118
 5.77475  0.01813
 5.84560  0.02582
 5.91646  0.03104
 5.98731  0.03561
 6.05817  0.03772
 6.12902  0.03888
 6.19988  0.03562
 6.27074  0.03653
 6.34159  0.03415
 6.41245  0.03221
 6.48330  0.02689
 6.55416  0.02526
 6.62501  0.02034
 6.69587  0.01701
 6.76673  0.01325
 6.83758  0.00810
 6.90844  0.00426
 6.97929  0.00200
 7.05015 -0.00157
 7.12100 -0.00510
 7.19186 -0.00891
 7.26272 -0.01108
 7.33357 -0.01207
 7.40443 -0.01245
 7.47528 -0.01328
 7.54614 -0.01360
 7.61700 -0.01296
 7.68785 -0.01268
 7.75871 -0.01072
 7.82956 -0.00891
 7.90042 -0.00737
 7.97127 -0.00561
 8.04213 -0.00320
 8.11299 -0.00245
 8.18384 -0.00198
 8.25470 -0.00059
 8.32555  0.00205
 8.39641  0.00074
 8.46726  0.00146
 8.53812  0.00228
 8.60898  0.00209
 8.67983  0.00133
 8.75069  0.00290
 8.82154  0.00243
 8.89240  0.00164
 8.96325  0.00147
 9.03411  0.00201
 9.10497  0.00248
 9.17582  0.00190
 9.24668  0.00143
 9.31753  0.00197
 9.38839  0.00118
 9.45925  0.00172
 9.53010  0.00045
 9.60096  0.00245
 9.67181  0.00081
 9.74267  0.00097
 9.81352  0.00048
 9.88438  0.00024
 9.95524  0.00001
10.02609  0.00054
10.09695  0.00040
10.16780  0.00011
10.23866  0.00009
10.30951 -0.00016
10.38037 -0.00079
10.45123 -0.00045
10.52208 -0.00109
10.59294 -0.00061
10.66379 -0.00069
10.73465 -0.00059
10.80550 -0.00113
10.87636 -0.00127
10.94722 -0.00099
11.01807 -0.00078
11.08893 -0.00065
11.15978 -0.00098
11.23064 -0.00105
11.30150 -0.00139
11.37235 -0.00042
11.44321 -0.00082
11.51406 -0.00123
11.58492 -0.00096
11.65577  0.00024
11.72663 -0.00019
11.79749 -0.00035
11.86834 -0.00025
11.93920 -0.00053
12.01005  0.00028
12.08091  0.00034
12.15176  0.00010
12.22262 -0.00054
12.29348  0.00035
12.36433 -0.00054
12.43519  0.00010
12.50604 -0.00007
12.57690  0.00026
12.64775  0.00083
12.71861  0.00003
12.78947 -0.00013
12.86032 -0.00090
12.93118 -0.00031
13.00203  0.00047
13.07289 -0.00058
13.14375 -0.00050
13.21460 -0.00048
13.28546  0.00006
13.35631 -0.00070
13.42717 -0.00086
13.49802 -0.00052
13.56888 -0.00052
13.63974 -0.00011
13.71059 -0.00064
13.78145 -0.00064
13.85230 -0.00070
13.92316 -0.00061
13.99401 -0.00074
14.06487 -0.00094
14.13573  0.00034
14.20658 -0.00034
14.27744 -0.00110
14.34829 -0.00046
14.41915 -0.00021
14.49000 -0.00024
14.56086 -0.00072
14.63172  0.00021
14.70257 -0.00054
14.77343 -0.00052
14.84428 -0.00066
14.91514  0.00008
14.98600 -0.00027
15.05685 -0.00019
15.12771 -0.00050
15.19856 -0.00036
15.26942 -0.00113
15.34027 -0.00010
15.41113 -0.00074
15.48199 -0.00015
15.55284  0.00002
15.62370 -0.00093
15.69455 -0.00008
15.76541 -0.00064
15.83626 -0.00072
15.90712 -0.00069
15.97798 -0.00019
16.04883 -0.00035
16.11969 -0.00043
16.19054 -0.00042
16.26140 -0.00115
16.33225 -0.00059
16.40311 -0.00047
16.47397 -0.00042
16.54482 -0.00068
16.61568 -0.00090
16.68653 -0.00030
16.75739 -0.00023
16.82825 -0.00070
16.89910 -0.00046
16.96996  0.00011
17.04081 -0.00043
17.11167 -0.00042
17.18252 -0.00069
17.25338 -0.00091
17.32424 -0.00040
17.39509 -0.00070
17.46595 -0.00017
17.53680  0.00005
17.60766 -0.00050
17.67851 -0.00052
17.74937 -0.00048
17.82023 -0.00030
17.89108 -0.00083
17.96194 -0.00062
18.03279 -0.00054
18.10365 -0.00050
18.17450 -0.00040
18.24536 -0.00075
18.31622 -0.00014
18.38707 -0.00085
18.45793 -0.00015
18.52878 -0.00039
18.59964 -0.00047
18.67050 -0.00016
18.74135 -0.00019
18.81221 -0.00062
18.88306 -0.00037
18.95392 -0.00062
19.02477 -0.00056
19.09563 -0.00105
19.16649 -0.00068
19.23734 -0.00045
19.30820 -0.00007
19.37905 -0.00046
19.44991 -0.00031
19.52076 -0.00064
19.59162 -0.00038
19.66248 -0.00058
19.73333 -0.00063
19.80419 -0.00056
19.87504 -0.00024
19.94590 -0.00073
20.01675  0.00009
20.08761 -0.00102
20.15847 -0.00033
20.22932 -0.00031
20.30018 -0.00057
20.37103 -0.00038
20.44189 -0.00037
20.51275 -0.00066
20.58360 -0.00023
20.65446 -0.00055
20.72531 -0.00064
20.79617 -0.00034
20.86702 -0.00046
20.93788 -0.00042
21.00874 -0.00026
21.07959 -0.00035
21.15045 -0.00034
21.22130 -0.00000
