 0.03538  0.00000
 0.10615  0.00000
 0.17691  0.00000
 0.24767  0.00000
 0.31844  0.00000
 0.38920  0.00000
 0.45997  0.00000
 0.53073  0.00000
 0.60150  0.00000
 0.67226  0.00000
 0.74302  0.00000
 0.81379  0.00000
 0.88455  0.00000
 0.95532  0.00000
 1.02608  0.00000
 1.09684  0.00000
 1.16761  0.00000
 1.23837  0.00000
 1.30914  0.00000
 1.37990  0.00000
 1.45067  0.00000
 1.52143  0.00000
 1.59219  0.00000
 1.66296  0.00000
 1.73372  0.00000
 1.80449  0.00000
 1.87525  0.00000
 1.94601  0.00000
 2.01678  0.00000
 2.08754  0.00000
 2.15831  0.00000
 2.22907  0.00032
 2.29983  0.00598
 2.37060  0.02686
 2.44136  0.09362
 2.51213  0.21929
 2.58289  0.39912
 2.65366  0.59822
 2.72442  0.78796
 2.79518  0.96455
 2.86595  1.09908
 2.93671  1.20869
 3.00748  1.30374
 3.07824  1.33749
 3.14900  1.40096
 3.21977  1.40952
 3.29053  1.43050
 3.36130  1.47381
 3.43206  1.46868
 3.50283  1.50328
 3.57359  1.51031
 3.64435  1.51680
 3.71512  1.54718
 3.78588  1.59108
 3.85665  1.62271
 3.92741  1.67662
 3.99817  1.73335
 4.06894  1.83132
 4.13970  1.91480
 4.21047  2.07354
 4.28123  2.19181
 4.35200  2.38343
 4.42276  2.55930
 4.49352  2.73541
 4.56429  2.95200
 4.63505  3.15360
 4.70582  3.40614
 4.77658  3.72479
 4.84734  4.14509
 4.91811  4.69546
 4.98887  5.34271
 5.05964  6.06475
 5.13040  6.66035
 5.20117  7.00564
 5.27193  7.05556
 5.34269  6.83235
 5.41346  6.38414
 5.48422  5.71996
 5.55499  4.83887
 5.62575  3.87397
 5.69651  3.00915
 5.76728  2.40832
 5.83804  2.01454
 5.90881  1.78240
 5.97957  1.69937
 6.05033  1.65561
 6.12110  1.65559
 6.19186  1.65633
 6.26263  1.67876
 6.33339  1.71029
 6.40416  1.76299
 6.47492  1.79719
 6.54568  1.84327
 6.61645  1.91323
 6.68721  1.99061
 6.75798  2.09748
 6.82874  2.23319
 6.89950  2.42106
 6.97027  2.67937
 7.04103  2.95194
 7.11180  3.16420
 7.18256  3.14956
 7.25333  2.86082
 7.32409  2.37062
 7.39485  1.89785
 7.46562  1.59483
 7.53638  1.42476
 7.60715  1.34283
 7.67791  1.31221
 7.74867  1.27511
 7.81944  1.24601
 7.89020  1.22966
 7.96097  1.20968
 8.03173  1.19442
 8.10250  1.17176
 8.17326  1.16254
 8.24402  1.15148
 8.31479  1.14801
 8.38555  1.13910
 8.45632  1.13237
 8.52708  1.12146
 8.59784  1.13016
 8.66861  1.11717
 8.73937  1.11896
 8.81014  1.11748
 8.88090  1.11381
 8.95167  1.10828
 9.02243  1.10366
 9.09319  1.09751
 9.16396  1.09504
 9.23472  1.09387
 9.30549  1.09019
 9.37625  1.08133
 9.44701  1.08072
 9.51778  1.07710
 9.58854  1.06568
 9.65931  1.06243
 9.73007  1.06166
 9.80084  1.05722
 9.87160  1.05286
 9.94236  1.03949
10.01313  1.04113
10.08389  1.03804
10.15466  1.03308
10.22542  1.03297
10.29618  1.02721
10.36695  1.02347
10.43771  1.02452
10.50848  1.01935
10.57924  1.01938
10.65000  1.01686
10.72077  1.01624
10.79153  1.01191
10.86230  1.01434
10.93306  1.01010
11.00383  1.00461
11.07459  1.00984
11.14535  1.00786
11.21612  1.00779
11.28688  1.00061
11.35765  1.00257
11.42841  0.99750
11.49917  1.00205
11.56994  0.99784
11.64070  0.99689
11.71147  0.99706
11.78223  0.99246
11.85300  0.99755
11.92376  0.99026
11.99452  0.98896
12.06529  0.98823
12.13605  0.98654
12.20682  0.98941
12.27758  0.98608
12.34834  0.97894
12.41911  0.98116
12.48987  0.98348
12.56064  0.98271
12.63140  0.98083
12.70217  0.98137
12.77293  0.98087
12.84369  0.97522
12.91446  0.97343
12.98522  0.97411
13.05599  0.97023
13.12675  0.97287
13.19751  0.96837
13.26828  0.96993
13.33904  0.96741
13.40981  0.97239
13.48057  0.96879
13.55134  0.96594
13.62210  0.96777
13.69286  0.96935
13.76363  0.96960
13.83439  0.96405
13.90516  0.96259
13.97592  0.96324
14.04668  0.96647
14.11745  0.96548
14.18821  0.96377
14.25898  0.96741
14.32974  0.96176
14.40050  0.96121
14.47127  0.96231
14.54203  0.96317
14.61280  0.95861
14.68356  0.95953
14.75433  0.96091
14.82509  0.95518
14.89585  0.95801
14.96662  0.96313
15.03738  0.95603
15.10815  0.95916
15.17891  0.96056
15.24967  0.95940
15.32044  0.96013
15.39120  0.95852
15.46197  0.95984
15.53273  0.95691
15.60350  0.95763
15.67426  0.96060
15.74502  0.95708
15.81579  0.95606
15.88655  0.96003
15.95732  0.95683
16.02808  0.95749
16.09884  0.95650
16.16961  0.95590
16.24037  0.95720
16.31114  0.95783
16.38190  0.95735
16.45267  0.95748
16.52343  0.95355
16.59419  0.95574
16.66496  0.95692
16.73572  0.95880
16.80649  0.95816
16.87725  0.95580
16.94801  0.95658
17.01878  0.95605
17.08954  0.95530
17.16031  0.95452
17.23107  0.95490
17.30184  0.95690
17.37260  0.95488
17.44336  0.95554
17.51413  0.95426
17.58489  0.95751
17.65566  0.95766
17.72642  0.95381
17.79718  0.95854
17.86795  0.95276
17.93871  0.95685
18.00948  0.95772
18.08024  0.95190
18.15100  0.95192
18.22177  0.95559
18.29253  0.95507
18.36330  0.95444
18.43406  0.95058
18.50483  0.95480
18.57559  0.95711
18.64635  0.95661
18.71712  0.95619
18.78788  0.95570
18.85865  0.95567
18.92941  0.95763
19.00017  0.95691
19.07094  0.95629
19.14170  0.95288
19.21247  0.95349
19.28323  0.95528
19.35400  0.95467
19.42476  0.95476
19.49552  0.95457
19.56629  0.95500
19.63705  0.95521
19.70782  0.95537
19.77858  0.95344
19.84934  0.95421
19.92011  0.95467
19.99087  0.95551
20.06164  0.95716
20.13240  0.95613
20.20317  0.95616
20.27393  0.95304
20.34469  0.95495
20.41546  0.95576
20.48622  0.95445
20.55699  0.95362
20.62775  0.95293
20.69851  0.95554
20.76928  0.95246
20.84004  0.95405
20.91081  0.95512
20.98157  0.95488
21.05234  0.95495
21.12310  0.95619
21.19386  0.95325
