 0.03538  0.00000      nan
 0.10615  0.00000      nan
 0.17691  0.00000      nan
 0.24767  0.00000      nan
 0.31844  0.00000      nan
 0.38920  0.00000      nan
 0.45997  0.00000      nan
 0.53073  0.00000      nan
 0.60150  0.00000      nan
 0.67226  0.00000      nan
 0.74302  0.00000      nan
 0.81379  0.00000      nan
 0.88455  0.00000      nan
 0.95532  0.00000      nan
 1.02608  0.00000      nan
 1.09684  0.00000      nan
 1.16761  0.00000      nan
 1.23837  0.00000      nan
 1.30914  0.00000      nan
 1.37990  0.00000      nan
 1.45067  0.00000      nan
 1.52143  0.00000      nan
 1.59219  0.00000      nan
 1.66296  0.00000      nan
 1.73372  0.00000      nan
 1.80449  0.00000      nan
 1.87525  0.00000      nan
 1.94601  0.00000      nan
 2.01678  0.00000      nan
 2.08754  0.00000      nan
 2.15831  0.00000      nan
 2.22907  0.00000      nan
 2.29983  0.00000      nan
 2.37060  0.00000      nan
 2.44136  0.00000      nan
 2.51213  0.00000      nan
 2.58289  0.00000      nan
 2.65366  0.00000      nan
 2.72442  0.00000      nan
 2.79518  0.00000      nan
 2.86595  0.00000      nan
 2.93671  0.00000      nan
 3.00748  0.00000      nan
 3.07824  0.00000      nan
 3.14900  0.00000      nan
 3.21977  0.00069  0.00068
 3.29053  0.00263  0.00136
 3.36130  0.02644  0.00386
 3.43206  0.14494  0.00956
 3.50283  0.74961  0.02102
 3.57359  2.35951  0.04052
 3.64435  6.34838  0.07298
 3.71512 15.27082  0.12128
 3.78588 30.59924  0.18447
 3.85665 42.19336  0.24712
 3.92741 36.94742  0.21183
 3.99817 21.87280  0.13847
 4.06894 11.36642  0.07473
 4.13970  7.32672  0.07315
 4.21047  6.40079  0.06914
 4.28123  6.31281  0.06847
 4.35200  6.32590  0.07408
 4.42276  6.05163  0.07116
 4.49352  5.63495  0.06712
 4.56429  5.09179  0.05978
 4.63505  4.41303  0.05400
 4.70582  3.74582  0.04592
 4.77658  2.94226  0.04050
 4.84734  2.38773  0.03196
 4.91811  1.88337  0.03063
 4.98887  1.65055  0.02943
 5.05964  1.45077  0.02570
 5.13040  1.31319  0.02485
 5.20117  1.30242  0.02485
 5.27193  1.25335  0.02257
 5.34269  1.28841  0.02298
 5.41346  1.21659  0.02291
 5.48422  1.24429  0.02233
 5.55499  1.24022  0.01993
 5.62575  1.30677  0.02352
 5.69651  1.31177  0.02090
 5.76728  1.31314  0.02262
 5.83804  1.35434  0.02278
 5.90881  1.39157  0.02310
 5.97957  1.42468  0.02247
 6.05033  1.45918  0.02162
 6.12110  1.46493  0.02301
 6.19186  1.48099  0.02397
 6.26263  1.51355  0.02207
 6.33339  1.53277  0.02447
 6.40416  1.51278  0.02142
 6.47492  1.49449  0.02228
 6.54568  1.49124  0.02203
 6.61645  1.44018  0.02162
 6.68721  1.44772  0.02182
 6.75798  1.38532  0.02009
 6.82874  1.34364  0.02097
 6.89950  1.29918  0.01994
 6.97027  1.28597  0.01989
 7.04103  1.23155  0.01815
 7.11180  1.20013  0.01816
 7.18256  1.15895  0.01786
 7.25333  1.15903  0.01689
 7.32409  1.08754  0.01572
 7.39485  1.10481  0.01573
 7.46562  1.06661  0.01635
 7.53638  1.07661  0.01494
 7.60715  1.04806  0.01522
 7.67791  1.03125  0.01458
 7.74867  1.05006  0.01467
 7.81944  1.05033  0.01491
 7.89020  1.06437  0.01513
 7.96097  1.07449  0.01426
 8.03173  1.04550  0.01447
 8.10250  1.07022  0.01398
 8.17326  1.07041  0.01396
 8.24402  1.08927  0.01421
 8.31479  1.08294  0.01462
 8.38555  1.08316  0.01332
 8.45632  1.07426  0.01410
 8.52708  1.11236  0.01392
 8.59784  1.12444  0.01436
 8.66861  1.10379  0.01390
 8.73937  1.10499  0.01231
 8.81014  1.10885  0.01483
 8.88090  1.09188  0.01380
 8.95167  1.10913  0.01326
 9.02243  1.10700  0.01366
 9.09319  1.09569  0.01312
 9.16396  1.08510  0.01228
 9.23472  1.09197  0.01273
 9.30549  1.07485  0.01270
 9.37625  1.07876  0.01194
 9.44701  1.05660  0.01231
 9.51778  1.04911  0.01195
 9.58854  1.04251  0.01242
 9.65931  1.03529  0.01226
 9.73007  1.03607  0.01179
 9.80084  1.04367  0.01197
 9.87160  1.03584  0.01190
 9.94236  1.02583  0.01183
10.01313  1.01032  0.01153
10.08389  1.02844  0.01089
10.15466  1.00712  0.01037
10.22542  1.01404  0.01115
10.29618  0.99418  0.01018
10.36695  0.98430  0.01048
10.43771  0.99927  0.01078
10.50848  1.00099  0.01138
10.57924  0.99546  0.01064
10.65000  0.99903  0.01029
10.72077  0.98006  0.00989
10.79153  0.99089  0.01026
10.86230  1.00051  0.00967
10.93306  0.99397  0.00971
11.00383  0.99556  0.00973
11.07459  0.97754  0.00998
11.14535  0.98401  0.01033
11.21612  0.99351  0.00964
11.28688  0.99433  0.00964
11.35765  0.98904  0.00941
11.42841  0.98216  0.00932
11.49917  0.98824  0.00902
11.56994  0.98028  0.00878
11.64070  0.98226  0.00885
11.71147  0.97686  0.00889
11.78223  0.98929  0.00866
11.85300  0.98896  0.00852
11.92376  0.97605  0.00803
11.99452  0.98282  0.00838
12.06529  0.98344  0.00900
12.13605  0.97563  0.00827
12.20682  0.98378  0.00873
12.27758  0.96318  0.00823
12.34834  0.96948  0.00888
12.41911  0.97825  0.00833
12.48987  0.95524  0.00856
12.56064  0.97450  0.00834
12.63140  0.95866  0.00875
12.70217  0.95109  0.00748
12.77293  0.96208  0.00841
12.84369  0.96086  0.00822
12.91446  0.95506  0.00738
12.98522  0.96315  0.00811
13.05599  0.96276  0.00741
13.12675  0.96945  0.00748
13.19751  0.97395  0.00692
13.26828  0.95652  0.00776
13.33904  0.96023  0.00709
13.40981  0.96911  0.00751
13.48057  0.95434  0.00715
13.55134  0.96765  0.00789
13.62210  0.95877  0.00801
13.69286  0.95526  0.00734
13.76363  0.96123  0.00746
13.83439  0.96532  0.00735
13.90516  0.95144  0.00700
13.97592  0.95177  0.00738
14.04668  0.96597  0.00633
14.11745  0.96366  0.00731
14.18821  0.96114  0.00710
14.25898  0.95166  0.00707
14.32974  0.95454  0.00729
14.40050  0.95325  0.00672
14.47127  0.96749  0.00699
14.54203  0.95836  0.00677
14.61280  0.94664  0.00686
14.68356  0.95714  0.00630
14.75433  0.95928  0.00704
14.82509  0.95562  0.00673
14.89585  0.95707  0.00653
14.96662  0.96723  0.00618
15.03738  0.95333  0.00657
15.10815  0.96474  0.00654
15.17891  0.96645  0.00660
15.24967  0.96172  0.00689
15.32044  0.96204  0.00620
15.39120  0.95135  0.00592
15.46197  0.95424  0.00679
15.53273  0.95491  0.00651
15.60350  0.94984  0.00543
15.67426  0.96262  0.00618
15.74502  0.96664  0.00610
15.81579  0.95900  0.00633
15.88655  0.95116  0.00610
15.95732  0.95567  0.00636
16.02808  0.95334  0.00599
16.09884  0.95475  0.00566
16.16961  0.95308  0.00514
16.24037  0.96092  0.00607
16.31114  0.96402  0.00639
16.38190  0.96586  0.00623
16.45267  0.95573  0.00536
16.52343  0.95587  0.00603
16.59419  0.95833  0.00599
16.66496  0.95858  0.00597
16.73572  0.95690  0.00578
16.80649  0.95550  0.00511
16.87725  0.95715  0.00552
16.94801  0.94939  0.00581
17.01878  0.96217  0.00618
17.08954  0.94971  0.00541
17.16031  0.94757  0.00578
17.23107  0.95631  0.00521
17.30184  0.96110  0.00520
17.37260  0.95845  0.00564
17.44336  0.96310  0.00528
17.51413  0.95473  0.00493
17.58489  0.95730  0.00481
17.65566  0.95140  0.00572
17.72642  0.94855  0.00566
17.79718  0.96074  0.00585
17.86795  0.95009  0.00530
17.93871  0.95944  0.00490
18.00948  0.95136  0.00530
18.08024  0.96271  0.00514
18.15100  0.95569  0.00537
18.22177  0.94946  0.00473
18.29253  0.95805  0.00557
18.36330  0.95142  0.00518
18.43406  0.96559  0.00509
18.50483  0.94742  0.00519
18.57559  0.95615  0.00479
18.64635  0.96443  0.00488
18.71712  0.94787  0.00479
18.78788  0.94699  0.00503
18.85865  0.96006  0.00469
18.92941  0.96404  0.00535
19.00017  0.94784  0.00459
19.07094  0.95575  0.00501
19.14170  0.96139  0.00478
19.21247  0.96060  0.00511
19.28323  0.95389  0.00481
19.35400  0.95409  0.00509
19.42476  0.95673  0.00489
19.49552  0.96014  0.00486
19.56629  0.94832  0.00501
19.63705  0.95418  0.00502
19.70782  0.95142  0.00513
19.77858  0.95848  0.00475
19.84934  0.96161  0.00486
19.92011  0.96214  0.00466
19.99087  0.95560  0.00480
20.06164  0.95861  0.00430
20.13240  0.96089  0.00503
20.20317  0.95602  0.00486
20.27393  0.95694  0.00421
20.34469  0.95878  0.00428
20.41546  0.94737  0.00488
20.48622  0.95472  0.00502
20.55699  0.95337  0.00460
20.62775  0.96180  0.00403
20.69851  0.95798  0.00441
20.76928  0.95996  0.00491
20.84004  0.95618  0.00472
20.91081  0.95999  0.00414
20.98157  0.95433  0.00467
21.05234  0.95574  0.00461
21.12310  0.96142  0.00476
21.19386  0.95482  0.00425
