 0.03538  0.00000
 0.10615  0.00000
 0.17691  0.00000
 0.24767  0.00000
 0.31844  0.00000
 0.38920  0.00000
 0.45997  0.00000
 0.53073  0.00000
 0.60150  0.00000
 0.67226  0.00000
 0.74302  0.00000
 0.81379  0.00000
 0.88455  0.00000
 0.95532  0.00000
 1.02608  0.00000
 1.09684  0.00000
 1.16761  0.00000
 1.23837  0.00000
 1.30914  0.00000
 1.37990  0.00000
 1.45067  0.00000
 1.52143  0.00000
 1.59219  0.00000
 1.66296  0.00000
 1.73372  0.00000
 1.80449  0.00000
 1.87525  0.00000
 1.94601  0.00000
 2.01678  0.00000
 2.08754  0.00000
 2.15831  0.00000
 2.22907  0.00000
 2.29983  0.00000
 2.37060  0.00000
 2.44136  0.00000
 2.51213  0.00000
 2.58289  0.00000
 2.65366  0.00003
 2.72442  0.00064
 2.79518  0.00799
 2.86595  0.04310
 2.93671  0.15028
 3.00748  0.36303
 3.07824  0.66676
 3.14900  0.99667
 3.21977  1.31058
 3.29053  1.57306
 3.36130  1.75151
 3.43206  1.82490
 3.50283  1.77194
 3.57359  1.60115
 3.64435  1.38815
 3.71512  1.16587
 3.78588  0.96847
 3.85665  0.80405
 3.92741  0.67146
 3.99817  0.59576
 4.06894  0.56024
 4.13970  0.56690
 4.21047  0.59400
 4.28123  0.63897
 4.35200  0.69362
 4.42276  0.75279
 4.49352  0.81964
 4.56429  0.88375
 4.63505  0.93454
 4.70582  0.97810
 4.77658  1.00479
 4.84734  1.02557
 4.91811  1.03884
 4.98887  1.04526
 5.05964  1.05198
 5.13040  1.05770
 5.20117  1.05604
 5.27193  1.06087
 5.34269  1.06038
 5.41346  1.06100
 5.48422  1.05854
 5.55499  1.05521
 5.62575  1.04859
 5.69651  1.04180
 5.76728  1.02919
 5.83804  1.01534
 5.90881  1.00126
 5.97957  0.98022
 6.05033  0.96357
 6.12110  0.94176
 6.19186  0.92688
 6.26263  0.90888
 6.33339  0.89886
 6.40416  0.89196
 6.47492  0.88978
 6.54568  0.89095
 6.61645  0.89700
 6.68721  0.90536
 6.75798  0.92118
 6.82874  0.93491
 6.89950  0.94854
 6.97027  0.96327
 7.04103  0.97713
 7.11180  0.99165
 7.18256  1.00311
 7.25333  1.01188
 7.32409  1.01880
 7.39485  1.02416
 7.46562  1.02649
 7.53638  1.02737
 7.60715  1.02658
 7.67791  1.02317
 7.74867  1.01988
 7.81944  1.01853
 7.89020  1.01622
 7.96097  1.01142
 8.03173  1.00932
 8.10250  1.00761
 8.17326  1.00190
 8.24402  0.99927
 8.31479  0.99624
 8.38555  0.99383
 8.45632  0.98968
 8.52708  0.98896
 8.59784  0.98635
 8.66861  0.98383
 8.73937  0.98131
 8.81014  0.97968
 8.88090  0.98257
 8.95167  0.98148
 9.02243  0.98284
 9.09319  0.98508
 9.16396  0.98722
 9.23472  0.98955
 9.30549  0.99070
 9.37625  0.99100
 9.44701  0.99456
 9.51778  0.99626
 9.58854  0.99647
 9.65931  0.99916
 9.73007  1.00092
 9.80084  1.00119
 9.87160  1.00033
 9.94236  1.00014
10.01313  1.00122
10.08389  1.00280
10.15466  1.00145
10.22542  1.00166
10.29618  1.00074
10.36695  1.00212
10.43771  1.00076
10.50848  1.00196
10.57924  1.00040
10.65000  1.00231
10.72077  1.00242
10.79153  1.00069
10.86230  1.00062
10.93306  1.00169
11.00383  1.00241
11.07459  1.00117
11.14535  1.00307
11.21612  1.00268
11.28688  1.00201
11.35765  1.00225
11.42841  1.00279
11.49917  1.00274
11.56994  1.00334
11.64070  1.00333
11.71147  1.00423
11.78223  1.00299
11.85300  1.00226
11.92376  1.00323
11.99452  1.00256
12.06529  1.00196
12.13605  1.00154
12.20682  1.00239
12.27758  1.00096
12.34834  1.00143
12.41911  1.00220
12.48987  1.00268
12.56064  1.00218
12.63140  1.00188
12.70217  1.00103
12.77293  1.00194
12.84369  1.00099
12.91446  1.00119
12.98522  0.99996
13.05599  1.00129
13.12675  1.00114
13.19751  1.00213
13.26828  1.00162
13.33904  1.00129
13.40981  1.00202
13.48057  1.00245
13.55134  1.00155
13.62210  1.00147
13.69286  1.00183
13.76363  1.00194
13.83439  1.00223
13.90516  1.00278
13.97592  1.00264
14.04668  1.00299
14.11745  1.00272
14.18821  1.00263
14.25898  1.00255
14.32974  1.00316
14.40050  1.00238
14.47127  1.00193
14.54203  1.00292
14.61280  1.00260
14.68356  1.00208
14.75433  1.00198
14.82509  1.00158
14.89585  1.00254
14.96662  1.00249
15.03738  1.00214
15.10815  1.00343
15.17891  1.00246
15.24967  1.00207
15.32044  1.00106
15.39120  1.00243
15.46197  1.00172
15.53273  1.00244
15.60350  1.00203
15.67426  1.00217
15.74502  1.00184
15.81579  1.00180
15.88655  1.00222
15.95732  1.00171
16.02808  1.00262
16.09884  1.00082
16.16961  1.00192
16.24037  1.00255
16.31114  1.00266
16.38190  1.00232
16.45267  1.00210
16.52343  1.00281
16.59419  1.00207
16.66496  1.00238
16.73572  1.00098
16.80649  1.00195
16.87725  1.00218
16.94801  1.00280
17.01878  1.00232
17.08954  1.00212
17.16031  1.00293
17.23107  1.00202
17.30184  1.00252
17.37260  1.00236
17.44336  1.00218
17.51413  1.00216
17.58489  1.00236
17.65566  1.00226
17.72642  1.00224
17.79718  1.00199
17.86795  1.00137
17.93871  1.00269
18.00948  1.00234
18.08024  1.00224
18.15100  1.00215
18.22177  1.00205
18.29253  1.00194
18.36330  1.00318
18.43406  1.00130
18.50483  1.00193
18.57559  1.00151
18.64635  1.00227
18.71712  1.00182
18.78788  1.00182
18.85865  1.00181
18.92941  1.00239
19.00017  1.00209
19.07094  1.00251
19.14170  1.00220
19.21247  1.00117
19.28323  1.00194
19.35400  1.00278
19.42476  1.00179
19.49552  1.00173
19.56629  1.00231
19.63705  1.00184
19.70782  1.00173
19.77858  1.00240
19.84934  1.00194
19.92011  1.00202
19.99087  1.00260
20.06164  1.00205
20.13240  1.00191
20.20317  1.00161
20.27393  1.00182
20.34469  1.00228
20.41546  1.00164
20.48622  1.00176
20.55699  1.00267
20.62775  1.00231
20.69851  1.00262
20.76928  1.00234
20.84004  1.00191
20.91081  1.00184
20.98157  1.00180
21.05234  1.00260
21.12310  1.00298
21.19386  1.00138
