 0.03538  0.00000
 0.10615  0.00000
 0.17691  0.00000
 0.24767  0.00000
 0.31844  0.00000
 0.38920  0.00000
 0.45997  0.00000
 0.53073  0.00000
 0.60150  0.00000
 0.67226  0.00000
 0.74302  0.00000
 0.81379  0.00000
 0.88455  0.00000
 0.95532  0.00000
 1.02608  0.00000
 1.09684  0.00000
 1.16761  0.00000
 1.23837  0.00000
 1.30914  0.00000
 1.37990  0.00000
 1.45067  0.00000
 1.52143  0.00000
 1.59219  0.00000
 1.66296  0.00000
 1.73372  0.00000
 1.80449  0.00000
 1.87525  0.00000
 1.94601  0.00000
 2.01678  0.00000
 2.08754  0.00000
 2.15831  0.00000
 2.22907  0.00000
 2.29983  0.00000
 2.37060  0.00000
 2.44136  0.00000
 2.51213  0.00000
 2.58289  0.00000
 2.65366  0.00000
 2.72442  0.00000
 2.79518  0.00008
 2.86595  0.00082
 2.93671  0.00453
 3.00748  0.01690
 3.07824  0.04662
 3.14900  0.11650
 3.21977  0.26946
 3.29053  0.53030
 3.36130  0.84082
 3.43206  1.15135
 3.50283  1.43219
 3.57359  1.65810
 3.64435  1.80218
 3.71512  1.82728
 3.78588  1.75148
 3.85665  1.61656
 3.92741  1.46145
 3.99817  1.32408
 4.06894  1.21614
 4.13970  1.14454
 4.21047  1.09155
 4.28123  1.05617
 4.35200  1.02238
 4.42276  0.99911
 4.49352  0.97668
 4.56429  0.94991
 4.63505  0.92939
 4.70582  0.90771
 4.77658  0.89116
 4.84734  0.87387
 4.91811  0.86402
 4.98887  0.85279
 5.05964  0.84421
 5.13040  0.84248
 5.20117  0.84067
 5.27193  0.84155
 5.34269  0.84820
 5.41346  0.85220
 5.48422  0.86648
 5.55499  0.87698
 5.62575  0.88893
 5.69651  0.89960
 5.76728  0.91366
 5.83804  0.92593
 5.90881  0.93648
 5.97957  0.94823
 6.05033  0.95743
 6.12110  0.96466
 6.19186  0.97102
 6.26263  0.97470
 6.33339  0.97288
 6.40416  0.97345
 6.47492  0.97078
 6.54568  0.96760
 6.61645  0.96706
 6.68721  0.96687
 6.75798  0.96685
 6.82874  0.97013
 6.89950  0.97205
 6.97027  0.97902
 7.04103  0.98172
 7.11180  0.98576
 7.18256  0.98882
 7.25333  0.99350
 7.32409  0.99964
 7.39485  1.00156
 7.46562  1.00258
 7.53638  1.00375
 7.60715  1.00888
 7.67791  1.00822
 7.74867  1.00856
 7.81944  1.00879
 7.89020  1.01116
 7.96097  1.00987
 8.03173  1.01023
 8.10250  1.00967
 8.17326  1.00823
 8.24402  1.00721
 8.31479  1.00771
 8.38555  1.00722
 8.45632  1.00600
 8.52708  1.00483
 8.59784  1.00284
 8.66861  1.00204
 8.73937  1.00121
 8.81014  0.99814
 8.88090  0.99653
 8.95167  0.99682
 9.02243  0.99363
 9.09319  0.99176
 9.16396  0.99369
 9.23472  0.99143
 9.30549  0.99149
 9.37625  0.99283
 9.44701  0.99301
 9.51778  0.99292
 9.58854  0.99322
 9.65931  0.99340
 9.73007  0.99408
 9.80084  0.99547
 9.87160  0.99614
 9.94236  0.99642
10.01313  0.99827
10.08389  0.99789
10.15466  0.99915
10.22542  1.00011
10.29618  1.00063
10.36695  1.00134
10.43771  1.00211
10.50848  1.00065
10.57924  1.00268
10.65000  1.00212
10.72077  1.00379
10.79153  1.00338
10.86230  1.00297
10.93306  1.00334
11.00383  1.00282
11.07459  1.00509
11.14535  1.00270
11.21612  1.00396
11.28688  1.00350
11.35765  1.00314
11.42841  1.00369
11.49917  1.00313
11.56994  1.00287
11.64070  1.00274
11.71147  1.00158
11.78223  1.00206
11.85300  1.00293
11.92376  1.00206
11.99452  1.00261
12.06529  1.00246
12.13605  1.00158
12.20682  1.00092
12.27758  0.99994
12.34834  1.00116
12.41911  1.00128
12.48987  1.00018
12.56064  1.00045
12.63140  1.00142
12.70217  1.00095
12.77293  1.00089
12.84369  1.00187
12.91446  1.00041
12.98522  1.00145
13.05599  1.00059
13.12675  1.00218
13.19751  1.00172
13.26828  1.00147
13.33904  1.00150
13.40981  1.00227
13.48057  1.00125
13.55134  1.00094
13.62210  1.00170
13.69286  1.00294
13.76363  1.00245
13.83439  1.00246
13.90516  1.00315
13.97592  1.00358
14.04668  1.00227
14.11745  1.00209
14.18821  1.00277
14.25898  1.00307
14.32974  1.00293
14.40050  1.00167
14.47127  1.00236
14.54203  1.00208
14.61280  1.00158
14.68356  1.00252
14.75433  1.00289
14.82509  1.00173
14.89585  1.00233
14.96662  1.00232
15.03738  1.00150
15.10815  1.00197
15.17891  1.00235
15.24967  1.00127
15.32044  1.00198
15.39120  1.00195
15.46197  1.00130
15.53273  1.00205
15.60350  1.00243
15.67426  1.00125
15.74502  1.00156
15.81579  1.00112
15.88655  1.00226
15.95732  1.00182
16.02808  1.00146
16.09884  1.00184
16.16961  1.00143
16.24037  1.00188
16.31114  1.00178
16.38190  1.00212
16.45267  1.00260
16.52343  1.00250
16.59419  1.00250
16.66496  1.00144
16.73572  1.00209
16.80649  1.00206
16.87725  1.00203
16.94801  1.00280
17.01878  1.00204
17.08954  1.00260
17.16031  1.00305
17.23107  1.00202
17.30184  1.00198
17.37260  1.00246
17.44336  1.00175
17.51413  1.00250
17.58489  1.00270
17.65566  1.00183
17.72642  1.00199
17.79718  1.00195
17.86795  1.00221
17.93871  1.00220
18.00948  1.00198
18.08024  1.00211
18.15100  1.00209
18.22177  1.00168
18.29253  1.00232
18.36330  1.00117
18.43406  1.00180
18.50483  1.00185
18.57559  1.00200
18.64635  1.00226
18.71712  1.00107
18.78788  1.00253
18.85865  1.00206
18.92941  1.00176
19.00017  1.00235
19.07094  1.00234
19.14170  1.00163
19.21247  1.00208
19.28323  1.00210
19.35400  1.00208
19.42476  1.00211
19.49552  1.00200
19.56629  1.00164
19.63705  1.00202
19.70782  1.00189
19.77858  1.00173
19.84934  1.00178
19.92011  1.00210
19.99087  1.00218
20.06164  1.00169
20.13240  1.00146
20.20317  1.00146
20.27393  1.00181
20.34469  1.00223
20.41546  1.00128
20.48622  1.00275
20.55699  1.00262
20.62775  1.00230
20.69851  1.00211
20.76928  1.00233
20.84004  1.00163
20.91081  1.00133
20.98157  1.00159
21.05234  1.00236
21.12310  1.00212
21.19386  1.00102
