 0.03538      inf      nan
 0.10615      inf      nan
 0.17691      inf      nan
 0.24767      inf      nan
 0.31844      inf      nan
 0.38920      inf      nan
 0.45997      inf      nan
 0.53073      inf      nan
 0.60150      inf      nan
 0.67226      inf      nan
 0.74302      inf      nan
 0.81379      inf      nan
 0.88455      inf      nan
 0.95532      inf      nan
 1.02608      inf      nan
 1.09684      inf      nan
 1.16761      inf      nan
 1.23837      inf      nan
 1.30914      inf      nan
 1.37990      inf      nan
 1.45067      inf      nan
 1.52143      inf      nan
 1.59219      inf      nan
 1.66296      inf      nan
 1.73372      inf      nan
 1.80449      inf      nan
 1.87525      inf      nan
 1.94601      inf      nan
 2.01678      inf      nan
 2.08754      inf      nan
 2.15831      inf      nan
 2.22907      inf      nan
 2.29983      inf      nan
 2.37060      inf      nan
 2.44136      inf      nan
 2.51213      inf      nan
 2.58289      inf      nan
 2.65366      inf      nan
 2.72442      inf      nan
 2.79518      inf      nan
 2.86595      inf      nan
 2.93671      inf      nan
 3.00748      inf      nan
 3.07824      inf      nan
 3.14900      inf      nan
 3.21977  4.31237  0.58647
 3.29053  3.51742  0.30660
 3.36130  2.15060  0.08637
 3.43206  1.14343  0.03904
 3.50283  0.17061  0.01660
 3.57359 -0.50820  0.01017
 3.64435 -1.09413  0.00681
 3.71512 -1.61376  0.00470
 3.78588 -2.02522  0.00357
 3.85665 -2.21542  0.00347
 3.92741 -2.13682  0.00339
 3.99817 -1.82646  0.00375
 4.06894 -1.43895  0.00389
 4.13970 -1.17898  0.00591
 4.21047 -1.09900  0.00639
 4.28123 -1.09081  0.00642
 4.35200 -1.09203  0.00693
 4.42276 -1.06579  0.00696
 4.49352 -1.02356  0.00705
 4.56429 -0.96356  0.00695
 4.63505 -0.87886  0.00724
 4.70582 -0.78182  0.00726
 4.77658 -0.63887  0.00815
 4.84734 -0.51524  0.00792
 4.91811 -0.37477  0.00963
 4.98887 -0.29666  0.01056
 5.05964 -0.22028  0.01049
 5.13040 -0.16129  0.01120
 5.20117 -0.15642  0.01130
 5.27193 -0.13369  0.01066
 5.34269 -0.15002  0.01056
 5.41346 -0.11606  0.01115
 5.48422 -0.12939  0.01063
 5.55499 -0.12745  0.00951
 5.62575 -0.15839  0.01066
 5.69651 -0.16065  0.00943
 5.76728 -0.16127  0.01020
 5.83804 -0.17956  0.00996
 5.90881 -0.19562  0.00983
 5.97957 -0.20954  0.00934
 6.05033 -0.22370  0.00877
 6.12110 -0.22603  0.00930
 6.19186 -0.23249  0.00958
 6.26263 -0.24536  0.00863
 6.33339 -0.25283  0.00945
 6.40416 -0.24506  0.00838
 6.47492 -0.23786  0.00882
 6.54568 -0.23657  0.00874
 6.61645 -0.21594  0.00889
 6.68721 -0.21903  0.00892
 6.75798 -0.19295  0.00859
 6.82874 -0.17486  0.00924
 6.89950 -0.15495  0.00909
 6.97027 -0.14889  0.00915
 7.04103 -0.12330  0.00872
 7.11180 -0.10800  0.00896
 7.18256 -0.08733  0.00912
 7.25333 -0.08737  0.00862
 7.32409 -0.04968  0.00856
 7.39485 -0.05901  0.00843
 7.46562 -0.03817  0.00907
 7.53638 -0.04370  0.00822
 7.60715 -0.02779  0.00860
 7.67791 -0.01822  0.00837
 7.74867 -0.02891  0.00827
 7.81944 -0.02907  0.00841
 7.89020 -0.03693  0.00842
 7.96097 -0.04253  0.00786
 8.03173 -0.02634  0.00819
 8.10250 -0.04018  0.00773
 8.17326 -0.04028  0.00772
 8.24402 -0.05062  0.00772
 8.31479 -0.04717  0.00799
 8.38555 -0.04729  0.00728
 8.45632 -0.04240  0.00777
 8.52708 -0.06304  0.00741
 8.59784 -0.06943  0.00756
 8.66861 -0.05846  0.00745
 8.73937 -0.05910  0.00659
 8.81014 -0.06117  0.00792
 8.88090 -0.05204  0.00748
 8.95167 -0.06131  0.00708
 9.02243 -0.06018  0.00731
 9.09319 -0.05410  0.00709
 9.16396 -0.04835  0.00670
 9.23472 -0.05209  0.00690
 9.30549 -0.04273  0.00699
 9.37625 -0.04488  0.00655
 9.44701 -0.03259  0.00690
 9.51778 -0.02838  0.00674
 9.58854 -0.02464  0.00706
 9.65931 -0.02053  0.00701
 9.73007 -0.02098  0.00673
 9.80084 -0.02531  0.00679
 9.87160 -0.02085  0.00680
 9.94236 -0.01510  0.00683
10.01313 -0.00608  0.00675
10.08389 -0.01660  0.00627
10.15466 -0.00420  0.00610
10.22542 -0.00826  0.00651
10.29618  0.00345  0.00606
10.36695  0.00937  0.00630
10.43771  0.00043  0.00639
10.50848 -0.00059  0.00673
10.57924  0.00269  0.00633
10.65000  0.00058  0.00609
10.72077  0.01192  0.00597
10.79153  0.00542  0.00613
10.86230 -0.00030  0.00572
10.93306  0.00358  0.00579
11.00383  0.00263  0.00578
11.07459  0.01345  0.00604
11.14535  0.00954  0.00621
11.21612  0.00385  0.00575
11.28688  0.00337  0.00574
11.35765  0.00653  0.00563
11.42841  0.01065  0.00562
11.49917  0.00700  0.00540
11.56994  0.01179  0.00531
11.64070  0.01060  0.00533
11.71147  0.01386  0.00539
11.78223  0.00637  0.00518
11.85300  0.00657  0.00510
11.92376  0.01435  0.00487
11.99452  0.01026  0.00505
12.06529  0.00988  0.00542
12.13605  0.01461  0.00502
12.20682  0.00968  0.00525
12.27758  0.02221  0.00506
12.34834  0.01835  0.00543
12.41911  0.01302  0.00504
12.48987  0.02711  0.00530
12.56064  0.01529  0.00507
12.63140  0.02499  0.00541
12.70217  0.02968  0.00466
12.77293  0.02289  0.00518
12.84369  0.02363  0.00507
12.91446  0.02722  0.00457
12.98522  0.02223  0.00499
13.05599  0.02247  0.00455
13.12675  0.01837  0.00457
13.19751  0.01562  0.00420
13.26828  0.02632  0.00480
13.33904  0.02402  0.00437
13.40981  0.01857  0.00459
13.48057  0.02766  0.00444
13.55134  0.01947  0.00483
13.62210  0.02493  0.00495
13.69286  0.02710  0.00455
13.76363  0.02341  0.00459
13.83439  0.02089  0.00451
13.90516  0.02947  0.00436
13.97592  0.02926  0.00459
14.04668  0.02050  0.00388
14.11745  0.02191  0.00449
14.18821  0.02347  0.00437
14.25898  0.02933  0.00440
14.32974  0.02754  0.00452
14.40050  0.02835  0.00417
14.47127  0.01957  0.00428
14.54203  0.02518  0.00418
14.61280  0.03246  0.00429
14.68356  0.02594  0.00390
14.75433  0.02461  0.00435
14.82509  0.02688  0.00417
14.89585  0.02597  0.00404
14.96662  0.01973  0.00378
15.03738  0.02829  0.00408
15.10815  0.02125  0.00401
15.17891  0.02020  0.00404
15.24967  0.02311  0.00424
15.32044  0.02291  0.00382
15.39120  0.02952  0.00368
15.46197  0.02773  0.00421
15.53273  0.02731  0.00403
15.60350  0.03047  0.00338
15.67426  0.02255  0.00380
15.74502  0.02009  0.00374
15.81579  0.02478  0.00391
15.88655  0.02965  0.00380
15.95732  0.02684  0.00394
16.02808  0.02829  0.00372
16.09884  0.02741  0.00351
16.16961  0.02845  0.00319
16.24037  0.02360  0.00374
16.31114  0.02169  0.00392
16.38190  0.02056  0.00382
16.45267  0.02681  0.00332
16.52343  0.02672  0.00373
16.59419  0.02520  0.00370
16.66496  0.02504  0.00369
16.73572  0.02608  0.00358
16.80649  0.02695  0.00317
16.87725  0.02593  0.00341
16.94801  0.03074  0.00362
17.01878  0.02283  0.00380
17.08954  0.03054  0.00337
17.16031  0.03188  0.00361
17.23107  0.02644  0.00323
17.30184  0.02349  0.00320
17.37260  0.02512  0.00349
17.44336  0.02226  0.00325
17.51413  0.02742  0.00306
17.58489  0.02583  0.00297
17.65566  0.02949  0.00356
17.72642  0.03127  0.00353
17.79718  0.02371  0.00360
17.86795  0.03031  0.00330
17.93871  0.02451  0.00302
18.00948  0.02952  0.00330
18.08024  0.02250  0.00316
18.15100  0.02683  0.00332
18.22177  0.03070  0.00295
18.29253  0.02537  0.00344
18.36330  0.02948  0.00322
18.43406  0.02073  0.00312
18.50483  0.03198  0.00325
18.57559  0.02655  0.00296
18.64635  0.02144  0.00300
18.71712  0.03169  0.00299
18.78788  0.03224  0.00314
18.85865  0.02413  0.00289
18.92941  0.02168  0.00328
19.00017  0.03171  0.00287
19.07094  0.02680  0.00310
19.14170  0.02331  0.00294
19.21247  0.02379  0.00315
19.28323  0.02795  0.00299
19.35400  0.02782  0.00316
19.42476  0.02619  0.00302
19.49552  0.02408  0.00300
19.56629  0.03141  0.00313
19.63705  0.02777  0.00312
19.70782  0.02948  0.00319
19.77858  0.02510  0.00293
19.84934  0.02318  0.00299
19.92011  0.02285  0.00287
19.99087  0.02688  0.00297
20.06164  0.02502  0.00265
20.13240  0.02362  0.00310
20.20317  0.02663  0.00301
20.27393  0.02606  0.00260
20.34469  0.02492  0.00264
20.41546  0.03201  0.00305
20.48622  0.02743  0.00311
20.55699  0.02827  0.00286
20.62775  0.02305  0.00248
20.69851  0.02541  0.00273
20.76928  0.02419  0.00303
20.84004  0.02653  0.00292
20.91081  0.02417  0.00256
20.98157  0.02767  0.00289
21.05234  0.02680  0.00286
21.12310  0.02329  0.00293
21.19386  0.02737  0.00264
