 0.03538      inf
 0.10615      inf
 0.17691      inf
 0.24767      inf
 0.31844      inf
 0.38920      inf
 0.45997      inf
 0.53073      inf
 0.60150      inf
 0.67226      inf
 0.74302      inf
 0.81379      inf
 0.88455      inf
 0.95532      inf
 1.02608      inf
 1.09684      inf
 1.16761      inf
 1.23837      inf
 1.30914      inf
 1.37990      inf
 1.45067      inf
 1.52143      inf
 1.59219      inf
 1.66296      inf
 1.73372      inf
 1.80449      inf
 1.87525      inf
 1.94601      inf
 2.01678      inf
 2.08754      inf
 2.15831      inf
 2.22907      inf
 2.29983      inf
 2.37060      inf
 2.44136      inf
 2.51213      inf
 2.58289      inf
 2.65366  6.22784
 2.72442  4.35342
 2.79518  2.85929
 2.86595  1.86144
 2.93671  1.12200
 3.00748  0.59986
 3.07824  0.23995
 3.14900  0.00197
 3.21977 -0.16012
 3.29053 -0.26819
 3.36130 -0.33180
 3.43206 -0.35610
 3.50283 -0.33867
 3.57359 -0.27867
 3.64435 -0.19416
 3.71512 -0.09085
 3.78588  0.01897
 3.85665  0.12911
 3.92741  0.23579
 3.99817  0.30661
 4.06894  0.34300
 4.13970  0.33600
 4.21047  0.30836
 4.28123  0.26516
 4.35200  0.21657
 4.42276  0.16811
 4.49352  0.11774
 4.56429  0.07316
 4.63505  0.04008
 4.70582  0.01311
 4.77658 -0.00283
 4.84734 -0.01495
 4.91811 -0.02256
 4.98887 -0.02621
 5.05964 -0.03000
 5.13040 -0.03321
 5.20117 -0.03228
 5.27193 -0.03498
 5.34269 -0.03471
 5.41346 -0.03505
 5.48422 -0.03368
 5.55499 -0.03181
 5.62575 -0.02809
 5.69651 -0.02424
 5.76728 -0.01703
 5.83804 -0.00901
 5.90881 -0.00075
 5.97957  0.01183
 6.05033  0.02197
 6.12110  0.03552
 6.19186  0.04495
 6.26263  0.05656
 6.33339  0.06312
 6.40416  0.06768
 6.47492  0.06914
 6.54568  0.06835
 6.61645  0.06435
 6.68721  0.05886
 6.75798  0.04861
 6.82874  0.03984
 6.89950  0.03128
 6.97027  0.02216
 7.04103  0.01370
 7.11180  0.00496
 7.18256 -0.00184
 7.25333 -0.00699
 7.32409 -0.01103
 7.39485 -0.01413
 7.46562 -0.01548
 7.53638 -0.01599
 7.60715 -0.01553
 7.67791 -0.01356
 7.74867 -0.01165
 7.81944 -0.01087
 7.89020 -0.00952
 7.96097 -0.00672
 8.03173 -0.00549
 8.10250 -0.00449
 8.17326 -0.00112
 8.24402  0.00043
 8.31479  0.00223
 8.38555  0.00366
 8.45632  0.00614
 8.52708  0.00657
 8.59784  0.00814
 8.66861  0.00965
 8.73937  0.01117
 8.81014  0.01215
 8.88090  0.01041
 8.95167  0.01107
 9.02243  0.01025
 9.09319  0.00890
 9.16396  0.00762
 9.23472  0.00622
 9.30549  0.00553
 9.37625  0.00535
 9.44701  0.00323
 9.51778  0.00222
 9.58854  0.00209
 9.65931  0.00050
 9.73007 -0.00054
 9.80084 -0.00071
 9.87160 -0.00019
 9.94236 -0.00008
10.01313 -0.00072
10.08389 -0.00165
10.15466 -0.00086
10.22542 -0.00098
10.29618 -0.00044
10.36695 -0.00126
10.43771 -0.00045
10.50848 -0.00116
10.57924 -0.00024
10.65000 -0.00137
10.72077 -0.00143
10.79153 -0.00041
10.86230 -0.00036
10.93306 -0.00100
11.00383 -0.00142
11.07459 -0.00069
11.14535 -0.00181
11.21612 -0.00158
11.28688 -0.00119
11.35765 -0.00133
11.42841 -0.00165
11.49917 -0.00162
11.56994 -0.00197
11.64070 -0.00197
11.71147 -0.00250
11.78223 -0.00177
11.85300 -0.00134
11.92376 -0.00191
11.99452 -0.00152
12.06529 -0.00116
12.13605 -0.00091
12.20682 -0.00141
12.27758 -0.00057
12.34834 -0.00085
12.41911 -0.00130
12.48987 -0.00159
12.56064 -0.00129
12.63140 -0.00111
12.70217 -0.00061
12.77293 -0.00115
12.84369 -0.00059
12.91446 -0.00070
12.98522  0.00003
13.05599 -0.00076
13.12675 -0.00067
13.19751 -0.00126
13.26828 -0.00096
13.33904 -0.00076
13.40981 -0.00119
13.48057 -0.00145
13.55134 -0.00092
13.62210 -0.00087
13.69286 -0.00108
13.76363 -0.00115
13.83439 -0.00132
13.90516 -0.00164
13.97592 -0.00156
14.04668 -0.00177
14.11745 -0.00161
14.18821 -0.00155
14.25898 -0.00151
14.32974 -0.00187
14.40050 -0.00141
14.47127 -0.00114
14.54203 -0.00173
14.61280 -0.00154
14.68356 -0.00123
14.75433 -0.00117
14.82509 -0.00093
14.89585 -0.00150
14.96662 -0.00147
15.03738 -0.00126
15.10815 -0.00203
15.17891 -0.00146
15.24967 -0.00122
15.32044 -0.00063
15.39120 -0.00143
15.46197 -0.00102
15.53273 -0.00144
15.60350 -0.00120
15.67426 -0.00128
15.74502 -0.00109
15.81579 -0.00106
15.88655 -0.00132
15.95732 -0.00101
16.02808 -0.00155
16.09884 -0.00048
16.16961 -0.00114
16.24037 -0.00151
16.31114 -0.00158
16.38190 -0.00137
16.45267 -0.00124
16.52343 -0.00166
16.59419 -0.00123
16.66496 -0.00141
16.73572 -0.00058
16.80649 -0.00115
16.87725 -0.00129
16.94801 -0.00166
17.01878 -0.00137
17.08954 -0.00125
17.16031 -0.00173
17.23107 -0.00120
17.30184 -0.00149
17.37260 -0.00139
17.44336 -0.00129
17.51413 -0.00128
17.58489 -0.00140
17.65566 -0.00134
17.72642 -0.00132
17.79718 -0.00118
17.86795 -0.00081
17.93871 -0.00159
18.00948 -0.00138
18.08024 -0.00132
18.15100 -0.00127
18.22177 -0.00121
18.29253 -0.00115
18.36330 -0.00188
18.43406 -0.00077
18.50483 -0.00114
18.57559 -0.00089
18.64635 -0.00134
18.71712 -0.00108
18.78788 -0.00108
18.85865 -0.00107
18.92941 -0.00141
19.00017 -0.00124
19.07094 -0.00149
19.14170 -0.00130
19.21247 -0.00069
19.28323 -0.00115
19.35400 -0.00165
19.42476 -0.00106
19.49552 -0.00102
19.56629 -0.00137
19.63705 -0.00109
19.70782 -0.00103
19.77858 -0.00142
19.84934 -0.00115
19.92011 -0.00119
19.99087 -0.00154
20.06164 -0.00121
20.13240 -0.00113
20.20317 -0.00095
20.27393 -0.00108
20.34469 -0.00135
20.41546 -0.00097
20.48622 -0.00104
20.55699 -0.00158
20.62775 -0.00136
20.69851 -0.00155
20.76928 -0.00138
20.84004 -0.00113
20.91081 -0.00109
20.98157 -0.00106
21.05234 -0.00154
21.12310 -0.00176
21.19386 -0.00082
