 0.03538      inf
 0.10615      inf
 0.17691      inf
 0.24767      inf
 0.31844      inf
 0.38920      inf
 0.45997      inf
 0.53073      inf
 0.60150      inf
 0.67226      inf
 0.74302      inf
 0.81379      inf
 0.88455      inf
 0.95532      inf
 1.02608      inf
 1.09684      inf
 1.16761      inf
 1.23837      inf
 1.30914      inf
 1.37990      inf
 1.45067      inf
 1.52143      inf
 1.59219      inf
 1.66296      inf
 1.73372      inf
 1.80449      inf
 1.87525      inf
 1.94601      inf
 2.01678      inf
 2.08754      inf
 2.15831      inf
 2.22907  4.76742
 2.29983  3.03095
 2.37060  2.14130
 2.44136  1.40218
 2.51213  0.89827
 2.58289  0.54374
 2.65366  0.30417
 2.72442  0.14108
 2.79518  0.02137
 2.86595 -0.05593
 2.93671 -0.11221
 3.00748 -0.15702
 3.07824 -0.17215
 3.14900 -0.19960
 3.21977 -0.20320
 3.29053 -0.21195
 3.36130 -0.22961
 3.43206 -0.22754
 3.50283 -0.24133
 3.57359 -0.24409
 3.64435 -0.24663
 3.71512 -0.25837
 3.78588 -0.27493
 3.85665 -0.28659
 3.92741 -0.30594
 3.99817 -0.32563
 4.06894 -0.35818
 4.13970 -0.38457
 4.21047 -0.43172
 4.28123 -0.46456
 4.35200 -0.51418
 4.42276 -0.55632
 4.49352 -0.59572
 4.56429 -0.64083
 4.63505 -0.67994
 4.70582 -0.72554
 4.77658 -0.77849
 4.84734 -0.84178
 4.91811 -0.91559
 4.98887 -0.99203
 5.05964 -1.06708
 5.13040 -1.12253
 5.20117 -1.15246
 5.27193 -1.15666
 5.34269 -1.13763
 5.41346 -1.09746
 5.48422 -1.03243
 5.55499 -0.93339
 5.62575 -0.80173
 5.69651 -0.65218
 5.76728 -0.52033
 5.83804 -0.41463
 5.90881 -0.34215
 5.97957 -0.31391
 6.05033 -0.29847
 6.12110 -0.29846
 6.19186 -0.29873
 6.26263 -0.30669
 6.33339 -0.31770
 6.40416 -0.33567
 6.47492 -0.34704
 6.54568 -0.36203
 6.61645 -0.38409
 6.68721 -0.40756
 6.75798 -0.43852
 6.82874 -0.47563
 6.89950 -0.52345
 6.97027 -0.58346
 7.04103 -0.64082
 7.11180 -0.68193
 7.18256 -0.67918
 7.25333 -0.62226
 7.32409 -0.51099
 7.39485 -0.37931
 7.46562 -0.27633
 7.53638 -0.20957
 7.60715 -0.17451
 7.67791 -0.16085
 7.74867 -0.14387
 7.81944 -0.13021
 7.89020 -0.12239
 7.96097 -0.11269
 8.03173 -0.10518
 8.10250 -0.09384
 8.17326 -0.08916
 8.24402 -0.08350
 8.31479 -0.08171
 8.38555 -0.07710
 8.45632 -0.07359
 8.52708 -0.06786
 8.59784 -0.07244
 8.66861 -0.06559
 8.73937 -0.06654
 8.81014 -0.06576
 8.88090 -0.06381
 8.95167 -0.06086
 9.02243 -0.05839
 9.09319 -0.05508
 9.16396 -0.05375
 9.23472 -0.05312
 9.30549 -0.05112
 9.37625 -0.04629
 9.44701 -0.04596
 9.51778 -0.04397
 9.58854 -0.03766
 9.65931 -0.03585
 9.73007 -0.03542
 9.80084 -0.03294
 9.87160 -0.03049
 9.94236 -0.02293
10.01313 -0.02386
10.08389 -0.02210
10.15466 -0.01927
10.22542 -0.01920
10.29618 -0.01589
10.36695 -0.01373
10.43771 -0.01434
10.50848 -0.01135
10.57924 -0.01136
10.65000 -0.00990
10.72077 -0.00954
10.79153 -0.00701
10.86230 -0.00843
10.93306 -0.00595
11.00383 -0.00272
11.07459 -0.00579
11.14535 -0.00463
11.21612 -0.00459
11.28688 -0.00036
11.35765 -0.00152
11.42841  0.00148
11.49917 -0.00121
11.56994  0.00128
11.64070  0.00184
11.71147  0.00174
11.78223  0.00448
11.85300  0.00145
11.92376  0.00579
11.99452  0.00657
12.06529  0.00701
12.13605  0.00802
12.20682  0.00630
12.27758  0.00830
12.34834  0.01260
12.41911  0.01126
12.48987  0.00986
12.56064  0.01032
12.63140  0.01146
12.70217  0.01113
12.77293  0.01143
12.84369  0.01485
12.91446  0.01594
12.98522  0.01553
13.05599  0.01789
13.12675  0.01628
13.19751  0.01902
13.26828  0.01807
13.33904  0.01961
13.40981  0.01657
13.48057  0.01877
13.55134  0.02052
13.62210  0.01939
13.69286  0.01843
13.76363  0.01828
13.83439  0.02168
13.90516  0.02257
13.97592  0.02217
14.04668  0.02019
14.11745  0.02079
14.18821  0.02184
14.25898  0.01962
14.32974  0.02308
14.40050  0.02342
14.47127  0.02274
14.54203  0.02221
14.61280  0.02503
14.68356  0.02446
14.75433  0.02360
14.82509  0.02715
14.89585  0.02540
14.96662  0.02224
15.03738  0.02662
15.10815  0.02469
15.17891  0.02382
15.24967  0.02454
15.32044  0.02409
15.39120  0.02508
15.46197  0.02427
15.53273  0.02607
15.60350  0.02563
15.67426  0.02380
15.74502  0.02597
15.81579  0.02660
15.88655  0.02415
15.95732  0.02612
16.02808  0.02572
16.09884  0.02633
16.16961  0.02670
16.24037  0.02589
16.31114  0.02551
16.38190  0.02581
16.45267  0.02572
16.52343  0.02815
16.59419  0.02680
16.66496  0.02607
16.73572  0.02491
16.80649  0.02530
16.87725  0.02676
16.94801  0.02628
17.01878  0.02661
17.08954  0.02707
17.16031  0.02755
17.23107  0.02732
17.30184  0.02608
17.37260  0.02733
17.44336  0.02692
17.51413  0.02771
17.58489  0.02570
17.65566  0.02561
17.72642  0.02800
17.79718  0.02507
17.86795  0.02865
17.93871  0.02611
18.00948  0.02558
18.08024  0.02918
18.15100  0.02917
18.22177  0.02689
18.29253  0.02722
18.36330  0.02761
18.43406  0.03000
18.50483  0.02738
18.57559  0.02595
18.64635  0.02626
18.71712  0.02652
18.78788  0.02683
18.85865  0.02685
18.92941  0.02563
19.00017  0.02607
19.07094  0.02646
19.14170  0.02857
19.21247  0.02820
19.28323  0.02708
19.35400  0.02746
19.42476  0.02741
19.49552  0.02753
19.56629  0.02726
19.63705  0.02713
19.70782  0.02703
19.77858  0.02822
19.84934  0.02775
19.92011  0.02746
19.99087  0.02694
20.06164  0.02592
20.13240  0.02656
20.20317  0.02654
20.27393  0.02847
20.34469  0.02729
20.41546  0.02678
20.48622  0.02760
20.55699  0.02812
20.62775  0.02854
20.69851  0.02692
20.76928  0.02884
20.84004  0.02785
20.91081  0.02719
20.98157  0.02733
21.05234  0.02729
21.12310  0.02652
21.19386  0.02834
