 0.03538      inf
 0.10615      inf
 0.17691      inf
 0.24767      inf
 0.31844      inf
 0.38920      inf
 0.45997      inf
 0.53073      inf
 0.60150      inf
 0.67226      inf
 0.74302      inf
 0.81379      inf
 0.88455      inf
 0.95532      inf
 1.02608      inf
 1.09684      inf
 1.16761      inf
 1.23837      inf
 1.30914      inf
 1.37990      inf
 1.45067      inf
 1.52143      inf
 1.59219      inf
 1.66296      inf
 1.73372      inf
 1.80449      inf
 1.87525      inf
 1.94601      inf
 2.01678      inf
 2.08754      inf
 2.15831      inf
 2.22907      inf
 2.29983      inf
 2.37060      inf
 2.44136      inf
 2.51213      inf
 2.58289      inf
 2.65366      inf
 2.72442      inf
 2.79518  5.57661
 2.86595  4.20858
 2.93671  3.19565
 3.00748  2.41554
 3.07824  1.81486
 3.14900  1.27271
 3.21977  0.77631
 3.29053  0.37552
 3.36130  0.10264
 3.43206 -0.08344
 3.50283 -0.21265
 3.57359 -0.29936
 3.64435 -0.34869
 3.71512 -0.35688
 3.78588 -0.33179
 3.85665 -0.28434
 3.92741 -0.22462
 3.99817 -0.16619
 4.06894 -0.11584
 4.13970 -0.07992
 4.21047 -0.05186
 4.28123 -0.03235
 4.35200 -0.01310
 4.42276  0.00053
 4.49352  0.01397
 4.56429  0.03042
 4.63505  0.04335
 4.70582  0.05732
 4.77658  0.06822
 4.84734  0.07982
 4.91811  0.08652
 4.98887  0.09427
 5.05964  0.10026
 5.13040  0.10147
 5.20117  0.10275
 5.27193  0.10213
 5.34269  0.09747
 5.41346  0.09468
 5.48422  0.08484
 5.55499  0.07771
 5.62575  0.06970
 5.69651  0.06263
 5.76728  0.05346
 5.83804  0.04556
 5.90881  0.03885
 5.97957  0.03147
 6.05033  0.02575
 6.12110  0.02130
 6.19186  0.01741
 6.26263  0.01517
 6.33339  0.01627
 6.40416  0.01593
 6.47492  0.01755
 6.54568  0.01950
 6.61645  0.01983
 6.68721  0.01995
 6.75798  0.01996
 6.82874  0.01795
 6.89950  0.01678
 6.97027  0.01255
 7.04103  0.01092
 7.11180  0.00849
 7.18256  0.00666
 7.25333  0.00386
 7.32409  0.00021
 7.39485 -0.00092
 7.46562 -0.00153
 7.53638 -0.00221
 7.60715 -0.00523
 7.67791 -0.00485
 7.74867 -0.00505
 7.81944 -0.00518
 7.89020 -0.00657
 7.96097 -0.00581
 8.03173 -0.00602
 8.10250 -0.00570
 8.17326 -0.00485
 8.24402 -0.00425
 8.31479 -0.00455
 8.38555 -0.00426
 8.45632 -0.00354
 8.52708 -0.00285
 8.59784 -0.00168
 8.66861 -0.00121
 8.73937 -0.00072
 8.81014  0.00110
 8.88090  0.00206
 8.95167  0.00189
 9.02243  0.00379
 9.09319  0.00490
 9.16396  0.00375
 9.23472  0.00509
 9.30549  0.00506
 9.37625  0.00426
 9.44701  0.00415
 9.51778  0.00421
 9.58854  0.00402
 9.65931  0.00392
 9.73007  0.00351
 9.80084  0.00269
 9.87160  0.00229
 9.94236  0.00212
10.01313  0.00102
10.08389  0.00125
10.15466  0.00051
10.22542 -0.00006
10.29618 -0.00037
10.36695 -0.00079
10.43771 -0.00125
10.50848 -0.00038
10.57924 -0.00159
10.65000 -0.00125
10.72077 -0.00224
10.79153 -0.00199
10.86230 -0.00175
10.93306 -0.00197
11.00383 -0.00167
11.07459 -0.00301
11.14535 -0.00159
11.21612 -0.00234
11.28688 -0.00207
11.35765 -0.00186
11.42841 -0.00218
11.49917 -0.00185
11.56994 -0.00170
11.64070 -0.00162
11.71147 -0.00093
11.78223 -0.00122
11.85300 -0.00173
11.92376 -0.00122
11.99452 -0.00154
12.06529 -0.00146
12.13605 -0.00093
12.20682 -0.00055
12.27758  0.00003
12.34834 -0.00069
12.41911 -0.00076
12.48987 -0.00011
12.56064 -0.00027
12.63140 -0.00084
12.70217 -0.00056
12.77293 -0.00053
12.84369 -0.00110
12.91446 -0.00024
12.98522 -0.00086
13.05599 -0.00035
13.12675 -0.00129
13.19751 -0.00102
13.26828 -0.00087
13.33904 -0.00089
13.40981 -0.00134
13.48057 -0.00074
13.55134 -0.00056
13.62210 -0.00101
13.69286 -0.00174
13.76363 -0.00145
13.83439 -0.00145
13.90516 -0.00186
13.97592 -0.00211
14.04668 -0.00134
14.11745 -0.00124
14.18821 -0.00164
14.25898 -0.00182
14.32974 -0.00173
14.40050 -0.00099
14.47127 -0.00140
14.54203 -0.00123
14.61280 -0.00093
14.68356 -0.00149
14.75433 -0.00171
14.82509 -0.00102
14.89585 -0.00138
14.96662 -0.00137
15.03738 -0.00089
15.10815 -0.00117
15.17891 -0.00139
15.24967 -0.00075
15.32044 -0.00117
15.39120 -0.00115
15.46197 -0.00077
15.53273 -0.00121
15.60350 -0.00144
15.67426 -0.00074
15.74502 -0.00092
15.81579 -0.00066
15.88655 -0.00134
15.95732 -0.00108
16.02808 -0.00087
16.09884 -0.00109
16.16961 -0.00084
16.24037 -0.00111
16.31114 -0.00105
16.38190 -0.00126
16.45267 -0.00154
16.52343 -0.00148
16.59419 -0.00148
16.66496 -0.00085
16.73572 -0.00124
16.80649 -0.00122
16.87725 -0.00120
16.94801 -0.00165
17.01878 -0.00120
17.08954 -0.00154
17.16031 -0.00180
17.23107 -0.00119
17.30184 -0.00117
17.37260 -0.00146
17.44336 -0.00103
17.51413 -0.00148
17.58489 -0.00159
17.65566 -0.00108
17.72642 -0.00117
17.79718 -0.00115
17.86795 -0.00131
17.93871 -0.00130
18.00948 -0.00117
18.08024 -0.00125
18.15100 -0.00124
18.22177 -0.00099
18.29253 -0.00137
18.36330 -0.00069
18.43406 -0.00106
18.50483 -0.00110
18.57559 -0.00118
18.64635 -0.00134
18.71712 -0.00063
18.78788 -0.00150
18.85865 -0.00122
18.92941 -0.00104
19.00017 -0.00139
19.07094 -0.00138
19.14170 -0.00097
19.21247 -0.00123
19.28323 -0.00124
19.35400 -0.00123
19.42476 -0.00125
19.49552 -0.00118
19.56629 -0.00097
19.63705 -0.00120
19.70782 -0.00112
19.77858 -0.00103
19.84934 -0.00105
19.92011 -0.00124
19.99087 -0.00129
20.06164 -0.00100
20.13240 -0.00086
20.20317 -0.00087
20.27393 -0.00107
20.34469 -0.00132
20.41546 -0.00076
20.48622 -0.00163
20.55699 -0.00155
20.62775 -0.00136
20.69851 -0.00125
20.76928 -0.00138
20.84004 -0.00097
20.91081 -0.00078
20.98157 -0.00094
21.05234 -0.00140
21.12310 -0.00126
21.19386 -0.00060
