 0.03570  0.00000      nan
 0.10709  0.00000      nan
 0.17848  0.00000      nan
 0.24987  0.00000      nan
 0.32126  0.00000      nan
 0.39265  0.00000      nan
 0.46404  0.00000      nan
 0.53543  0.00000      nan
 0.60682  0.00000      nan
 0.67821  0.00000      nan
 0.74960  0.00000      nan
 0.82099  0.00000      nan
 0.89238  0.00000      nan
 0.96377  0.00000      nan
 1.03516  0.00000      nan
 1.10655  0.00000      nan
 1.17794  0.00000      nan
 1.24933  0.00000      nan
 1.32072  0.00000      nan
 1.39211  0.00000      nan
 1.46350  0.00000      nan
 1.53489  0.00000      nan
 1.60628  0.00000      nan
 1.67767  0.00000      nan
 1.74906  0.00000      nan
 1.82045  0.00000      nan
 1.89184  0.00000      nan
 1.96323  0.00000      nan
 2.03462  0.00000      nan
 2.10601  0.00000      nan
 2.17740  0.00000      nan
 2.24879  0.00000      nan
 2.32018  0.00000      nan
 2.39157  0.00000      nan
 2.46296  0.00000      nan
 2.53435  0.00000      nan
 2.60574  0.00000      nan
 2.67713  0.00000      nan
 2.74852  0.00000      nan
 2.81991  0.00000      nan
 2.89130  0.00000      nan
 2.96269  0.00000      nan
 3.03409  0.00000      nan
 3.10548  0.00000      nan
 3.17687  0.00143  0.00118
 3.24826  0.00480  0.00163
 3.31965  0.01970  0.00329
 3.39104  0.09820  0.00782
 3.46243  0.21615  0.01148
 3.53382  0.45095  0.01609
 3.60521  0.75739  0.02088
 3.67660  1.05276  0.02603
 3.74799  1.26604  0.02709
 3.81938  1.58387  0.03165
 3.89077  1.73571  0.03283
 3.96216  1.92087  0.02915
 4.03355  2.01809  0.03087
 4.10494  2.17188  0.03656
 4.17633  2.28045  0.03163
 4.24772  2.37013  0.03378
 4.31911  2.42358  0.03514
 4.39050  2.41750  0.03408
 4.46189  2.43929  0.03568
 4.53328  2.39548  0.03235
 4.60467  2.44604  0.03285
 4.67606  2.48978  0.03130
 4.74745  2.35412  0.03067
 4.81884  2.36655  0.03212
 4.89023  2.32641  0.03062
 4.96162  2.20261  0.02868
 5.03301  2.21030  0.02895
 5.10440  2.10501  0.02736
 5.17579  2.06139  0.02492
 5.24718  2.03775  0.02615
 5.31857  1.95476  0.02823
 5.38996  1.92425  0.02395
 5.46135  1.86966  0.02473
 5.53274  1.86050  0.02394
 5.60413  1.83300  0.02469
 5.67552  1.84493  0.02215
 5.74691  1.85745  0.02507
 5.81830  1.86090  0.02188
 5.88969  1.86573  0.02365
 5.96108  1.84759  0.01963
 6.03248  1.79059  0.02077
 6.10387  1.78412  0.02090
 6.17526  1.68198  0.02061
 6.24665  1.65081  0.02035
 6.31804  1.61407  0.02026
 6.38943  1.57431  0.01750
 6.46082  1.50138  0.01654
 6.53221  1.44737  0.01876
 6.60360  1.40546  0.01647
 6.67499  1.37555  0.01553
 6.74638  1.32910  0.01725
 6.81777  1.26404  0.01579
 6.88916  1.27977  0.01582
 6.96055  1.25410  0.01590
 7.03194  1.22481  0.01300
 7.10333  1.22456  0.01406
 7.17472  1.18864  0.01373
 7.24611  1.21621  0.01266
 7.31750  1.16961  0.01399
 7.38889  1.15428  0.01333
 7.46028  1.14400  0.01277
 7.53167  1.14487  0.01263
 7.60306  1.13612  0.01222
 7.67445  1.15306  0.01267
 7.74584  1.10355  0.01089
 7.81723  1.10362  0.01279
 7.88862  1.10351  0.01226
 7.96001  1.11477  0.01139
 8.03140  1.09223  0.01163
 8.10279  1.07671  0.01112
 8.17418  1.08409  0.01188
 8.24557  1.09926  0.01237
 8.31696  1.08549  0.01168
 8.38835  1.09394  0.01122
 8.45974  1.08759  0.01094
 8.53113  1.09741  0.01135
 8.60252  1.09757  0.01163
 8.67391  1.09006  0.00991
 8.74530  1.10243  0.00977
 8.81669  1.10467  0.01109
 8.88808  1.10010  0.00969
 8.95947  1.08859  0.01067
 9.03087  1.09887  0.01101
 9.10226  1.09166  0.01038
 9.17365  1.07276  0.01040
 9.24504  1.09759  0.01070
 9.31643  1.09142  0.00923
 9.38782  1.07111  0.01038
 9.45921  1.06455  0.01026
 9.53060  1.08085  0.00952
 9.60199  1.08989  0.00957
 9.67338  1.07587  0.01002
 9.74477  1.06794  0.00960
 9.81616  1.05426  0.00913
 9.88755  1.05627  0.00912
 9.95894  1.04483  0.01023
10.03033  1.04318  0.00921
10.10172  1.05466  0.00848
10.17311  1.05054  0.00990
10.24450  1.04306  0.00913
10.31589  1.05350  0.00999
10.38728  1.05389  0.00856
10.45867  1.04664  0.00807
10.53006  1.03680  0.00906
10.60145  1.04266  0.00881
10.67284  1.05036  0.00896
10.74423  1.04153  0.00869
10.81562  1.04496  0.00918
10.88701  1.02343  0.00884
10.95840  1.03762  0.00853
11.02979  1.04214  0.00855
11.10118  1.02855  0.00751
11.17257  1.03481  0.00883
11.24396  1.02544  0.00864
11.31535  1.03532  0.00692
11.38674  1.02914  0.00837
11.45813  1.04419  0.00788
11.52952  1.03446  0.00693
11.60091  1.04199  0.00761
11.67230  1.03624  0.00831
11.74369  1.02452  0.00781
11.81508  1.02727  0.00805
11.88647  1.03223  0.00831
11.95786  1.02683  0.00711
12.02925  1.02163  0.00834
12.10065  1.02459  0.00731
12.17204  1.01554  0.00714
12.24343  1.01740  0.00775
12.31482  1.03604  0.00709
12.38621  1.02526  0.00707
12.45760  1.01882  0.00727
12.52899  1.01932  0.00768
12.60038  1.01428  0.00749
12.67177  1.02335  0.00728
12.74316  1.00665  0.00653
12.81455  1.02377  0.00735
12.88594  1.01455  0.00707
12.95733  1.01159  0.00622
13.02872  1.01358  0.00687
13.10011  1.01535  0.00702
13.17150  1.01301  0.00727
13.24289  1.00686  0.00634
13.31428  1.01467  0.00633
13.38567  1.01842  0.00642
13.45706  1.00217  0.00648
13.52845  1.00507  0.00602
13.59984  1.00871  0.00677
13.67123  1.00328  0.00710
13.74262  1.00499  0.00612
13.81401  1.00552  0.00611
13.88540  1.00729  0.00644
13.95679  1.00958  0.00627
14.02818  1.00253  0.00553
14.09957  1.00376  0.00584
14.17096  1.00074  0.00620
14.24235  0.99669  0.00584
14.31374  1.00430  0.00625
14.38513  0.99897  0.00671
14.45652  0.99789  0.00659
14.52791  1.00560  0.00480
14.59930  1.00183  0.00567
14.67069  0.99574  0.00647
14.74208  0.99644  0.00581
14.81347  1.00303  0.00598
14.88486  0.99545  0.00656
14.95625  0.99950  0.00513
15.02764  1.00237  0.00616
15.09904  0.99288  0.00575
15.17043  0.99500  0.00623
15.24182  0.99206  0.00590
15.31321  0.99604  0.00550
15.38460  1.00003  0.00567
15.45599  0.99412  0.00583
15.52738  0.99626  0.00572
15.59877  1.01022  0.00571
15.67016  0.98836  0.00582
15.74155  0.99530  0.00593
15.81294  0.99302  0.00590
15.88433  0.99637  0.00579
15.95572  0.98909  0.00615
16.02711  0.99171  0.00569
16.09850  0.99095  0.00568
16.16989  0.97926  0.00482
16.24128  0.99465  0.00479
16.31267  0.99356  0.00489
16.38406  0.99298  0.00555
16.45545  0.99050  0.00508
16.52684  0.98485  0.00502
16.59823  0.98483  0.00541
16.66962  0.98603  0.00474
16.74101  0.99654  0.00540
16.81240  0.98531  0.00516
16.88379  0.99571  0.00526
16.95518  0.98578  0.00479
17.02657  0.98799  0.00481
17.09796  0.99726  0.00497
17.16935  0.99142  0.00533
17.24074  0.98851  0.00528
17.31213  0.98366  0.00467
17.38352  0.98856  0.00494
17.45491  0.98830  0.00483
17.52630  0.98646  0.00505
17.59769  0.99110  0.00478
17.66908  0.98012  0.00532
17.74047  0.98413  0.00504
17.81186  0.98808  0.00476
17.88325  0.98297  0.00484
17.95464  0.98493  0.00470
18.02603  0.98804  0.00480
18.09743  0.98700  0.00507
18.16882  0.98900  0.00445
18.24021  0.98856  0.00479
18.31160  0.98018  0.00446
18.38299  0.98980  0.00455
18.45438  0.98026  0.00493
18.52577  0.98696  0.00444
18.59716  0.99166  0.00452
18.66855  0.98926  0.00463
18.73994  0.99201  0.00503
18.81133  0.98498  0.00485
18.88272  0.98936  0.00466
18.95411  0.97977  0.00406
19.02550  0.98385  0.00463
19.09689  0.97867  0.00466
19.16828  0.98579  0.00462
19.23967  0.98137  0.00464
19.31106  0.97579  0.00416
19.38245  0.98307  0.00452
19.45384  0.97652  0.00463
19.52523  0.97887  0.00445
19.59662  0.98064  0.00414
19.66801  0.97951  0.00458
19.73940  0.97385  0.00434
19.81079  0.97630  0.00454
19.88218  0.97967  0.00442
19.95357  0.99020  0.00413
20.02496  0.97308  0.00383
20.09635  0.98566  0.00453
20.16774  0.97670  0.00456
20.23913  0.97809  0.00388
20.31052  0.97802  0.00385
20.38191  0.98512  0.00397
20.45330  0.98132  0.00432
20.52469  0.97649  0.00427
20.59608  0.97931  0.00405
20.66747  0.98543  0.00436
20.73886  0.97765  0.00406
20.81025  0.97798  0.00412
20.88164  0.98347  0.00448
20.95303  0.97834  0.00391
21.02442  0.98237  0.00401
21.09582  0.97931  0.00428
21.16721  0.96849  0.00384
21.23860  0.98346  0.00367
21.30999  0.98322  0.00447
21.38138  0.97787  0.00440
