 0.03570  0.00000
 0.10709  0.00000
 0.17848  0.00000
 0.24987  0.00000
 0.32126  0.00000
 0.39265  0.00000
 0.46404  0.00000
 0.53543  0.00000
 0.60682  0.00000
 0.67821  0.00000
 0.74960  0.00000
 0.82099  0.00000
 0.89238  0.00000
 0.96377  0.00000
 1.03516  0.00000
 1.10655  0.00000
 1.17794  0.00000
 1.24933  0.00000
 1.32072  0.00000
 1.39211  0.00000
 1.46350  0.00000
 1.53489  0.00000
 1.60628  0.00000
 1.67767  0.00000
 1.74906  0.00000
 1.82045  0.00000
 1.89184  0.00000
 1.96323  0.00000
 2.03462  0.00000
 2.10601  0.00000
 2.17740  0.00000
 2.24879  0.00000
 2.32018  0.00000
 2.39157  0.00000
 2.46296  0.00000
 2.53435  0.00000
 2.60574  0.00003
 2.67713  0.00051
 2.74852  0.00794
 2.81991  0.04575
 2.89130  0.14931
 2.96269  0.32048
 3.03409  0.51927
 3.10548  0.69182
 3.17687  0.81438
 3.24826  0.89616
 3.31965  0.95662
 3.39104  1.00695
 3.46243  1.07021
 3.53382  1.13228
 3.60521  1.20260
 3.67660  1.26200
 3.74799  1.30979
 3.81938  1.31348
 3.89077  1.28529
 3.96216  1.23199
 4.03355  1.17628
 4.10494  1.11110
 4.17633  1.06652
 4.24772  1.02551
 4.31911  0.99746
 4.39050  0.97759
 4.46189  0.96455
 4.53328  0.95855
 4.60467  0.95578
 4.67606  0.95522
 4.74745  0.95482
 4.81884  0.96159
 4.89023  0.96669
 4.96162  0.97756
 5.03301  0.99559
 5.10440  1.00938
 5.17579  1.02252
 5.24718  1.03059
 5.31857  1.03417
 5.38996  1.03122
 5.46135  1.02220
 5.53274  1.00976
 5.60413  0.99760
 5.67552  0.98802
 5.74691  0.97969
 5.81830  0.97440
 5.88969  0.97402
 5.96108  0.97436
 6.03248  0.97570
 6.10387  0.97724
 6.17526  0.97933
 6.24665  0.97815
 6.31804  0.98260
 6.38943  0.98173
 6.46082  0.97989
 6.53221  0.98096
 6.60360  0.98067
 6.67499  0.97773
 6.74638  0.97926
 6.81777  0.97589
 6.88916  0.97651
 6.96055  0.97736
 7.03194  0.98075
 7.10333  0.98003
 7.17472  0.98218
 7.24611  0.98550
 7.31750  0.98489
 7.38889  0.98934
 7.46028  0.99048
 7.53167  0.99510
 7.60306  0.99728
 7.67445  0.99834
 7.74584  1.00008
 7.81723  1.00359
 7.88862  1.00565
 7.96001  1.00576
 8.03140  1.00656
 8.10279  1.00645
 8.17418  1.00835
 8.24557  1.00506
 8.31696  1.00371
 8.38835  1.00470
 8.45974  1.00110
 8.53113  1.00034
 8.60252  0.99837
 8.67391  0.99798
 8.74530  0.99650
 8.81669  0.99646
 8.88808  0.99777
 8.95947  0.99714
 9.03087  0.99644
 9.10226  0.99524
 9.17365  0.99627
 9.24504  0.99382
 9.31643  0.99454
 9.38782  0.99440
 9.45921  0.99533
 9.53060  0.99488
 9.60199  0.99564
 9.67338  0.99684
 9.74477  0.99715
 9.81616  0.99764
 9.88755  0.99629
 9.95894  0.99716
10.03033  0.99756
10.10172  0.99969
10.17311  0.99873
10.24450  1.00057
10.31589  0.99957
10.38728  1.00017
10.45867  0.99870
10.53006  1.00192
10.60145  1.00054
10.67284  1.00062
10.74423  1.00117
10.81562  1.00085
10.88701  1.00089
10.95840  1.00272
11.02979  1.00096
11.10118  1.00003
11.17257  1.00126
11.24396  1.00172
11.31535  1.00001
11.38674  1.00109
11.45813  1.00045
11.52952  1.00096
11.60091  0.99996
11.67230  1.00237
11.74369  0.99949
11.81508  1.00023
11.88647  1.00041
11.95786  1.00007
12.02925  0.99975
12.10065  1.00061
12.17204  1.00011
12.24343  1.00056
12.31482  1.00129
12.38621  1.00056
12.45760  1.00017
12.52899  1.00048
12.60038  1.00162
12.67177  1.00156
12.74316  1.00138
12.81455  1.00129
12.88594  1.00088
12.95733  0.99992
13.02872  0.99990
13.10011  1.00130
13.17150  1.00149
13.24289  1.00163
13.31428  1.00132
13.38567  1.00095
13.45706  0.99896
13.52845  1.00062
13.59984  1.00076
13.67123  1.00136
13.74262  1.00222
13.81401  1.00131
13.88540  1.00152
13.95679  1.00041
14.02818  1.00136
14.09957  1.00093
14.17096  1.00127
14.24235  1.00074
14.31374  1.00165
14.38513  1.00198
14.45652  1.00059
14.52791  1.00294
14.59930  1.00139
14.67069  1.00139
14.74208  1.00237
14.81347  1.00116
14.88486  1.00126
14.95625  1.00252
15.02764  1.00148
15.09904  1.00193
15.17043  1.00050
15.24182  1.00155
15.31321  1.00134
15.38460  1.00079
15.45599  1.00101
15.52738  1.00194
15.59877  1.00082
15.67016  1.00087
15.74155  1.00122
15.81294  1.00175
15.88433  1.00057
15.95572  1.00110
16.02711  1.00033
16.09850  1.00181
16.16989  1.00128
16.24128  1.00088
16.31267  1.00075
16.38406  1.00140
16.45545  1.00218
16.52684  1.00161
16.59823  1.00148
16.66962  1.00190
16.74101  1.00168
16.81240  1.00134
16.88379  1.00223
16.95518  1.00186
17.02657  1.00252
17.09796  1.00234
17.16935  1.00142
17.24074  1.00112
17.31213  1.00184
17.38352  1.00066
17.45491  1.00149
17.52630  1.00112
17.59769  1.00110
17.66908  1.00106
17.74047  1.00207
17.81186  1.00137
17.88325  1.00146
17.95464  1.00118
18.02603  1.00076
18.09743  1.00227
18.16882  1.00202
18.24021  1.00162
18.31160  1.00116
18.38299  1.00179
18.45438  1.00159
18.52577  1.00180
18.59716  1.00127
18.66855  1.00157
18.73994  1.00198
18.81133  1.00196
18.88272  1.00141
18.95411  1.00117
19.02550  1.00175
19.09689  1.00158
19.16828  1.00184
19.23967  1.00179
19.31106  1.00141
19.38245  1.00167
19.45384  1.00142
19.52523  1.00271
19.59662  1.00261
19.66801  1.00217
19.73940  1.00143
19.81079  1.00171
19.88218  1.00153
19.95357  1.00094
20.02496  1.00074
20.09635  1.00197
20.16774  1.00162
20.23913  1.00183
20.31052  1.00144
20.38191  1.00139
20.45330  1.00109
20.52469  1.00152
20.59608  1.00199
20.66747  1.00168
20.73886  1.00191
20.81025  1.00200
20.88164  1.00144
20.95303  1.00177
21.02442  1.00169
21.09582  1.00169
21.16721  1.00196
21.23860  1.00142
21.30999  1.00122
21.38138  1.00097
