 0.03570  0.00000
 0.10709  0.00000
 0.17848  0.00000
 0.24987  0.00000
 0.32126  0.00000
 0.39265  0.00000
 0.46404  0.00000
 0.53543  0.00000
 0.60682  0.00000
 0.67821  0.00000
 0.74960  0.00000
 0.82099  0.00000
 0.89238  0.00000
 0.96377  0.00000
 1.03516  0.00000
 1.10655  0.00000
 1.17794  0.00000
 1.24933  0.00000
 1.32072  0.00000
 1.39211  0.00000
 1.46350  0.00000
 1.53489  0.00000
 1.60628  0.00000
 1.67767  0.00000
 1.74906  0.00000
 1.82045  0.00000
 1.89184  0.00000
 1.96323  0.00000
 2.03462  0.00000
 2.10601  0.00000
 2.17740  0.00000
 2.24879  0.00000
 2.32018  0.00000
 2.39157  0.00000
 2.46296  0.00000
 2.53435  0.00000
 2.60574  0.00000
 2.67713  0.00000
 2.74852  0.00000
 2.81991  0.00000
 2.89130  0.00000
 2.96269  0.00005
 3.03409  0.00130
 3.10548  0.01017
 3.17687  0.04910
 3.24826  0.15692
 3.31965  0.36326
 3.39104  0.63992
 3.46243  0.91437
 3.53382  1.13913
 3.60521  1.27892
 3.67660  1.36537
 3.74799  1.40804
 3.81938  1.41511
 3.89077  1.40715
 3.96216  1.37316
 4.03355  1.31223
 4.10494  1.22041
 4.17633  1.10880
 4.24772  0.99902
 4.31911  0.92449
 4.39050  0.86945
 4.46189  0.84219
 4.53328  0.83435
 4.60467  0.83893
 4.67606  0.85626
 4.74745  0.87531
 4.81884  0.90209
 4.89023  0.92238
 4.96162  0.94652
 5.03301  0.96172
 5.10440  0.97553
 5.17579  0.98443
 5.24718  0.99425
 5.31857  0.99845
 5.38996  0.99956
 5.46135  1.00180
 5.53274  1.00660
 5.60413  1.00587
 5.67552  1.00991
 5.74691  1.01073
 5.81830  1.01177
 5.88969  1.01961
 5.96108  1.01950
 6.03248  1.02351
 6.10387  1.02736
 6.17526  1.02410
 6.24665  1.02064
 6.31804  1.01341
 6.38943  1.00446
 6.46082  0.99342
 6.53221  0.98594
 6.60360  0.97453
 6.67499  0.96471
 6.74638  0.96037
 6.81777  0.95664
 6.88916  0.95271
 6.96055  0.95039
 7.03194  0.95041
 7.10333  0.95260
 7.17472  0.95596
 7.24611  0.96372
 7.31750  0.96904
 7.38889  0.97643
 7.46028  0.97979
 7.53167  0.98827
 7.60306  0.99174
 7.67445  0.99905
 7.74584  1.00099
 7.81723  1.00713
 7.88862  1.00679
 7.96001  1.01026
 8.03140  1.01316
 8.10279  1.01374
 8.17418  1.01361
 8.24557  1.01524
 8.31696  1.01339
 8.38835  1.01160
 8.45974  1.01197
 8.53113  1.00980
 8.60252  1.00708
 8.67391  1.00701
 8.74530  1.00728
 8.81669  1.00549
 8.88808  1.00239
 8.95947  1.00075
 9.03087  1.00105
 9.10226  0.99887
 9.17365  0.99793
 9.24504  0.99628
 9.31643  0.99779
 9.38782  0.99465
 9.45921  0.99501
 9.53060  0.99577
 9.60199  0.99429
 9.67338  0.99563
 9.74477  0.99585
 9.81616  0.99871
 9.88755  0.99721
 9.95894  0.99982
10.03033  1.00007
10.10172  0.99909
10.17311  1.00086
10.24450  1.00127
10.31589  1.00342
10.38728  1.00232
10.45867  1.00252
10.53006  1.00355
10.60145  1.00419
10.67284  1.00413
10.74423  1.00331
10.81562  1.00276
10.88701  1.00281
10.95840  1.00335
11.02979  1.00205
11.10118  1.00184
11.17257  1.00223
11.24396  1.00076
11.31535  1.00014
11.38674  1.00193
11.45813  1.00066
11.52952  1.00189
11.60091  1.00198
11.67230  1.00123
11.74369  1.00155
11.81508  1.00251
11.88647  1.00171
11.95786  1.00346
12.02925  1.00114
12.10065  1.00156
12.17204  1.00179
12.24343  1.00245
12.31482  1.00249
12.38621  1.00126
12.45760  1.00256
12.52899  1.00243
12.60038  1.00189
12.67177  1.00174
12.74316  1.00067
12.81455  1.00292
12.88594  1.00161
12.95733  1.00215
13.02872  1.00199
13.10011  1.00150
13.17150  1.00266
13.24289  1.00186
13.31428  1.00113
13.38567  1.00155
13.45706  1.00339
13.52845  1.00163
13.59984  1.00194
13.67123  1.00138
13.74262  1.00111
13.81401  1.00160
13.88540  1.00199
13.95679  1.00238
14.02818  1.00194
14.09957  1.00204
14.17096  1.00233
14.24235  1.00235
14.31374  1.00292
14.38513  1.00248
14.45652  1.00103
14.52791  1.00127
14.59930  1.00149
14.67069  1.00319
14.74208  1.00248
14.81347  1.00287
14.88486  1.00139
14.95625  1.00219
15.02764  1.00216
15.09904  1.00228
15.17043  1.00286
15.24182  1.00280
15.31321  1.00275
15.38460  1.00180
15.45599  1.00246
15.52738  1.00156
15.59877  1.00136
15.67016  1.00095
15.74155  1.00202
15.81294  1.00258
15.88433  1.00257
15.95572  1.00157
16.02711  1.00173
16.09850  1.00188
16.16989  1.00106
16.24128  1.00262
16.31267  1.00151
16.38406  1.00303
16.45545  1.00213
16.52684  1.00337
16.59823  1.00224
16.66962  1.00289
16.74101  1.00260
16.81240  1.00173
16.88379  1.00125
16.95518  1.00280
17.02657  1.00180
17.09796  1.00220
17.16935  1.00186
17.24074  1.00214
17.31213  1.00222
17.38352  1.00220
17.45491  1.00237
17.52630  1.00197
17.59769  1.00224
17.66908  1.00262
17.74047  1.00256
17.81186  1.00330
17.88325  1.00219
17.95464  1.00244
18.02603  1.00246
18.09743  1.00272
18.16882  1.00232
18.24021  1.00226
18.31160  1.00177
18.38299  1.00121
18.45438  1.00252
18.52577  1.00292
18.59716  1.00198
18.66855  1.00162
18.73994  1.00281
18.81133  1.00248
18.88272  1.00239
18.95411  1.00208
19.02550  1.00260
19.09689  1.00243
19.16828  1.00249
19.23967  1.00203
19.31106  1.00182
19.38245  1.00159
19.45384  1.00268
19.52523  1.00132
19.59662  1.00146
19.66801  1.00184
19.73940  1.00234
19.81079  1.00269
19.88218  1.00196
19.95357  1.00185
20.02496  1.00250
20.09635  1.00261
20.16774  1.00197
20.23913  1.00212
20.31052  1.00161
20.38191  1.00220
20.45330  1.00311
20.52469  1.00146
20.59608  1.00240
20.66747  1.00261
20.73886  1.00242
20.81025  1.00197
20.88164  1.00254
20.95303  1.00202
21.02442  1.00265
21.09582  1.00243
21.16721  1.00277
21.23860  1.00223
21.30999  1.00237
21.38138  1.00147
