 0.03570      inf      nan
 0.10709      inf      nan
 0.17848      inf      nan
 0.24987      inf      nan
 0.32126      inf      nan
 0.39265      inf      nan
 0.46404      inf      nan
 0.53543      inf      nan
 0.60682      inf      nan
 0.67821      inf      nan
 0.74960      inf      nan
 0.82099      inf      nan
 0.89238      inf      nan
 0.96377      inf      nan
 1.03516      inf      nan
 1.10655      inf      nan
 1.17794      inf      nan
 1.24933      inf      nan
 1.32072      inf      nan
 1.39211      inf      nan
 1.46350      inf      nan
 1.53489      inf      nan
 1.60628      inf      nan
 1.67767      inf      nan
 1.74906      inf      nan
 1.82045      inf      nan
 1.89184      inf      nan
 1.96323      inf      nan
 2.03462      inf      nan
 2.10601      inf      nan
 2.17740      inf      nan
 2.24879      inf      nan
 2.32018      inf      nan
 2.39157      inf      nan
 2.46296      inf      nan
 2.53435      inf      nan
 2.60574      inf      nan
 2.67713      inf      nan
 2.74852      inf      nan
 2.81991      inf      nan
 2.89130      inf      nan
 2.96269      inf      nan
 3.03409      inf      nan
 3.10548      inf      nan
 3.17687  3.87583  0.48810
 3.24826  3.16051  0.20132
 3.31965  2.32472  0.09885
 3.39104  1.37390  0.04712
 3.46243  0.90681  0.03144
 3.53382  0.47147  0.02113
 3.60521  0.16451  0.01632
 3.67660 -0.03044  0.01464
 3.74799 -0.13965  0.01267
 3.81938 -0.27224  0.01183
 3.89077 -0.32644  0.01120
 3.96216 -0.38644  0.00898
 4.03355 -0.41567  0.00906
 4.10494 -0.45915  0.00997
 4.17633 -0.48803  0.00821
 4.24772 -0.51086  0.00844
 4.31911 -0.52406  0.00858
 4.39050 -0.52258  0.00835
 4.46189 -0.52789  0.00866
 4.53328 -0.51716  0.00799
 4.60467 -0.52953  0.00795
 4.67606 -0.54002  0.00744
 4.74745 -0.50685  0.00771
 4.81884 -0.50997  0.00803
 4.89023 -0.49984  0.00779
 4.96162 -0.46747  0.00771
 5.03301 -0.46953  0.00775
 5.10440 -0.44064  0.00769
 5.17579 -0.42824  0.00716
 5.24718 -0.42141  0.00760
 5.31857 -0.39680  0.00855
 5.38996 -0.38749  0.00737
 5.46135 -0.37045  0.00783
 5.53274 -0.36754  0.00762
 5.60413 -0.35872  0.00797
 5.67552 -0.36256  0.00711
 5.74691 -0.36657  0.00799
 5.81830 -0.36767  0.00696
 5.88969 -0.36920  0.00750
 5.96108 -0.36342  0.00629
 6.03248 -0.34487  0.00687
 6.10387 -0.34272  0.00694
 6.17526 -0.30782  0.00725
 6.24665 -0.29675  0.00730
 6.31804 -0.28343  0.00743
 6.38943 -0.26866  0.00658
 6.46082 -0.24058  0.00652
 6.53221 -0.21889  0.00767
 6.60360 -0.20149  0.00694
 6.67499 -0.18876  0.00668
 6.74638 -0.16843  0.00768
 6.81777 -0.13871  0.00739
 6.88916 -0.14603  0.00732
 6.96055 -0.13404  0.00750
 7.03194 -0.12005  0.00628
 7.10333 -0.11993  0.00680
 7.17472 -0.10230  0.00684
 7.24611 -0.11588  0.00616
 7.31750 -0.09275  0.00708
 7.38889 -0.08494  0.00684
 7.46028 -0.07964  0.00661
 7.53167 -0.08009  0.00653
 7.60306 -0.07555  0.00637
 7.67445 -0.08431  0.00651
 7.74584 -0.05833  0.00584
 7.81723 -0.05837  0.00686
 7.88862 -0.05831  0.00658
 7.96001 -0.06432  0.00605
 8.03140 -0.05223  0.00630
 8.10279 -0.04375  0.00611
 8.17418 -0.04780  0.00649
 8.24557 -0.05602  0.00666
 8.31696 -0.04856  0.00637
 8.38835 -0.05315  0.00607
 8.45974 -0.04971  0.00595
 8.53113 -0.05503  0.00612
 8.60252 -0.05511  0.00627
 8.67391 -0.05105  0.00538
 8.74530 -0.05773  0.00525
 8.81669 -0.05893  0.00594
 8.88808 -0.05648  0.00521
 8.95947 -0.05025  0.00580
 9.03087 -0.05582  0.00593
 9.10226 -0.05192  0.00563
 9.17365 -0.04158  0.00574
 9.24504 -0.05512  0.00577
 9.31643 -0.05179  0.00501
 9.38782 -0.04067  0.00574
 9.45921 -0.03703  0.00570
 9.53060 -0.04603  0.00522
 9.60199 -0.05096  0.00520
 9.67338 -0.04329  0.00552
 9.74477 -0.03891  0.00532
 9.81616 -0.03128  0.00512
 9.88755 -0.03241  0.00511
 9.95894 -0.02596  0.00580
10.03033 -0.02503  0.00522
10.10172 -0.03151  0.00476
10.17311 -0.02919  0.00558
10.24450 -0.02496  0.00518
10.31589 -0.03085  0.00562
10.38728 -0.03107  0.00481
10.45867 -0.02698  0.00457
10.53006 -0.02139  0.00517
10.60145 -0.02473  0.00500
10.67284 -0.02909  0.00505
10.74423 -0.02409  0.00494
10.81562 -0.02604  0.00520
10.88701 -0.01371  0.00511
10.95840 -0.02186  0.00487
11.02979 -0.02444  0.00485
11.10118 -0.01666  0.00432
11.17257 -0.02026  0.00505
11.24396 -0.01487  0.00499
11.31535 -0.02055  0.00396
11.38674 -0.01700  0.00481
11.45813 -0.02560  0.00447
11.52952 -0.02006  0.00397
11.60091 -0.02435  0.00432
11.67230 -0.02108  0.00475
11.74369 -0.01434  0.00451
11.81508 -0.01593  0.00464
11.88647 -0.01878  0.00476
11.95786 -0.01567  0.00410
12.02925 -0.01267  0.00483
12.10065 -0.01438  0.00422
12.17204 -0.00913  0.00416
12.24343 -0.01021  0.00451
12.31482 -0.02096  0.00405
12.38621 -0.01477  0.00408
12.45760 -0.01104  0.00422
12.52899 -0.01133  0.00446
12.60038 -0.00839  0.00437
12.67177 -0.01366  0.00421
12.74316 -0.00393  0.00384
12.81455 -0.01391  0.00425
12.88594 -0.00855  0.00413
12.95733 -0.00682  0.00364
13.02872 -0.00799  0.00402
13.10011 -0.00902  0.00410
13.17150 -0.00765  0.00425
13.24289 -0.00405  0.00373
13.31428 -0.00862  0.00369
13.38567 -0.01081  0.00373
13.45706 -0.00128  0.00383
13.52845 -0.00299  0.00355
13.59984 -0.00513  0.00397
13.67123 -0.00194  0.00419
13.74262 -0.00295  0.00360
13.81401 -0.00326  0.00360
13.88540 -0.00430  0.00379
13.95679 -0.00564  0.00368
14.02818 -0.00149  0.00326
14.09957 -0.00222  0.00344
14.17096 -0.00044  0.00367
14.24235  0.00196  0.00347
14.31374 -0.00254  0.00368
14.38513  0.00061  0.00397
14.45652  0.00125  0.00391
14.52791 -0.00331  0.00282
14.59930 -0.00108  0.00335
14.67069  0.00253  0.00384
14.74208  0.00211  0.00345
14.81347 -0.00179  0.00353
14.88486  0.00270  0.00390
14.95625  0.00030  0.00304
15.02764 -0.00140  0.00364
15.09904  0.00423  0.00343
15.17043  0.00297  0.00370
15.24182  0.00472  0.00352
15.31321  0.00235  0.00327
15.38460 -0.00002  0.00336
15.45599  0.00349  0.00347
15.52738  0.00222  0.00340
15.59877 -0.00602  0.00335
15.67016  0.00693  0.00348
15.74155  0.00279  0.00353
15.81294  0.00414  0.00352
15.88433  0.00215  0.00344
15.95572  0.00649  0.00368
16.02711  0.00493  0.00340
16.09850  0.00538  0.00339
16.16989  0.01241  0.00292
16.24128  0.00317  0.00285
16.31267  0.00383  0.00291
16.38406  0.00417  0.00331
16.45545  0.00565  0.00304
16.52684  0.00903  0.00302
16.59823  0.00905  0.00325
16.66962  0.00833  0.00285
16.74101  0.00205  0.00321
16.81240  0.00876  0.00310
16.88379  0.00255  0.00313
16.95518  0.00848  0.00287
17.02657  0.00715  0.00288
17.09796  0.00162  0.00295
17.16935  0.00510  0.00318
17.24074  0.00684  0.00316
17.31213  0.00975  0.00281
17.38352  0.00681  0.00296
17.45491  0.00697  0.00290
17.52630  0.00807  0.00303
17.59769  0.00529  0.00286
17.66908  0.01189  0.00322
17.74047  0.00947  0.00303
17.81186  0.00710  0.00285
17.88325  0.01017  0.00291
17.95464  0.00899  0.00283
18.02603  0.00712  0.00288
18.09743  0.00774  0.00304
18.16882  0.00655  0.00267
18.24021  0.00681  0.00287
18.31160  0.01185  0.00269
18.38299  0.00607  0.00272
18.45438  0.01180  0.00298
18.52577  0.00777  0.00266
18.59716  0.00496  0.00270
18.66855  0.00639  0.00277
18.73994  0.00475  0.00300
18.81133  0.00896  0.00291
18.88272  0.00633  0.00279
18.95411  0.01210  0.00245
19.02550  0.00964  0.00279
19.09689  0.01276  0.00282
19.16828  0.00847  0.00277
19.23967  0.01113  0.00280
19.31106  0.01451  0.00253
19.38245  0.01011  0.00272
19.45384  0.01407  0.00281
19.52523  0.01265  0.00269
19.59662  0.01157  0.00250
19.66801  0.01226  0.00277
19.73940  0.01569  0.00264
19.81079  0.01420  0.00275
19.88218  0.01216  0.00267
19.95357  0.00583  0.00247
20.02496  0.01616  0.00233
20.09635  0.00855  0.00272
20.16774  0.01396  0.00276
20.23913  0.01311  0.00235
20.31052  0.01316  0.00233
20.38191  0.00888  0.00239
20.45330  0.01117  0.00260
20.52469  0.01408  0.00259
20.59608  0.01238  0.00245
20.66747  0.00869  0.00262
20.73886  0.01338  0.00246
20.81025  0.01318  0.00250
20.88164  0.00987  0.00269
20.95303  0.01296  0.00237
21.02442  0.01053  0.00241
21.09582  0.01238  0.00258
21.16721  0.01896  0.00235
21.23860  0.00988  0.00221
21.30999  0.01002  0.00269
21.38138  0.01325  0.00267
