 0.03570      inf
 0.10709      inf
 0.17848      inf
 0.24987      inf
 0.32126      inf
 0.39265      inf
 0.46404      inf
 0.53543      inf
 0.60682      inf
 0.67821      inf
 0.74960      inf
 0.82099      inf
 0.89238      inf
 0.96377      inf
 1.03516      inf
 1.10655      inf
 1.17794      inf
 1.24933      inf
 1.32072      inf
 1.39211      inf
 1.46350      inf
 1.53489      inf
 1.60628      inf
 1.67767      inf
 1.74906      inf
 1.82045      inf
 1.89184      inf
 1.96323      inf
 2.03462      inf
 2.10601      inf
 2.17740      inf
 2.24879      inf
 2.32018      inf
 2.39157      inf
 2.46296      inf
 2.53435      inf
 2.60574  6.19596
 2.67713  4.48485
 2.74852  2.86307
 2.81991  1.82606
 2.89130  1.12581
 2.96269  0.67366
 3.03409  0.38796
 3.10548  0.21811
 3.17687  0.12155
 3.24826  0.06491
 3.31965  0.02625
 3.39104 -0.00410
 3.46243 -0.04017
 3.53382 -0.07354
 3.60521 -0.10922
 3.67660 -0.13776
 3.74799 -0.15976
 3.81938 -0.16143
 3.89077 -0.14858
 3.96216 -0.12351
 4.03355 -0.09612
 4.10494 -0.06237
 4.17633 -0.03813
 4.24772 -0.01491
 4.31911  0.00151
 4.39050  0.01342
 4.46189  0.02137
 4.53328  0.02506
 4.60467  0.02677
 4.67606  0.02712
 4.74745  0.02737
 4.81884  0.02319
 4.89023  0.02006
 4.96162  0.01344
 5.03301  0.00262
 5.10440 -0.00552
 5.17579 -0.01318
 5.24718 -0.01784
 5.31857 -0.01989
 5.38996 -0.01820
 5.46135 -0.01300
 5.53274 -0.00575
 5.60413  0.00142
 5.67552  0.00714
 5.74691  0.01215
 5.81830  0.01535
 5.88969  0.01558
 5.96108  0.01538
 6.03248  0.01456
 6.10387  0.01363
 6.17526  0.01236
 6.24665  0.01308
 6.31804  0.01039
 6.38943  0.01091
 6.46082  0.01203
 6.53221  0.01138
 6.60360  0.01155
 6.67499  0.01333
 6.74638  0.01241
 6.81777  0.01445
 6.88916  0.01407
 6.96055  0.01355
 7.03194  0.01151
 7.10333  0.01194
 7.17472  0.01065
 7.24611  0.00865
 7.31750  0.00902
 7.38889  0.00634
 7.46028  0.00566
 7.53167  0.00291
 7.60306  0.00161
 7.67445  0.00098
 7.74584 -0.00005
 7.81723 -0.00212
 7.88862 -0.00333
 7.96001 -0.00340
 8.03140 -0.00387
 8.10279 -0.00380
 8.17418 -0.00492
 8.24557 -0.00299
 8.31696 -0.00219
 8.38835 -0.00277
 8.45974 -0.00065
 8.53113 -0.00020
 8.60252  0.00096
 8.67391  0.00120
 8.74530  0.00208
 8.81669  0.00210
 8.88808  0.00132
 8.95947  0.00169
 9.03087  0.00211
 9.10226  0.00282
 9.17365  0.00221
 9.24504  0.00367
 9.31643  0.00324
 9.38782  0.00333
 9.45921  0.00277
 9.53060  0.00304
 9.60199  0.00259
 9.67338  0.00187
 9.74477  0.00169
 9.81616  0.00140
 9.88755  0.00220
 9.95894  0.00168
10.03033  0.00145
10.10172  0.00018
10.17311  0.00075
10.24450 -0.00033
10.31589  0.00025
10.38728 -0.00010
10.45867  0.00077
10.53006 -0.00113
10.60145 -0.00032
10.67284 -0.00036
10.74423 -0.00069
10.81562 -0.00051
10.88701 -0.00053
10.95840 -0.00161
11.02979 -0.00057
11.10118 -0.00002
11.17257 -0.00074
11.24396 -0.00102
11.31535 -0.00001
11.38674 -0.00065
11.45813 -0.00027
11.52952 -0.00057
11.60091  0.00003
11.67230 -0.00140
11.74369  0.00030
11.81508 -0.00014
11.88647 -0.00024
11.95786 -0.00004
12.02925  0.00015
12.10065 -0.00036
12.17204 -0.00006
12.24343 -0.00033
12.31482 -0.00076
12.38621 -0.00033
12.45760 -0.00010
12.52899 -0.00028
12.60038 -0.00096
12.67177 -0.00092
12.74316 -0.00081
12.81455 -0.00076
12.88594 -0.00052
12.95733  0.00005
13.02872  0.00006
13.10011 -0.00077
13.17150 -0.00088
13.24289 -0.00096
13.31428 -0.00078
13.38567 -0.00056
13.45706  0.00062
13.52845 -0.00037
13.59984 -0.00045
13.67123 -0.00080
13.74262 -0.00131
13.81401 -0.00077
13.88540 -0.00090
13.95679 -0.00024
14.02818 -0.00080
14.09957 -0.00055
14.17096 -0.00075
14.24235 -0.00044
14.31374 -0.00098
14.38513 -0.00117
14.45652 -0.00035
14.52791 -0.00174
14.59930 -0.00083
14.67069 -0.00082
14.74208 -0.00140
14.81347 -0.00069
14.88486 -0.00075
14.95625 -0.00149
15.02764 -0.00087
15.09904 -0.00114
15.17043 -0.00030
15.24182 -0.00092
15.31321 -0.00079
15.38460 -0.00047
15.45599 -0.00060
15.52738 -0.00115
15.59877 -0.00049
15.67016 -0.00052
15.74155 -0.00072
15.81294 -0.00103
15.88433 -0.00034
15.95572 -0.00065
16.02711 -0.00019
16.09850 -0.00107
16.16989 -0.00075
16.24128 -0.00052
16.31267 -0.00044
16.38406 -0.00083
16.45545 -0.00129
16.52684 -0.00095
16.59823 -0.00088
16.66962 -0.00112
16.74101 -0.00100
16.81240 -0.00079
16.88379 -0.00132
16.95518 -0.00110
17.02657 -0.00149
17.09796 -0.00139
17.16935 -0.00084
17.24074 -0.00066
17.31213 -0.00109
17.38352 -0.00039
17.45491 -0.00088
17.52630 -0.00066
17.59769 -0.00065
17.66908 -0.00063
17.74047 -0.00122
17.81186 -0.00081
17.88325 -0.00086
17.95464 -0.00070
18.02603 -0.00045
18.09743 -0.00134
18.16882 -0.00119
18.24021 -0.00096
18.31160 -0.00069
18.38299 -0.00106
18.45438 -0.00094
18.52577 -0.00106
18.59716 -0.00075
18.66855 -0.00093
18.73994 -0.00117
18.81133 -0.00116
18.88272 -0.00083
18.95411 -0.00069
19.02550 -0.00103
19.09689 -0.00094
19.16828 -0.00109
19.23967 -0.00106
19.31106 -0.00083
19.38245 -0.00099
19.45384 -0.00084
19.52523 -0.00160
19.59662 -0.00154
19.66801 -0.00128
19.73940 -0.00084
19.81079 -0.00101
19.88218 -0.00090
19.95357 -0.00056
20.02496 -0.00044
20.09635 -0.00117
20.16774 -0.00096
20.23913 -0.00108
20.31052 -0.00085
20.38191 -0.00082
20.45330 -0.00065
20.52469 -0.00090
20.59608 -0.00118
20.66747 -0.00099
20.73886 -0.00113
20.81025 -0.00118
20.88164 -0.00085
20.95303 -0.00104
21.02442 -0.00100
21.09582 -0.00100
21.16721 -0.00116
21.23860 -0.00084
21.30999 -0.00072
21.38138 -0.00057
