 0.03570      inf
 0.10709      inf
 0.17848      inf
 0.24987      inf
 0.32126      inf
 0.39265      inf
 0.46404      inf
 0.53543      inf
 0.60682      inf
 0.67821      inf
 0.74960      inf
 0.82099      inf
 0.89238      inf
 0.96377      inf
 1.03516      inf
 1.10655      inf
 1.17794      inf
 1.24933      inf
 1.32072      inf
 1.39211      inf
 1.46350      inf
 1.53489      inf
 1.60628      inf
 1.67767      inf
 1.74906      inf
 1.82045      inf
 1.89184      inf
 1.96323      inf
 2.03462      inf
 2.10601      inf
 2.17740      inf
 2.24879      inf
 2.32018      inf
 2.39157      inf
 2.46296      inf
 2.53435      inf
 2.60574      inf
 2.67713      inf
 2.74852      inf
 2.81991      inf
 2.89130      inf
 2.96269  5.84635
 3.03409  3.93607
 3.10548  2.71640
 3.17687  1.78417
 3.24826  1.09638
 3.31965  0.59948
 3.39104  0.26428
 3.46243  0.05300
 3.53382 -0.07712
 3.60521 -0.14564
 3.67660 -0.18436
 3.74799 -0.20258
 3.81938 -0.20554
 3.89077 -0.20221
 3.96216 -0.18773
 4.03355 -0.16086
 4.10494 -0.11792
 4.17633 -0.06114
 4.24772  0.00058
 4.31911  0.04648
 4.39050  0.08282
 4.46189  0.10168
 4.53328  0.10721
 4.60467  0.10398
 4.67606  0.09187
 4.74745  0.07884
 4.81884  0.06100
 4.89023  0.04783
 4.96162  0.03254
 5.03301  0.02311
 5.10440  0.01466
 5.17579  0.00929
 5.24718  0.00341
 5.31857  0.00092
 5.38996  0.00026
 5.46135 -0.00106
 5.53274 -0.00390
 5.60413 -0.00346
 5.67552 -0.00584
 5.74691 -0.00632
 5.81830 -0.00693
 5.88969 -0.01150
 5.96108 -0.01143
 6.03248 -0.01376
 6.10387 -0.01598
 6.17526 -0.01410
 6.24665 -0.01209
 6.31804 -0.00789
 6.38943 -0.00263
 6.46082  0.00391
 6.53221  0.00838
 6.60360  0.01528
 6.67499  0.02127
 6.74638  0.02394
 6.81777  0.02625
 6.88916  0.02868
 6.96055  0.03012
 7.03194  0.03011
 7.10333  0.02875
 7.17472  0.02666
 7.24611  0.02188
 7.31750  0.01862
 7.38889  0.01412
 7.46028  0.01209
 7.53167  0.00699
 7.60306  0.00491
 7.67445  0.00056
 7.74584 -0.00059
 7.81723 -0.00421
 7.88862 -0.00401
 7.96001 -0.00604
 8.03140 -0.00774
 8.10279 -0.00808
 8.17418 -0.00800
 8.24557 -0.00896
 8.31696 -0.00787
 8.38835 -0.00683
 8.45974 -0.00704
 8.53113 -0.00577
 8.60252 -0.00418
 8.67391 -0.00414
 8.74530 -0.00430
 8.81669 -0.00324
 8.88808 -0.00141
 8.95947 -0.00044
 9.03087 -0.00062
 9.10226  0.00067
 9.17365  0.00123
 9.24504  0.00221
 9.31643  0.00131
 9.38782  0.00318
 9.45921  0.00296
 9.53060  0.00251
 9.60199  0.00339
 9.67338  0.00259
 9.74477  0.00246
 9.81616  0.00077
 9.88755  0.00166
 9.95894  0.00011
10.03033 -0.00004
10.10172  0.00054
10.17311 -0.00051
10.24450 -0.00075
10.31589 -0.00202
10.38728 -0.00137
10.45867 -0.00149
10.53006 -0.00210
10.60145 -0.00247
10.67284 -0.00244
10.74423 -0.00196
10.81562 -0.00163
10.88701 -0.00166
10.95840 -0.00198
11.02979 -0.00121
11.10118 -0.00109
11.17257 -0.00132
11.24396 -0.00045
11.31535 -0.00009
11.38674 -0.00114
11.45813 -0.00039
11.52952 -0.00112
11.60091 -0.00117
11.67230 -0.00073
11.74369 -0.00091
11.81508 -0.00148
11.88647 -0.00101
11.95786 -0.00204
12.02925 -0.00067
12.10065 -0.00093
12.17204 -0.00106
12.24343 -0.00145
12.31482 -0.00147
12.38621 -0.00074
12.45760 -0.00151
12.52899 -0.00144
12.60038 -0.00112
12.67177 -0.00103
12.74316 -0.00040
12.81455 -0.00173
12.88594 -0.00095
12.95733 -0.00127
13.02872 -0.00118
13.10011 -0.00089
13.17150 -0.00157
13.24289 -0.00110
13.31428 -0.00067
13.38567 -0.00092
13.45706 -0.00200
13.52845 -0.00096
13.59984 -0.00115
13.67123 -0.00081
13.74262 -0.00066
13.81401 -0.00095
13.88540 -0.00118
13.95679 -0.00141
14.02818 -0.00115
14.09957 -0.00120
14.17096 -0.00138
14.24235 -0.00139
14.31374 -0.00173
14.38513 -0.00146
14.45652 -0.00061
14.52791 -0.00075
14.59930 -0.00088
14.67069 -0.00188
14.74208 -0.00147
14.81347 -0.00170
14.88486 -0.00082
14.95625 -0.00130
15.02764 -0.00127
15.09904 -0.00135
15.17043 -0.00169
15.24182 -0.00166
15.31321 -0.00162
15.38460 -0.00106
15.45599 -0.00145
15.52738 -0.00092
15.59877 -0.00081
15.67016 -0.00056
15.74155 -0.00120
15.81294 -0.00153
15.88433 -0.00152
15.95572 -0.00093
16.02711 -0.00102
16.09850 -0.00111
16.16989 -0.00063
16.24128 -0.00155
16.31267 -0.00089
16.38406 -0.00179
16.45545 -0.00126
16.52684 -0.00199
16.59823 -0.00132
16.66962 -0.00171
16.74101 -0.00154
16.81240 -0.00103
16.88379 -0.00074
16.95518 -0.00166
17.02657 -0.00107
17.09796 -0.00130
17.16935 -0.00110
17.24074 -0.00126
17.31213 -0.00131
17.38352 -0.00130
17.45491 -0.00140
17.52630 -0.00117
17.59769 -0.00133
17.66908 -0.00155
17.74047 -0.00151
17.81186 -0.00195
17.88325 -0.00129
17.95464 -0.00144
18.02603 -0.00145
18.09743 -0.00161
18.16882 -0.00137
18.24021 -0.00133
18.31160 -0.00105
18.38299 -0.00072
18.45438 -0.00149
18.52577 -0.00172
18.59716 -0.00117
18.66855 -0.00096
18.73994 -0.00166
18.81133 -0.00147
18.88272 -0.00142
18.95411 -0.00123
19.02550 -0.00154
19.09689 -0.00144
19.16828 -0.00147
19.23967 -0.00120
19.31106 -0.00108
19.38245 -0.00094
19.45384 -0.00158
19.52523 -0.00078
19.59662 -0.00087
19.66801 -0.00109
19.73940 -0.00138
19.81079 -0.00159
19.88218 -0.00116
19.95357 -0.00110
20.02496 -0.00148
20.09635 -0.00154
20.16774 -0.00117
20.23913 -0.00126
20.31052 -0.00095
20.38191 -0.00130
20.45330 -0.00184
20.52469 -0.00086
20.59608 -0.00142
20.66747 -0.00154
20.73886 -0.00143
20.81025 -0.00116
20.88164 -0.00150
20.95303 -0.00119
21.02442 -0.00156
21.09582 -0.00144
21.16721 -0.00164
21.23860 -0.00132
21.30999 -0.00140
21.38138 -0.00087
