 0.03550  0.00000      nan
 0.10651  0.00000      nan
 0.17751  0.00000      nan
 0.24851  0.00000      nan
 0.31952  0.00000      nan
 0.39052  0.00000      nan
 0.46152  0.00000      nan
 0.53253  0.00000      nan
 0.60353  0.00000      nan
 0.67453  0.00000      nan
 0.74554  0.00000      nan
 0.81654  0.00000      nan
 0.88754  0.00000      nan
 0.95855  0.00000      nan
 1.02955  0.00000      nan
 1.10055  0.00000      nan
 1.17156  0.00000      nan
 1.24256  0.00000      nan
 1.31356  0.00000      nan
 1.38457  0.00000      nan
 1.45557  0.00000      nan
 1.52657  0.00000      nan
 1.59758  0.00000      nan
 1.66858  0.00000      nan
 1.73958  0.00000      nan
 1.81059  0.00000      nan
 1.88159  0.00000      nan
 1.95259  0.00000      nan
 2.02360  0.00000      nan
 2.09460  0.00000      nan
 2.16560  0.00000      nan
 2.23661  0.00000      nan
 2.30761  0.00000      nan
 2.37861  0.00000      nan
 2.44962  0.00000      nan
 2.52062  0.00000      nan
 2.59162  0.00000      nan
 2.66263  0.00000      nan
 2.73363  0.00000      nan
 2.80463  0.00000      nan
 2.87564  0.00000      nan
 2.94664  0.00000      nan
 3.01764  0.00000      nan
 3.08865  0.00000      nan
 3.15965  0.00000      nan
 3.23065  0.00000      nan
 3.30166  0.00000      nan
 3.37266  0.00000      nan
 3.44366  0.00060  0.00060
 3.51467  0.00754  0.00210
 3.58567  0.02117  0.00326
 3.65667  0.05731  0.00472
 3.72768  0.11184  0.00765
 3.79868  0.23822  0.01121
 3.86968  0.40556  0.01386
 3.94069  0.70652  0.01832
 4.01169  1.14274  0.02436
 4.08269  1.97167  0.03231
 4.15370  2.90520  0.04635
 4.22470  3.31716  0.04572
 4.29570  3.39431  0.04399
 4.36671  3.31262  0.04488
 4.43771  3.36784  0.04713
 4.50871  3.62934  0.04778
 4.57972  3.95508  0.04780
 4.65072  4.26999  0.05106
 4.72172  4.51291  0.05343
 4.79273  4.46530  0.05182
 4.86373  4.32952  0.05213
 4.93473  4.07114  0.04804
 5.00574  3.65951  0.04256
 5.07674  3.17551  0.03680
 5.14774  2.68286  0.03473
 5.21875  2.26141  0.02803
 5.28975  1.90882  0.02436
 5.36075  1.66969  0.02150
 5.43176  1.51904  0.02380
 5.50276  1.43941  0.02151
 5.57376  1.34903  0.01672
 5.64477  1.32969  0.01815
 5.71577  1.34399  0.02149
 5.78677  1.28640  0.01888
 5.85778  1.27398  0.01735
 5.92878  1.27808  0.01705
 5.99978  1.30054  0.01692
 6.07079  1.29031  0.01705
 6.14179  1.32900  0.01657
 6.21279  1.32922  0.01632
 6.28380  1.37081  0.01865
 6.35480  1.42619  0.01784
 6.42580  1.48208  0.01729
 6.49681  1.49466  0.01876
 6.56781  1.55151  0.01797
 6.63881  1.59812  0.01841
 6.70982  1.58691  0.01910
 6.78082  1.65914  0.01960
 6.85182  1.61975  0.01750
 6.92283  1.62719  0.01764
 6.99383  1.65596  0.01808
 7.06483  1.61036  0.01747
 7.13584  1.57284  0.01817
 7.20684  1.59730  0.01645
 7.27784  1.51639  0.01574
 7.34885  1.46548  0.01749
 7.41985  1.41610  0.01518
 7.49085  1.38147  0.01382
 7.56186  1.31720  0.01488
 7.63286  1.28297  0.01279
 7.70386  1.24471  0.01361
 7.77487  1.18464  0.01350
 7.84587  1.17935  0.01326
 7.91687  1.15772  0.01195
 7.98788  1.13824  0.01339
 8.05888  1.11386  0.01111
 8.12988  1.10923  0.01247
 8.20089  1.08031  0.01105
 8.27189  1.08246  0.01242
 8.34289  1.10064  0.01137
 8.41390  1.09519  0.01172
 8.48490  1.09883  0.01156
 8.55590  1.10150  0.01142
 8.62691  1.11116  0.01225
 8.69791  1.10076  0.01204
 8.76891  1.13125  0.01161
 8.83992  1.11883  0.01147
 8.91092  1.11632  0.01088
 8.98192  1.11862  0.01007
 9.05293  1.14073  0.01107
 9.12393  1.13303  0.01055
 9.19493  1.15160  0.01074
 9.26594  1.12717  0.01053
 9.33694  1.13466  0.01022
 9.40794  1.13265  0.01105
 9.47895  1.13280  0.01150
 9.54995  1.12411  0.01067
 9.62095  1.10347  0.01032
 9.69196  1.11565  0.00965
 9.76296  1.10226  0.01049
 9.83396  1.08152  0.00995
 9.90497  1.09344  0.01001
 9.97597  1.07599  0.00970
10.04697  1.09099  0.01020
10.11798  1.06461  0.00966
10.18898  1.05085  0.00947
10.25998  1.05208  0.00846
10.33099  1.04558  0.00953
10.40199  1.02897  0.00942
10.47299  1.05829  0.00945
10.54400  1.04609  0.00848
10.61500  1.04460  0.00897
10.68600  1.02631  0.00932
10.75701  1.03564  0.00901
10.82801  1.02278  0.00897
10.89901  1.02788  0.00817
10.97002  1.03646  0.00909
11.04102  1.03287  0.00818
11.11202  1.04152  0.00858
11.18303  1.02541  0.00788
11.25403  1.02348  0.00829
11.32503  1.02286  0.00850
11.39604  1.02510  0.00822
11.46704  1.02998  0.00861
11.53804  1.03262  0.00916
11.60905  1.02678  0.00799
11.68005  1.02741  0.00790
11.75105  1.02260  0.00814
11.82206  1.02445  0.00797
11.89306  1.02587  0.00796
11.96406  1.01773  0.00771
12.03507  1.00284  0.00725
12.10607  1.01305  0.00767
12.17707  1.00987  0.00735
12.24808  1.01858  0.00742
12.31908  1.01669  0.00753
12.39008  1.00316  0.00715
12.46109  1.00786  0.00742
12.53209  0.99656  0.00670
12.60309  1.00673  0.00670
12.67410  1.00899  0.00647
12.74510  1.00083  0.00694
12.81610  1.00817  0.00692
12.88711  1.00024  0.00747
12.95811  0.99737  0.00684
13.02911  1.00104  0.00664
13.10012  0.98838  0.00669
13.17112  0.99311  0.00690
13.24212  1.00062  0.00737
13.31313  0.99180  0.00598
13.38413  1.00289  0.00749
13.45513  0.99308  0.00623
13.52614  1.00112  0.00678
13.59714  0.99960  0.00625
13.66814  0.99837  0.00683
13.73915  0.99472  0.00677
13.81015  0.98868  0.00571
13.88115  0.99275  0.00666
13.95216  0.99471  0.00695
14.02316  0.98353  0.00643
14.09417  0.99932  0.00586
14.16517  0.98961  0.00703
14.23617  0.98619  0.00664
14.30718  0.98322  0.00620
14.37818  0.99019  0.00598
14.44918  0.98196  0.00625
14.52019  0.99813  0.00621
14.59119  0.99268  0.00649
14.66219  0.98888  0.00548
14.73320  0.98290  0.00631
14.80420  0.99052  0.00534
14.87520  0.99300  0.00598
14.94621  0.98606  0.00600
15.01721  0.99092  0.00627
15.08821  0.97925  0.00593
15.15922  0.99039  0.00568
15.23022  0.98933  0.00623
15.30122  0.97998  0.00601
15.37223  0.99029  0.00581
15.44323  0.98321  0.00602
15.51423  0.98647  0.00573
15.58524  0.98254  0.00592
15.65624  0.98659  0.00559
15.72724  0.98022  0.00566
15.79825  0.97582  0.00520
15.86925  0.98591  0.00511
15.94025  0.98216  0.00512
16.01126  0.98556  0.00573
16.08226  0.98563  0.00508
16.15326  0.98451  0.00584
16.22427  0.97833  0.00529
16.29527  0.98209  0.00542
16.36627  0.98776  0.00512
16.43728  0.99049  0.00539
16.50828  0.98330  0.00418
16.57928  0.98135  0.00489
16.65029  0.98458  0.00522
16.72129  0.98059  0.00503
16.79229  0.98486  0.00498
16.86330  0.99386  0.00538
16.93430  0.99006  0.00481
17.00530  0.98020  0.00482
17.07631  0.98204  0.00498
17.14731  0.98147  0.00474
17.21831  0.98393  0.00529
17.28932  0.98502  0.00440
17.36032  0.97971  0.00489
17.43132  0.97947  0.00486
17.50233  0.98751  0.00447
17.57333  0.98050  0.00526
17.64433  0.97952  0.00465
17.71534  0.97532  0.00525
17.78634  0.97866  0.00477
17.85734  0.98697  0.00471
17.92835  0.98615  0.00407
17.99935  0.98220  0.00469
18.07035  0.97544  0.00475
18.14136  0.98251  0.00458
18.21236  0.98961  0.00500
18.28336  0.98089  0.00451
18.35437  0.97895  0.00491
18.42537  0.97885  0.00495
18.49637  0.98167  0.00470
18.56738  0.97552  0.00483
18.63838  0.99004  0.00471
18.70938  0.97677  0.00477
18.78039  0.98708  0.00496
18.85139  0.98611  0.00472
18.92239  0.98485  0.00403
18.99340  0.97769  0.00453
19.06440  0.97253  0.00465
19.13540  0.97971  0.00455
19.20641  0.97873  0.00434
19.27741  0.97735  0.00469
19.34841  0.98823  0.00491
19.41942  0.98018  0.00444
19.49042  0.97222  0.00427
19.56142  0.98466  0.00437
19.63243  0.98294  0.00459
19.70343  0.98079  0.00445
19.77443  0.98012  0.00444
19.84544  0.98312  0.00444
19.91644  0.98334  0.00460
19.98744  0.97829  0.00415
20.05845  0.98168  0.00432
20.12945  0.97123  0.00443
20.20045  0.98427  0.00425
20.27146  0.98066  0.00424
20.34246  0.98231  0.00431
20.41346  0.96706  0.00454
20.48447  0.98237  0.00426
20.55547  0.97909  0.00403
20.62647  0.97807  0.00396
20.69748  0.96687  0.00450
20.76848  0.97716  0.00380
20.83948  0.98059  0.00389
20.91049  0.98349  0.00437
20.98149  0.97331  0.00368
21.05249  0.97556  0.00411
21.12350  0.97484  0.00398
21.19450  0.97411  0.00405
21.26550  0.97322  0.00402
