 0.03550  0.00000
 0.10651  0.00000
 0.17751  0.00000
 0.24851  0.00000
 0.31952  0.00000
 0.39052  0.00000
 0.46152  0.00000
 0.53253  0.00000
 0.60353  0.00000
 0.67453  0.00000
 0.74554  0.00000
 0.81654  0.00000
 0.88754  0.00000
 0.95855  0.00000
 1.02955  0.00000
 1.10055  0.00000
 1.17156  0.00000
 1.24256  0.00000
 1.31356  0.00000
 1.38457  0.00000
 1.45557  0.00000
 1.52657  0.00000
 1.59758  0.00000
 1.66858  0.00000
 1.73958  0.00000
 1.81059  0.00000
 1.88159  0.00000
 1.95259  0.00000
 2.02360  0.00000
 2.09460  0.00000
 2.16560  0.00000
 2.23661  0.00000
 2.30761  0.00000
 2.37861  0.00000
 2.44962  0.00000
 2.52062  0.00000
 2.59162  0.00000
 2.66263  0.00000
 2.73363  0.00000
 2.80463  0.00011
 2.87564  0.00105
 2.94664  0.00508
 3.01764  0.01923
 3.08865  0.05504
 3.15965  0.14372
 3.23065  0.35210
 3.30166  0.68542
 3.37266  1.07832
 3.44366  1.43995
 3.51467  1.75432
 3.58567  1.98972
 3.65667  2.11271
 3.72768  2.10184
 3.79868  1.97657
 3.86968  1.78375
 3.94069  1.57487
 4.01169  1.39681
 4.08269  1.26572
 4.15370  1.17045
 4.22470  1.10361
 4.29570  1.05173
 4.36671  1.00808
 4.43771  0.97461
 4.50871  0.94526
 4.57972  0.91559
 4.65072  0.88807
 4.72172  0.87008
 4.79273  0.85826
 4.86373  0.84686
 4.93473  0.83542
 5.00574  0.83188
 5.07674  0.83085
 5.14774  0.83265
 5.21875  0.84051
 5.28975  0.85018
 5.36075  0.86539
 5.43176  0.88026
 5.50276  0.90200
 5.57376  0.91788
 5.64477  0.93709
 5.71577  0.95921
 5.78677  0.97703
 5.85778  0.99135
 5.92878  1.00627
 5.99978  1.01672
 6.07079  1.02433
 6.14179  1.02932
 6.21279  1.02975
 6.28380  1.02826
 6.35480  1.02403
 6.42580  1.01673
 6.49681  1.01087
 6.56781  1.00178
 6.63881  0.99519
 6.70982  0.99070
 6.78082  0.98917
 6.85182  0.98463
 6.92283  0.98367
 6.99383  0.98456
 7.06483  0.98666
 7.13584  0.98711
 7.20684  0.98981
 7.27784  0.99343
 7.34885  0.99415
 7.41985  0.99778
 7.49085  0.99875
 7.56186  0.99878
 7.63286  1.00150
 7.70386  1.00239
 7.77487  1.00564
 7.84587  1.00576
 7.91687  1.00570
 7.98788  1.00655
 8.05888  1.00595
 8.12988  1.00506
 8.20089  1.00414
 8.27189  1.00120
 8.34289  1.00089
 8.41390  1.00050
 8.48490  0.99805
 8.55590  0.99569
 8.62691  0.99347
 8.69791  0.99291
 8.76891  0.99132
 8.83992  0.99067
 8.91092  0.98968
 8.98192  0.98912
 9.05293  0.98911
 9.12393  0.98985
 9.19493  0.98925
 9.26594  0.99028
 9.33694  0.99102
 9.40794  0.99386
 9.47895  0.99421
 9.54995  0.99736
 9.62095  0.99833
 9.69196  0.99921
 9.76296  1.00190
 9.83396  1.00216
 9.90497  1.00276
 9.97597  1.00307
10.04697  1.00360
10.11798  1.00551
10.18898  1.00427
10.25998  1.00507
10.33099  1.00557
10.40199  1.00457
10.47299  1.00426
10.54400  1.00425
10.61500  1.00414
10.68600  1.00212
10.75701  1.00211
10.82801  1.00220
10.89901  1.00152
10.97002  1.00125
11.04102  1.00058
11.11202  1.00014
11.18303  1.00012
11.25403  0.99982
11.32503  0.99781
11.39604  0.99939
11.46704  0.99923
11.53804  0.99981
11.60905  1.00009
11.68005  0.99894
11.75105  0.99980
11.82206  0.99989
11.89306  1.00017
11.96406  0.99915
12.03507  1.00072
12.10607  1.00089
12.17707  1.00147
12.24808  1.00047
12.31908  1.00086
12.39008  1.00161
12.46109  1.00169
12.53209  1.00162
12.60309  1.00118
12.67410  1.00233
12.74510  1.00205
12.81610  1.00189
12.88711  1.00248
12.95811  1.00254
13.02911  1.00182
13.10012  1.00173
13.17112  1.00170
13.24212  1.00146
13.31313  1.00145
13.38413  1.00046
13.45513  1.00123
13.52614  1.00232
13.59714  1.00090
13.66814  1.00167
13.73915  1.00166
13.81015  1.00072
13.88115  1.00162
13.95216  1.00127
14.02316  1.00218
14.09417  1.00171
14.16517  1.00204
14.23617  1.00209
14.30718  1.00147
14.37818  1.00042
14.44918  1.00175
14.52019  1.00217
14.59119  1.00147
14.66219  1.00093
14.73320  1.00100
14.80420  1.00136
14.87520  1.00092
14.94621  1.00136
15.01721  1.00212
15.08821  1.00173
15.15922  1.00188
15.23022  1.00098
15.30122  1.00092
15.37223  1.00128
15.44323  1.00091
15.51423  1.00093
15.58524  1.00122
15.65624  1.00159
15.72724  1.00133
15.79825  1.00077
15.86925  1.00171
15.94025  1.00233
16.01126  1.00148
16.08226  1.00103
16.15326  1.00168
16.22427  1.00141
16.29527  1.00135
16.36627  1.00141
16.43728  1.00151
16.50828  1.00144
16.57928  1.00142
16.65029  1.00098
16.72129  1.00139
16.79229  1.00191
16.86330  1.00175
16.93430  1.00129
17.00530  1.00130
17.07631  1.00098
17.14731  1.00097
17.21831  1.00187
17.28932  1.00021
17.36032  1.00163
17.43132  1.00135
17.50233  1.00192
17.57333  1.00100
17.64433  1.00088
17.71534  1.00155
17.78634  1.00071
17.85734  1.00131
17.92835  1.00113
17.99935  1.00149
18.07035  1.00145
18.14136  1.00105
18.21236  1.00150
18.28336  1.00132
18.35437  1.00156
18.42537  1.00125
18.49637  1.00157
18.56738  1.00103
18.63838  1.00178
18.70938  1.00144
18.78039  1.00095
18.85139  1.00154
18.92239  1.00162
18.99340  1.00079
19.06440  1.00112
19.13540  1.00157
19.20641  1.00086
19.27741  1.00173
19.34841  1.00096
19.41942  1.00080
19.49042  1.00102
19.56142  1.00099
19.63243  1.00154
19.70343  1.00122
19.77443  1.00127
19.84544  1.00149
19.91644  1.00199
19.98744  1.00076
20.05845  1.00151
20.12945  1.00124
20.20045  1.00144
20.27146  1.00125
20.34246  1.00136
20.41346  1.00139
20.48447  1.00137
20.55547  1.00156
20.62647  1.00119
20.69748  1.00204
20.76848  1.00181
20.83948  1.00121
20.91049  1.00130
20.98149  1.00220
21.05249  1.00187
21.12350  1.00105
21.19450  1.00109
21.26550  1.00091
