 0.03550  0.00000
 0.10651  0.00000
 0.17751  0.00000
 0.24851  0.00000
 0.31952  0.00000
 0.39052  0.00000
 0.46152  0.00000
 0.53253  0.00000
 0.60353  0.00000
 0.67453  0.00000
 0.74554  0.00000
 0.81654  0.00000
 0.88754  0.00000
 0.95855  0.00000
 1.02955  0.00000
 1.10055  0.00000
 1.17156  0.00000
 1.24256  0.00000
 1.31356  0.00000
 1.38457  0.00000
 1.45557  0.00000
 1.52657  0.00000
 1.59758  0.00000
 1.66858  0.00000
 1.73958  0.00000
 1.81059  0.00000
 1.88159  0.00000
 1.95259  0.00000
 2.02360  0.00000
 2.09460  0.00000
 2.16560  0.00000
 2.23661  0.00000
 2.30761  0.00000
 2.37861  0.00000
 2.44962  0.00000
 2.52062  0.00000
 2.59162  0.00000
 2.66263  0.00000
 2.73363  0.00000
 2.80463  0.00000
 2.87564  0.00000
 2.94664  0.00001
 3.01764  0.00027
 3.08865  0.00226
 3.15965  0.01507
 3.23065  0.06123
 3.30166  0.18398
 3.37266  0.40694
 3.44366  0.72655
 3.51467  1.08883
 3.58567  1.44188
 3.65667  1.72071
 3.72768  1.92647
 3.79868  2.05311
 3.86968  2.08583
 3.94069  2.01954
 4.01169  1.84298
 4.08269  1.57514
 4.15370  1.30221
 4.22470  1.08634
 4.29570  0.93107
 4.36671  0.84724
 4.43771  0.79090
 4.50871  0.76301
 4.57972  0.75177
 4.65072  0.75216
 4.72172  0.76177
 4.79273  0.77123
 4.86373  0.78776
 4.93473  0.80972
 5.00574  0.83525
 5.07674  0.85423
 5.14774  0.87864
 5.21875  0.90428
 5.28975  0.92379
 5.36075  0.94552
 5.43176  0.96841
 5.50276  0.98601
 5.57376  1.00425
 5.64477  1.02081
 5.71577  1.03282
 5.78677  1.04435
 5.85778  1.05623
 5.92878  1.06260
 5.99978  1.06975
 6.07079  1.07127
 6.14179  1.06783
 6.21279  1.06524
 6.28380  1.05793
 6.35480  1.05137
 6.42580  1.03844
 6.49681  1.02445
 6.56781  1.01163
 6.63881  0.99895
 6.70982  0.98636
 6.78082  0.97601
 6.85182  0.96739
 6.92283  0.96286
 6.99383  0.95643
 7.06483  0.95719
 7.13584  0.96022
 7.20684  0.96248
 7.27784  0.96535
 7.34885  0.97187
 7.41985  0.97993
 7.49085  0.98543
 7.56186  0.99142
 7.63286  0.99768
 7.70386  1.00103
 7.77487  1.00350
 7.84587  1.00998
 7.91687  1.00997
 7.98788  1.01429
 8.05888  1.01419
 8.12988  1.01552
 8.20089  1.01471
 8.27189  1.01461
 8.34289  1.01487
 8.41390  1.01178
 8.48490  1.01205
 8.55590  1.00906
 8.62691  1.00549
 8.69791  1.00426
 8.76891  1.00252
 8.83992  0.99972
 8.91092  0.99749
 8.98192  0.99477
 9.05293  0.99449
 9.12393  0.99394
 9.19493  0.99192
 9.26594  0.99162
 9.33694  0.99250
 9.40794  0.99263
 9.47895  0.99327
 9.54995  0.99308
 9.62095  0.99403
 9.69196  0.99566
 9.76296  0.99990
 9.83396  0.99973
 9.90497  1.00220
 9.97597  1.00438
10.04697  1.00489
10.11798  1.00556
10.18898  1.00540
10.25998  1.00581
10.33099  1.00695
10.40199  1.00710
10.47299  1.00558
10.54400  1.00671
10.61500  1.00625
10.68600  1.00535
10.75701  1.00504
10.82801  1.00330
10.89901  1.00237
10.97002  1.00236
11.04102  1.00165
11.11202  1.00107
11.18303  1.00140
11.25403  1.00052
11.32503  1.00043
11.39604  0.99934
11.46704  0.99930
11.53804  0.99966
11.60905  0.99882
11.68005  0.99784
11.75105  0.99914
11.82206  0.99978
11.89306  1.00091
11.96406  1.00060
12.03507  1.00176
12.10607  1.00116
12.17707  1.00253
12.24808  1.00238
12.31908  1.00290
12.39008  1.00341
12.46109  1.00271
12.53209  1.00464
12.60309  1.00352
12.67410  1.00208
12.74510  1.00269
12.81610  1.00159
12.88711  1.00220
12.95811  1.00266
13.02911  1.00249
13.10012  1.00225
13.17112  1.00165
13.24212  1.00193
13.31313  1.00263
13.38413  1.00125
13.45513  1.00218
13.52614  1.00148
13.59714  1.00163
13.66814  1.00173
13.73915  1.00230
13.81015  1.00138
13.88115  1.00025
13.95216  1.00226
14.02316  1.00089
14.09417  1.00162
14.16517  1.00183
14.23617  1.00277
14.30718  1.00144
14.37818  1.00235
14.44918  1.00130
14.52019  1.00151
14.59119  1.00205
14.66219  1.00241
14.73320  1.00143
14.80420  1.00102
14.87520  1.00159
14.94621  1.00137
15.01721  1.00143
15.08821  1.00143
15.15922  1.00112
15.23022  1.00197
15.30122  1.00196
15.37223  1.00195
15.44323  1.00125
15.51423  1.00269
15.58524  1.00134
15.65624  1.00182
15.72724  1.00156
15.79825  1.00160
15.86925  1.00105
15.94025  1.00242
16.01126  1.00151
16.08226  1.00209
16.15326  1.00241
16.22427  1.00146
16.29527  1.00160
16.36627  1.00118
16.43728  1.00157
16.50828  1.00049
16.57928  1.00122
16.65029  1.00080
16.72129  1.00129
16.79229  1.00139
16.86330  1.00095
16.93430  1.00135
17.00530  1.00231
17.07631  1.00160
17.14731  1.00177
17.21831  1.00159
17.28932  1.00130
17.36032  1.00104
17.43132  1.00220
17.50233  1.00186
17.57333  1.00138
17.64433  1.00105
17.71534  1.00106
17.78634  1.00198
17.85734  1.00183
17.92835  1.00134
17.99935  1.00087
18.07035  1.00135
18.14136  1.00174
18.21236  1.00174
18.28336  1.00070
18.35437  1.00168
18.42537  1.00097
18.49637  1.00142
18.56738  1.00174
18.63838  1.00105
18.70938  1.00168
18.78039  1.00172
18.85139  1.00154
18.92239  1.00080
18.99340  1.00161
19.06440  1.00193
19.13540  1.00040
19.20641  1.00175
19.27741  1.00179
19.34841  1.00190
19.41942  1.00145
19.49042  1.00131
19.56142  1.00088
19.63243  1.00166
19.70343  1.00094
19.77443  1.00119
19.84544  1.00196
19.91644  1.00132
19.98744  1.00155
20.05845  1.00104
20.12945  1.00198
20.20045  1.00111
20.27146  1.00184
20.34246  1.00120
20.41346  1.00123
20.48447  1.00138
20.55547  1.00202
20.62647  1.00197
20.69748  1.00144
20.76848  1.00131
20.83948  1.00110
20.91049  1.00139
20.98149  1.00119
21.05249  1.00073
21.12350  1.00154
21.19450  1.00062
21.26550  1.00046
