 0.03550      inf      nan
 0.10651      inf      nan
 0.17751      inf      nan
 0.24851      inf      nan
 0.31952      inf      nan
 0.39052      inf      nan
 0.46152      inf      nan
 0.53253      inf      nan
 0.60353      inf      nan
 0.67453      inf      nan
 0.74554      inf      nan
 0.81654      inf      nan
 0.88754      inf      nan
 0.95855      inf      nan
 1.02955      inf      nan
 1.10055      inf      nan
 1.17156      inf      nan
 1.24256      inf      nan
 1.31356      inf      nan
 1.38457      inf      nan
 1.45557      inf      nan
 1.52657      inf      nan
 1.59758      inf      nan
 1.66858      inf      nan
 1.73958      inf      nan
 1.81059      inf      nan
 1.88159      inf      nan
 1.95259      inf      nan
 2.02360      inf      nan
 2.09460      inf      nan
 2.16560      inf      nan
 2.23661      inf      nan
 2.30761      inf      nan
 2.37861      inf      nan
 2.44962      inf      nan
 2.52062      inf      nan
 2.59162      inf      nan
 2.66263      inf      nan
 2.73363      inf      nan
 2.80463      inf      nan
 2.87564      inf      nan
 2.94664      inf      nan
 3.01764      inf      nan
 3.08865      inf      nan
 3.15965      inf      nan
 3.23065      inf      nan
 3.30166      inf      nan
 3.37266      inf      nan
 3.44366  4.38797  0.58660
 3.51467  2.89368  0.16497
 3.58567  2.28236  0.09116
 3.65667  1.69271  0.04872
 3.72768  1.29690  0.04050
 3.79868  0.84925  0.02785
 3.86968  0.53427  0.02023
 3.94069  0.20566  0.01535
 4.01169 -0.07899  0.01262
 4.08269 -0.40190  0.00970
 4.15370 -0.63137  0.00944
 4.22470 -0.70987  0.00816
 4.29570 -0.72348  0.00767
 4.36671 -0.70906  0.00802
 4.43771 -0.71885  0.00828
 4.50871 -0.76312  0.00779
 4.57972 -0.81400  0.00715
 4.65072 -0.85935  0.00708
 4.72172 -0.89211  0.00701
 4.79273 -0.88583  0.00687
 4.86373 -0.86755  0.00713
 4.93473 -0.83112  0.00699
 5.00574 -0.76802  0.00688
 5.07674 -0.68404  0.00686
 5.14774 -0.58423  0.00766
 5.21875 -0.48307  0.00734
 5.28975 -0.38272  0.00755
 5.36075 -0.30348  0.00762
 5.43176 -0.24750  0.00927
 5.50276 -0.21563  0.00885
 5.57376 -0.17724  0.00734
 5.64477 -0.16869  0.00808
 5.71577 -0.17502  0.00947
 5.78677 -0.14910  0.00869
 5.85778 -0.14335  0.00806
 5.92878 -0.14525  0.00790
 5.99978 -0.15556  0.00770
 6.07079 -0.15089  0.00782
 6.14179 -0.16838  0.00738
 6.21279 -0.16848  0.00727
 6.28380 -0.18672  0.00805
 6.35480 -0.21016  0.00740
 6.42580 -0.23292  0.00691
 6.49681 -0.23792  0.00743
 6.56781 -0.26002  0.00686
 6.63881 -0.27755  0.00682
 6.70982 -0.27338  0.00712
 6.78082 -0.29973  0.00700
 6.85182 -0.28550  0.00640
 6.92283 -0.28822  0.00642
 6.99383 -0.29859  0.00646
 7.06483 -0.28206  0.00642
 7.13584 -0.26811  0.00684
 7.20684 -0.27724  0.00610
 7.27784 -0.24647  0.00615
 7.34885 -0.22625  0.00706
 7.41985 -0.20596  0.00635
 7.49085 -0.19130  0.00592
 7.56186 -0.16310  0.00669
 7.63286 -0.14752  0.00590
 7.70386 -0.12959  0.00647
 7.77487 -0.10031  0.00675
 7.84587 -0.09766  0.00666
 7.91687 -0.08670  0.00611
 7.98788 -0.07666  0.00696
 8.05888 -0.06384  0.00591
 8.12988 -0.06137  0.00666
 8.20089 -0.04573  0.00606
 8.27189 -0.04691  0.00679
 8.34289 -0.05677  0.00611
 8.41390 -0.05383  0.00633
 8.48490 -0.05579  0.00623
 8.55590 -0.05723  0.00614
 8.62691 -0.06240  0.00653
 8.69791 -0.05683  0.00648
 8.76891 -0.07301  0.00608
 8.83992 -0.06647  0.00607
 8.91092 -0.06514  0.00577
 8.98192 -0.06636  0.00533
 9.05293 -0.07795  0.00574
 9.12393 -0.07394  0.00551
 9.19493 -0.08356  0.00552
 9.26594 -0.07087  0.00553
 9.33694 -0.07479  0.00533
 9.40794 -0.07374  0.00577
 9.47895 -0.07382  0.00601
 9.54995 -0.06926  0.00562
 9.62095 -0.05829  0.00554
 9.69196 -0.06479  0.00512
 9.76296 -0.05764  0.00563
 9.83396 -0.04639  0.00545
 9.90497 -0.05288  0.00542
 9.97597 -0.04336  0.00534
10.04697 -0.05155  0.00553
10.11798 -0.03706  0.00537
10.18898 -0.02937  0.00534
10.25998 -0.03005  0.00476
10.33099 -0.02639  0.00540
10.40199 -0.01691  0.00542
10.47299 -0.03354  0.00529
10.54400 -0.02667  0.00480
10.61500 -0.02583  0.00508
10.68600 -0.01537  0.00537
10.75701 -0.02073  0.00515
10.82801 -0.01333  0.00519
10.89901 -0.01628  0.00471
10.97002 -0.02120  0.00519
11.04102 -0.01914  0.00469
11.11202 -0.02408  0.00487
11.18303 -0.01486  0.00455
11.25403 -0.01374  0.00479
11.32503 -0.01338  0.00492
11.39604 -0.01468  0.00475
11.46704 -0.01749  0.00495
11.53804 -0.01901  0.00525
11.60905 -0.01565  0.00461
11.68005 -0.01601  0.00455
11.75105 -0.01323  0.00471
11.82206 -0.01430  0.00461
11.89306 -0.01512  0.00460
11.96406 -0.01041  0.00448
12.03507 -0.00168  0.00428
12.10607 -0.00768  0.00448
12.17707 -0.00582  0.00431
12.24808 -0.01090  0.00431
12.31908 -0.00980  0.00438
12.39008 -0.00187  0.00422
12.46109 -0.00463  0.00436
12.53209  0.00204  0.00398
12.60309 -0.00397  0.00394
12.67410 -0.00530  0.00379
12.74510 -0.00049  0.00410
12.81610 -0.00482  0.00406
12.88711 -0.00014  0.00442
12.95811  0.00156  0.00406
13.02911 -0.00061  0.00393
13.10012  0.00692  0.00401
13.17112  0.00409  0.00411
13.24212 -0.00037  0.00436
13.31313  0.00488  0.00357
13.38413 -0.00171  0.00442
13.45513  0.00411  0.00372
13.52614 -0.00066  0.00401
13.59714  0.00023  0.00370
13.66814  0.00097  0.00405
13.73915  0.00314  0.00403
13.81015  0.00674  0.00342
13.88115  0.00430  0.00397
13.95216  0.00314  0.00414
14.02316  0.00983  0.00387
14.09417  0.00041  0.00347
14.16517  0.00618  0.00420
14.23617  0.00823  0.00398
14.30718  0.01002  0.00373
14.37818  0.00584  0.00358
14.44918  0.01078  0.00377
14.52019  0.00111  0.00368
14.59119  0.00435  0.00387
14.66219  0.00662  0.00328
14.73320  0.01021  0.00380
14.80420  0.00564  0.00319
14.87520  0.00416  0.00357
14.94621  0.00831  0.00360
15.01721  0.00540  0.00375
15.08821  0.01241  0.00359
15.15922  0.00572  0.00340
15.23022  0.00635  0.00373
15.30122  0.01197  0.00363
15.37223  0.00578  0.00347
15.44323  0.01002  0.00362
15.51423  0.00807  0.00344
15.58524  0.01043  0.00357
15.65624  0.00799  0.00336
15.72724  0.01183  0.00342
15.79825  0.01449  0.00315
15.86925  0.00840  0.00307
15.94025  0.01066  0.00309
16.01126  0.00861  0.00344
16.08226  0.00857  0.00305
16.15326  0.00924  0.00351
16.22427  0.01297  0.00320
16.29527  0.01070  0.00326
16.36627  0.00729  0.00307
16.43728  0.00566  0.00322
16.50828  0.00997  0.00252
16.57928  0.01114  0.00295
16.65029  0.00920  0.00314
16.72129  0.01161  0.00304
16.79229  0.00903  0.00299
16.86330  0.00365  0.00320
16.93430  0.00591  0.00288
17.00530  0.01184  0.00291
17.07631  0.01073  0.00300
17.14731  0.01107  0.00286
17.21831  0.00959  0.00318
17.28932  0.00894  0.00265
17.36032  0.01214  0.00296
17.43132  0.01228  0.00294
17.50233  0.00744  0.00268
17.57333  0.01166  0.00318
17.64433  0.01225  0.00281
17.71534  0.01480  0.00319
17.78634  0.01277  0.00288
17.85734  0.00776  0.00282
17.92835  0.00826  0.00244
17.99935  0.01063  0.00282
18.07035  0.01472  0.00288
18.14136  0.01044  0.00276
18.21236  0.00618  0.00299
18.28336  0.01142  0.00272
18.35437  0.01259  0.00297
18.42537  0.01266  0.00299
18.49637  0.01095  0.00283
18.56738  0.01467  0.00293
18.63838  0.00593  0.00281
18.70938  0.01391  0.00289
18.78039  0.00770  0.00298
18.85139  0.00828  0.00283
18.92239  0.00904  0.00242
18.99340  0.01335  0.00274
19.06440  0.01649  0.00283
19.13540  0.01214  0.00275
19.20641  0.01273  0.00262
19.27741  0.01356  0.00284
19.34841  0.00701  0.00294
19.41942  0.01185  0.00268
19.49042  0.01668  0.00260
19.56142  0.00915  0.00263
19.63243  0.01019  0.00276
19.70343  0.01148  0.00269
19.77443  0.01189  0.00268
19.84544  0.01008  0.00267
19.91644  0.00994  0.00277
19.98744  0.01299  0.00251
20.05845  0.01094  0.00260
20.12945  0.01728  0.00270
20.20045  0.00939  0.00256
20.27146  0.01156  0.00256
20.34246  0.01057  0.00260
20.41346  0.01983  0.00278
20.48447  0.01053  0.00257
20.55547  0.01251  0.00244
20.62647  0.01313  0.00240
20.69748  0.01995  0.00275
20.76848  0.01368  0.00231
20.83948  0.01161  0.00235
20.91049  0.00986  0.00263
20.98149  0.01601  0.00224
21.05249  0.01465  0.00250
21.12350  0.01508  0.00241
21.19450  0.01553  0.00246
21.26550  0.01607  0.00245
