 0.03550      inf
 0.10651      inf
 0.17751      inf
 0.24851      inf
 0.31952      inf
 0.39052      inf
 0.46152      inf
 0.53253      inf
 0.60353      inf
 0.67453      inf
 0.74554      inf
 0.81654      inf
 0.88754      inf
 0.95855      inf
 1.02955      inf
 1.10055      inf
 1.17156      inf
 1.24256      inf
 1.31356      inf
 1.38457      inf
 1.45557      inf
 1.52657      inf
 1.59758      inf
 1.66858      inf
 1.73958      inf
 1.81059      inf
 1.88159      inf
 1.95259      inf
 2.02360      inf
 2.09460      inf
 2.16560      inf
 2.23661      inf
 2.30761      inf
 2.37861      inf
 2.44962      inf
 2.52062      inf
 2.59162      inf
 2.66263      inf
 2.73363      inf
 2.80463  5.42129
 2.87564  4.06104
 2.94664  3.12678
 3.01764  2.33901
 3.08865  1.71667
 3.15965  1.14841
 3.23065  0.61795
 3.30166  0.22361
 3.37266 -0.04464
 3.44366 -0.21585
 3.51467 -0.33275
 3.58567 -0.40729
 3.65667 -0.44280
 3.72768 -0.43975
 3.79868 -0.40337
 3.86968 -0.34260
 3.94069 -0.26887
 4.01169 -0.19784
 4.08269 -0.13950
 4.15370 -0.09317
 4.22470 -0.05836
 4.29570 -0.02986
 4.36671 -0.00476
 4.43771  0.01522
 4.50871  0.03333
 4.57972  0.05221
 4.65072  0.07028
 4.72172  0.08239
 4.79273  0.09049
 4.86373  0.09840
 4.93473  0.10645
 5.00574  0.10897
 5.07674  0.10970
 5.14774  0.10842
 5.21875  0.10286
 5.28975  0.09609
 5.36075  0.08559
 5.43176  0.07550
 5.50276  0.06106
 5.57376  0.05073
 5.64477  0.03846
 5.71577  0.02466
 5.78677  0.01376
 5.85778  0.00514
 5.92878 -0.00370
 5.99978 -0.00981
 6.07079 -0.01423
 6.14179 -0.01711
 6.21279 -0.01736
 6.28380 -0.01650
 6.35480 -0.01406
 6.42580 -0.00982
 6.49681 -0.00640
 6.56781 -0.00105
 6.63881  0.00286
 6.70982  0.00553
 6.78082  0.00644
 6.85182  0.00917
 6.92283  0.00975
 6.99383  0.00921
 7.06483  0.00795
 7.13584  0.00768
 7.20684  0.00606
 7.27784  0.00390
 7.34885  0.00347
 7.41985  0.00132
 7.49085  0.00074
 7.56186  0.00072
 7.63286 -0.00089
 7.70386 -0.00141
 7.77487 -0.00333
 7.84587 -0.00340
 7.91687 -0.00336
 7.98788 -0.00387
 8.05888 -0.00351
 8.12988 -0.00299
 8.20089 -0.00245
 8.27189 -0.00071
 8.34289 -0.00052
 8.41390 -0.00029
 8.48490  0.00116
 8.55590  0.00256
 8.62691  0.00388
 8.69791  0.00421
 8.76891  0.00516
 8.83992  0.00555
 8.91092  0.00614
 8.98192  0.00647
 9.05293  0.00648
 9.12393  0.00604
 9.19493  0.00640
 9.26594  0.00578
 9.33694  0.00534
 9.40794  0.00365
 9.47895  0.00344
 9.54995  0.00157
 9.62095  0.00099
 9.69196  0.00047
 9.76296 -0.00112
 9.83396 -0.00128
 9.90497 -0.00163
 9.97597 -0.00181
10.04697 -0.00213
10.11798 -0.00326
10.18898 -0.00252
10.25998 -0.00300
10.33099 -0.00329
10.40199 -0.00270
10.47299 -0.00251
10.54400 -0.00251
10.61500 -0.00245
10.68600 -0.00125
10.75701 -0.00125
10.82801 -0.00130
10.89901 -0.00090
10.97002 -0.00074
11.04102 -0.00034
11.11202 -0.00008
11.18303 -0.00007
11.25403  0.00011
11.32503  0.00130
11.39604  0.00036
11.46704  0.00046
11.53804  0.00011
11.60905 -0.00005
11.68005  0.00063
11.75105  0.00012
11.82206  0.00006
11.89306 -0.00010
11.96406  0.00051
12.03507 -0.00043
12.10607 -0.00053
12.17707 -0.00087
12.24808 -0.00028
12.31908 -0.00051
12.39008 -0.00095
12.46109 -0.00100
12.53209 -0.00096
12.60309 -0.00070
12.67410 -0.00138
12.74510 -0.00121
12.81610 -0.00112
12.88711 -0.00147
12.95811 -0.00150
13.02911 -0.00108
13.10012 -0.00102
13.17112 -0.00101
13.24212 -0.00086
13.31313 -0.00086
13.38413 -0.00027
13.45513 -0.00073
13.52614 -0.00137
13.59714 -0.00053
13.66814 -0.00099
13.73915 -0.00098
13.81015 -0.00043
13.88115 -0.00096
13.95216 -0.00075
14.02316 -0.00129
14.09417 -0.00101
14.16517 -0.00121
14.23617 -0.00123
14.30718 -0.00087
14.37818 -0.00025
14.44918 -0.00103
14.52019 -0.00128
14.59119 -0.00087
14.66219 -0.00055
14.73320 -0.00059
14.80420 -0.00080
14.87520 -0.00055
14.94621 -0.00080
15.01721 -0.00125
15.08821 -0.00102
15.15922 -0.00111
15.23022 -0.00058
15.30122 -0.00054
15.37223 -0.00076
15.44323 -0.00054
15.51423 -0.00055
15.58524 -0.00072
15.65624 -0.00094
15.72724 -0.00078
15.79825 -0.00045
15.86925 -0.00101
15.94025 -0.00138
16.01126 -0.00087
16.08226 -0.00061
16.15326 -0.00100
16.22427 -0.00084
16.29527 -0.00080
16.36627 -0.00083
16.43728 -0.00089
16.50828 -0.00085
16.57928 -0.00084
16.65029 -0.00058
16.72129 -0.00082
16.79229 -0.00113
16.86330 -0.00103
16.93430 -0.00076
17.00530 -0.00077
17.07631 -0.00058
17.14731 -0.00057
17.21831 -0.00110
17.28932 -0.00012
17.36032 -0.00096
17.43132 -0.00080
17.50233 -0.00114
17.57333 -0.00059
17.64433 -0.00052
17.71534 -0.00092
17.78634 -0.00042
17.85734 -0.00077
17.92835 -0.00067
17.99935 -0.00088
18.07035 -0.00086
18.14136 -0.00062
18.21236 -0.00089
18.28336 -0.00078
18.35437 -0.00092
18.42537 -0.00074
18.49637 -0.00093
18.56738 -0.00061
18.63838 -0.00105
18.70938 -0.00085
18.78039 -0.00056
18.85139 -0.00091
18.92239 -0.00096
18.99340 -0.00046
19.06440 -0.00066
19.13540 -0.00093
19.20641 -0.00051
19.27741 -0.00102
19.34841 -0.00057
19.41942 -0.00047
19.49042 -0.00061
19.56142 -0.00058
19.63243 -0.00091
19.70343 -0.00072
19.77443 -0.00075
19.84544 -0.00088
19.91644 -0.00117
19.98744 -0.00045
20.05845 -0.00089
20.12945 -0.00073
20.20045 -0.00085
20.27146 -0.00074
20.34246 -0.00080
20.41346 -0.00082
20.48447 -0.00081
20.55547 -0.00092
20.62647 -0.00070
20.69748 -0.00121
20.76848 -0.00107
20.83948 -0.00072
20.91049 -0.00077
20.98149 -0.00130
21.05249 -0.00111
21.12350 -0.00062
21.19450 -0.00065
21.26550 -0.00054
