 0.03550      inf
 0.10651      inf
 0.17751      inf
 0.24851      inf
 0.31952      inf
 0.39052      inf
 0.46152      inf
 0.53253      inf
 0.60353      inf
 0.67453      inf
 0.74554      inf
 0.81654      inf
 0.88754      inf
 0.95855      inf
 1.02955      inf
 1.10055      inf
 1.17156      inf
 1.24256      inf
 1.31356      inf
 1.38457      inf
 1.45557      inf
 1.52657      inf
 1.59758      inf
 1.66858      inf
 1.73958      inf
 1.81059      inf
 1.88159      inf
 1.95259      inf
 2.02360      inf
 2.09460      inf
 2.16560      inf
 2.23661      inf
 2.30761      inf
 2.37861      inf
 2.44962      inf
 2.52062      inf
 2.59162      inf
 2.66263      inf
 2.73363      inf
 2.80463      inf
 2.87564      inf
 2.94664  6.99821
 3.01764  4.87295
 3.08865  3.60670
 3.15965  2.48338
 3.23065  1.65351
 3.30166  1.00221
 3.37266  0.53226
 3.44366  0.18911
 3.51467 -0.05038
 3.58567 -0.21664
 3.65667 -0.32130
 3.72768 -0.38817
 3.79868 -0.42586
 3.86968 -0.43522
 3.94069 -0.41610
 4.01169 -0.36194
 4.08269 -0.26897
 4.15370 -0.15633
 4.22470 -0.04902
 4.29570  0.04228
 4.36671  0.09814
 4.43771  0.13887
 4.50871  0.16013
 4.57972  0.16891
 4.65072  0.16860
 4.72172  0.16109
 4.79273  0.15378
 4.86373  0.14123
 4.93473  0.12495
 5.00574  0.10658
 5.07674  0.09327
 5.14774  0.07660
 5.21875  0.05956
 5.28975  0.04693
 5.36075  0.03316
 5.43176  0.01900
 5.50276  0.00834
 5.57376 -0.00251
 5.64477 -0.01219
 5.71577 -0.01912
 5.78677 -0.02569
 5.85778 -0.03239
 5.92878 -0.03594
 5.99978 -0.03992
 6.07079 -0.04076
 6.14179 -0.03885
 6.21279 -0.03742
 6.28380 -0.03334
 6.35480 -0.02965
 6.42580 -0.02233
 6.49681 -0.01430
 6.56781 -0.00685
 6.63881  0.00062
 6.70982  0.00813
 6.78082  0.01437
 6.85182  0.01963
 6.92283  0.02240
 6.99383  0.02637
 7.06483  0.02591
 7.13584  0.02403
 7.20684  0.02264
 7.27784  0.02088
 7.34885  0.01689
 7.41985  0.01200
 7.49085  0.00869
 7.56186  0.00510
 7.63286  0.00138
 7.70386 -0.00061
 7.77487 -0.00207
 7.84587 -0.00588
 7.91687 -0.00588
 7.98788 -0.00840
 8.05888 -0.00834
 8.12988 -0.00912
 8.20089 -0.00865
 8.27189 -0.00859
 8.34289 -0.00874
 8.41390 -0.00693
 8.48490 -0.00709
 8.55590 -0.00534
 8.62691 -0.00324
 8.69791 -0.00251
 8.76891 -0.00149
 8.83992  0.00017
 8.91092  0.00149
 8.98192  0.00310
 9.05293  0.00327
 9.12393  0.00360
 9.19493  0.00480
 9.26594  0.00498
 9.33694  0.00446
 9.40794  0.00438
 9.47895  0.00400
 9.54995  0.00411
 9.62095  0.00355
 9.69196  0.00258
 9.76296  0.00006
 9.83396  0.00016
 9.90497 -0.00130
 9.97597 -0.00259
10.04697 -0.00289
10.11798 -0.00328
10.18898 -0.00319
10.25998 -0.00343
10.33099 -0.00410
10.40199 -0.00419
10.47299 -0.00330
10.54400 -0.00396
10.61500 -0.00369
10.68600 -0.00316
10.75701 -0.00297
10.82801 -0.00195
10.89901 -0.00140
10.97002 -0.00140
11.04102 -0.00097
11.11202 -0.00063
11.18303 -0.00083
11.25403 -0.00031
11.32503 -0.00025
11.39604  0.00039
11.46704  0.00042
11.53804  0.00020
11.60905  0.00070
11.68005  0.00128
11.75105  0.00051
11.82206  0.00013
11.89306 -0.00054
11.96406 -0.00035
12.03507 -0.00104
12.10607 -0.00068
12.17707 -0.00150
12.24808 -0.00141
12.31908 -0.00171
12.39008 -0.00202
12.46109 -0.00160
12.53209 -0.00274
12.60309 -0.00208
12.67410 -0.00123
12.74510 -0.00159
12.81610 -0.00094
12.88711 -0.00130
12.95811 -0.00157
13.02911 -0.00147
13.10012 -0.00133
13.17112 -0.00098
13.24212 -0.00114
13.31313 -0.00156
13.38413 -0.00074
13.45513 -0.00129
13.52614 -0.00087
13.59714 -0.00097
13.66814 -0.00102
13.73915 -0.00136
13.81015 -0.00082
13.88115 -0.00015
13.95216 -0.00134
14.02316 -0.00053
14.09417 -0.00096
14.16517 -0.00108
14.23617 -0.00164
14.30718 -0.00085
14.37818 -0.00139
14.44918 -0.00077
14.52019 -0.00089
14.59119 -0.00121
14.66219 -0.00142
14.73320 -0.00085
14.80420 -0.00060
14.87520 -0.00094
14.94621 -0.00081
15.01721 -0.00085
15.08821 -0.00085
15.15922 -0.00066
15.23022 -0.00116
15.30122 -0.00116
15.37223 -0.00115
15.44323 -0.00074
15.51423 -0.00159
15.58524 -0.00079
15.65624 -0.00108
15.72724 -0.00093
15.79825 -0.00095
15.86925 -0.00062
15.94025 -0.00143
16.01126 -0.00089
16.08226 -0.00124
16.15326 -0.00143
16.22427 -0.00086
16.29527 -0.00094
16.36627 -0.00070
16.43728 -0.00093
16.50828 -0.00029
16.57928 -0.00072
16.65029 -0.00048
16.72129 -0.00077
16.79229 -0.00082
16.86330 -0.00056
16.93430 -0.00080
17.00530 -0.00137
17.07631 -0.00095
17.14731 -0.00104
17.21831 -0.00094
17.28932 -0.00077
17.36032 -0.00061
17.43132 -0.00130
17.50233 -0.00110
17.57333 -0.00082
17.64433 -0.00062
17.71534 -0.00063
17.78634 -0.00117
17.85734 -0.00108
17.92835 -0.00079
17.99935 -0.00052
18.07035 -0.00080
18.14136 -0.00103
18.21236 -0.00103
18.28336 -0.00041
18.35437 -0.00100
18.42537 -0.00058
18.49637 -0.00084
18.56738 -0.00103
18.63838 -0.00062
18.70938 -0.00100
18.78039 -0.00102
18.85139 -0.00091
18.92239 -0.00047
18.99340 -0.00095
19.06440 -0.00114
19.13540 -0.00023
19.20641 -0.00104
19.27741 -0.00106
19.34841 -0.00112
19.41942 -0.00086
19.49042 -0.00077
19.56142 -0.00052
19.63243 -0.00098
19.70343 -0.00055
19.77443 -0.00071
19.84544 -0.00116
19.91644 -0.00078
19.98744 -0.00092
20.05845 -0.00061
20.12945 -0.00117
20.20045 -0.00066
20.27146 -0.00109
20.34246 -0.00071
20.41346 -0.00073
20.48447 -0.00082
20.55547 -0.00119
20.62647 -0.00117
20.69748 -0.00085
20.76848 -0.00077
20.83948 -0.00065
20.91049 -0.00082
20.98149 -0.00070
21.05249 -0.00043
21.12350 -0.00091
21.19450 -0.00037
21.26550 -0.00027
